0.0 session 1
0.0 phrase the children are playing
0.069 start 4.0 1.0
0.069 move 868 852
1.833 click 3.9974093 0.9967742
2.755 click 3.9974093 0.9967742
3.265 click 3.9974093 0.9967742
4.406 enter
5.458 select the 1
7.084 start 4.0 1.0
7.086 move 868 853
7.09 move 868 854
7.1 move 867 855
7.11 move 866 857
7.12 move 865 860
7.13 move 863 862
7.13 move 862 865
7.14 move 860 867
7.15 move 858 869
7.16 move 856 870
7.17 move 854 872
7.17 move 852 873
7.188 move 849 874
7.19 move 847 875
7.2 move 844 877
7.26 move 819 892
7.26 move 815 896
7.27 move 811 898
7.283 move 808 901
7.29 move 805 904
7.29 move 802 907
7.3 move 799 909
7.31 move 797 911
7.32 move 794 913
7.33 move 792 915
7.33 move 790 917
7.34 move 787 919
7.35 move 785 920
7.36 move 783 922
7.37 move 781 923
7.37 move 779 924
7.388 move 777 925
7.391 move 776 926
7.401 move 774 927
7.411 move 773 928
7.411 move 771 928
7.421 move 770 929
7.431 move 769 929
7.441 move 767 929
7.451 move 766 929
7.451 move 765 929
7.461 move 764 929
7.471 move 762 929
7.484 move 761 929
7.49 move 760 929
7.51 move 758 929
7.51 move 757 929
7.52 move 756 929
7.53 move 755 929
7.53 move 753 930
7.55 move 752 930
7.57 move 751 930
8.271 move 750 931
8.283 move 749 934
8.291 move 748 937
8.291 move 747 940
8.301 move 745 943
8.311 move 743 948
8.331 move 740 955
8.341 move 739 958
8.341 move 738 960
8.351 move 737 962
8.361 move 736 964
8.371 move 736 966
8.371 move 735 967
8.391 move 735 968
8.411 move 734 968
8.411 move 734 969
9.084 click 3.3031087 1.7516129
10.142 click 3.3031087 1.7516129
10.883 click 3.3031087 1.7516129
11.814 move 736 969
11.824 move 738 969
11.834 move 742 969
11.843 move 748 969
11.843 move 754 969
11.853 move 759 969
11.864 move 765 969
11.874 move 770 969
11.883 move 774 970
11.891 move 777 971
11.894 move 780 973
11.904 move 783 974
11.914 move 785 975
11.914 move 787 975
11.924 move 789 976
11.934 move 792 977
11.944 move 794 977
11.954 move 796 977
11.954 move 799 978
11.964 move 802 978
11.993 move 812 978
12.004 move 815 978
12.004 move 818 978
12.014 move 820 978
12.024 move 823 978
12.034 move 825 978
12.044 move 828 978
12.044 move 830 978
12.054 move 832 978
12.064 move 835 978
12.074 move 837 978
12.085 move 839 978
12.091 move 842 978
12.094 move 843 978
12.104 move 845 978
12.114 move 846 978
12.114 move 847 978
12.124 move 848 978
12.134 move 849 978
12.144 move 850 978
12.891 click 3.9041452 1.8096774
14.947 click 3.9041452 1.8096774
15.897 click 3.9041452 1.8096774
16.898 move 848 978
16.898 move 845 978
16.908 move 839 978
16.928 move 831 978
16.928 move 822 979
16.938 move 811 980
16.938 move 800 981
16.948 move 789 984
16.958 move 778 988
16.968 move 767 992
16.978 move 758 997
16.978 move 749 1001
16.996 move 742 1005
16.999 move 735 1009
17.009 move 729 1013
17.019 move 723 1016
17.019 move 717 1020
17.029 move 712 1023
17.039 move 706 1026
17.049 move 700 1028
17.059 move 695 1031
17.059 move 690 1032
17.069 move 686 1033
17.079 move 682 1034
17.092 move 679 1034
17.099 move 676 1034
17.099 move 673 1034
17.109 move 670 1034
17.119 move 668 1034
17.129 move 666 1034
17.139 move 664 1034
17.139 move 662 1034
17.149 move 661 1034
17.159 move 659 1034
17.169 move 658 1034
17.179 move 657 1034
17.199 move 656 1034
17.839 click 2.8989637 2.1709678
18.481 move 655 1035
20.253 click 2.8782384 2.183871
21.304 enter
24.438 select children 1
24.438 start 4.0 1.0
24.448 move 868 852
25.378 click 3.9974093 0.9967742
26.53 move 867 852
26.55 move 865 852
26.56 move 862 852
26.57 move 858 852
26.57 move 852 852
26.58 move 846 852
26.59 move 838 852
26.603 move 831 852
26.61 move 822 852
26.61 move 816 852
26.62 move 810 853
26.63 move 804 854
26.64 move 799 855
26.65 move 795 857
26.65 move 792 859
26.66 move 788 860
26.67 move 785 862
26.68 move 782 864
26.69 move 780 865
26.69 move 777 867
26.707 move 774 868
26.71 move 772 869
26.721 move 769 869
26.731 move 767 870
26.741 move 763 870
26.741 move 763 870
26.751 move 761 870
26.761 move 759 870
26.771 move 757 870
26.771 move 756 870
26.781 move 755 870
26.791 move 754 870
26.804 move 753 870
26.81 move 752 870
26.82 move 751 870
26.82 move 750 870
26.83 move 749 870
26.84 move 748 870
26.85 move 747 870
26.85 move 746 870
26.86 move 744 870
26.87 move 742 870
26.88 move 739 870
26.89 move 737 870
26.89 move 734 870
26.907 move 731 870
26.91 move 728 870
26.921 move 725 870
26.931 move 722 870
26.931 move 718 870
26.941 move 715 870
26.951 move 712 870
26.961 move 708 870
26.971 move 705 870
26.971 move 703 870
26.981 move 701 870
26.991 move 699 870
27.003 move 697 870
27.01 move 695 870
27.01 move 694 870
27.031 move 693 871
27.841 move 692 872
29.293 click 3.0751295 1.1451613
30.012 move 690 874
30.014 move 692 870
30.024 move 693 866
30.034 move 695 861
30.034 move 698 856
30.044 move 699 851
30.054 move 701 846
30.064 move 702 843
30.074 move 704 841
30.074 move 705 839
30.094 move 705 838
30.107 move 706 838
30.174 move 706 837
30.184 move 707 835
30.194 move 708 833
30.194 move 708 830
30.212 move 709 828
30.215 move 710 824
30.225 move 711 822
30.235 move 711 819
30.235 move 712 816
30.245 move 712 814
30.255 move 712 812
30.265 move 713 810
30.275 move 713 808
30.275 move 714 807
30.285 move 714 805
30.295 move 715 805
30.307 move 715 804
30.314 move 715 803
30.334 move 716 803
30.955 move 716 802
30.965 move 716 801
30.975 move 717 799
30.985 move 718 797
30.995 move 718 794
30.995 move 719 790
31.011 move 720 787
31.015 move 722 783
31.026 move 723 779
31.036 move 724 775
31.036 move 725 772
31.046 move 726 769
31.056 move 727 766
31.066 move 727 764
31.076 move 728 762
31.076 move 728 761
31.086 move 729 759
31.096 move 729 758
31.108 move 729 757
31.115 move 730 756
31.116 move 730 755
31.126 move 730 754
31.136 move 731 754
31.146 move 731 753
32.137 click 3.2875648 0.35806453
33.548 move 735 759
33.558 move 734 759
33.568 move 734 758
36.492 enter
37.634 left
38.775 right
39.777 select are 1
39.777 start 4.0 1.0
39.786 move 868 852
40.988 move 869 852
40.988 move 870 852
40.998 move 872 852
41.008 move 874 852
41.019 move 876 852
41.027 move 879 852
41.028 move 882 852
41.038 move 884 852
41.048 move 887 852
41.058 move 890 852
41.058 move 893 852
41.068 move 896 853
41.078 move 899 855
41.088 move 903 856
41.098 move 906 858
41.098 move 910 861
41.108 move 914 864
41.123 move 919 866
41.128 move 925 868
41.138 move 930 871
41.138 move 935 873
41.148 move 941 875
41.158 move 947 876
41.168 move 953 877
41.178 move 958 877
41.178 move 963 877
41.188 move 968 878
41.198 move 973 878
41.208 move 978 878
41.22 move 982 878
41.227 move 986 878
41.229 move 990 878
41.239 move 994 878
41.249 move 998 878
41.259 move 1002 878
41.259 move 1006 878
41.269 move 1009 878
41.279 move 1013 878
41.289 move 1016 878
41.299 move 1019 878
41.299 move 1022 878
41.309 move 1025 878
41.323 move 1027 878
41.328 move 1030 878
41.339 move 1032 878
41.339 move 1034 878
41.349 move 1036 878
41.359 move 1038 878
41.369 move 1040 878
41.379 move 1042 878
41.379 move 1044 878
41.389 move 1046 878
41.399 move 1049 878
41.409 move 1051 878
41.42 move 1054 878
41.427 move 1056 878
41.429 move 1058 878
41.439 move 1061 878
41.449 move 1062 878
41.459 move 1064 878
41.459 move 1065 878
41.469 move 1066 878
41.479 move 1067 878
42.97 click 5.028497 1.1645161
43.841 move 1068 878
43.851 move 1069 878
43.851 move 1071 878
43.861 move 1074 878
43.871 move 1078 878
43.881 move 1084 878
43.891 move 1089 878
43.891 move 1096 878
43.901 move 1102 878
43.911 move 1107 878
43.923 move 1112 878
43.931 move 1126 878
43.932 move 1129 878
43.942 move 1133 878
43.952 move 1136 878
43.962 move 1138 878
43.962 move 1141 878
43.972 move 1143 879
43.982 move 1146 879
43.992 move 1149 880
44.002 move 1152 880
44.002 move 1155 881
44.012 move 1159 881
44.027 move 1163 882
44.032 move 1169 882
44.042 move 1174 882
44.042 move 1179 883
44.052 move 1183 883
44.062 move 1188 883
44.072 move 1192 883
44.082 move 1196 883
44.082 move 1200 883
44.092 move 1203 883
44.102 move 1206 883
44.112 move 1210 883
44.123 move 1212 883
44.132 move 1215 883
44.133 move 1217 883
44.143 move 1219 883
44.153 move 1221 883
44.163 move 1222 883
44.163 move 1223 883
44.173 move 1224 883
44.193 move 1225 883
45.083 click 5.8471503 1.1967742
46.395 click 5.8471503 1.1967742
47.366 move 1226 883
47.376 move 1226 881
47.386 move 1227 879
47.386 move 1229 874
47.396 move 1231 868
47.406 move 1233 861
47.416 move 1235 854
47.427 move 1237 847
47.435 move 1239 840
47.437 move 1240 836
47.447 move 1241 832
47.457 move 1242 830
47.467 move 1242 828
47.467 move 1243 827
47.477 move 1243 825
47.487 move 1244 825
47.497 move 1244 823
47.507 move 1245 822
47.507 move 1245 821
47.517 move 1246 819
47.531 move 1247 817
47.536 move 1247 815
47.547 move 1248 813
47.547 move 1249 811
47.557 move 1250 809
47.567 move 1251 807
47.577 move 1251 805
47.587 move 1252 804
47.587 move 1253 802
47.597 move 1253 801
47.617 move 1254 800
47.627 move 1254 799
48.167 move 1255 798
48.177 move 1255 796
48.187 move 1255 794
48.187 move 1256 791
48.197 move 1257 788
48.207 move 1257 784
48.217 move 1258 780
48.228 move 1259 775
48.235 move 1259 771
48.237 move 1260 767
48.248 move 1260 764
48.258 move 1260 761
48.267 move 1261 759
48.267 move 1261 757
48.278 move 1261 755
48.288 move 1261 753
48.298 move 1261 750
48.307 move 1262 748
48.307 move 1262 745
48.318 move 1262 741
48.331 move 1262 738
48.337 move 1262 735
48.347 move 1262 732
48.347 move 1262 729
48.357 move 1262 727
48.367 move 1262 726
48.377 move 1262 724
48.387 move 1262 723
48.387 move 1262 722
49.279 click 6.0388603 0.15806454
50.32 click 6.0388603 0.15806454
51.341 move 1261 725
51.351 move 1260 727
51.361 move 1259 731
51.371 move 1258 735
51.371 move 1256 740
51.381 move 1255 746
51.391 move 1253 753
51.401 move 1252 759
51.411 move 1251 766
51.411 move 1250 773
51.421 move 1248 780
51.436 move 1248 786
51.441 move 1247 791
51.452 move 1246 795
51.452 move 1245 798
51.462 move 1245 801
51.472 move 1244 803
51.482 move 1244 804
51.492 move 1243 806
51.492 move 1243 807
51.512 move 1242 808
51.522 move 1242 809
51.54 move 1242 810
51.542 move 1241 810
51.552 move 1241 811
51.562 move 1241 812
51.562 move 1241 813
51.572 move 1240 813
51.582 move 1240 814
51.592 move 1239 816
51.602 move 1239 817
51.602 move 1239 818
51.612 move 1238 818
51.622 move 1238 819
51.635 move 1238 820
51.641 move 1237 821
51.652 move 1237 822
52.413 click 5.9093266 0.80322576
53.354 click 5.9093266 0.80322576
54.54 enter
56.529 select playing 1
56.529 start 4.0 1.0
56.54 move 868 852
60.172 phrase an occasional taste of chocolate
62.555 start 4.0 1.0
62.557 click 3.9974093 0.9967742
63.452 move 868 853
63.458 move 868 854
63.458 move 866 857
63.468 move 865 861
63.478 move 862 868
63.488 move 860 874
63.498 move 857 883
63.508 move 854 892
63.508 move 852 902
63.518 move 848 911
63.528 move 846 920
63.538 move 843 929
63.548 move 840 937
63.556 move 839 943
63.558 move 836 948
63.568 move 835 952
63.578 move 833 954
63.578 move 832 956
63.588 move 831 958
63.598 move 830 959
63.608 move 829 959
63.618 move 828 960
63.618 move 827 960
63.638 move 826 960
64.428 click 3.7797928 1.6935484
65.538 enter
66.7 select an 1
66.709 start 4.0 1.0
66.709 move 868 852
67.29 move 871 852
67.29 move 875 852
67.3 move 881 852
67.31 move 890 852
67.32 move 900 852
67.33 move 911 852
67.33 move 921 852
67.34 move 931 852
67.355 move 939 852
67.359 move 945 852
67.37 move 950 852
67.37 move 954 852
67.38 move 957 852
67.39 move 960 852
67.4 move 963 852
67.41 move 965 852
67.41 move 968 852
67.42 move 971 852
67.43 move 974 852
67.44 move 977 852
67.452 move 982 852
67.459 move 987 852
67.46 move 992 852
67.47 move 998 852
67.48 move 1004 852
67.49 move 1010 852
67.49 move 1016 852
67.5 move 1022 852
67.51 move 1027 852
67.52 move 1032 852
67.53 move 1036 851
67.53 move 1039 851
67.54 move 1043 851
67.555 move 1045 851
67.56 move 1048 851
67.57 move 1050 851
67.57 move 1052 851
67.58 move 1053 851
67.59 move 1055 851
67.61 move 1056 851
68.581 click 4.971503 0.9903226
69.742 move 1054 851
69.755 move 1050 852
69.762 move 1045 855
69.762 move 1037 859
69.772 move 1029 863
69.782 move 1020 868
69.792 move 1011 872
69.802 move 1002 877
69.802 move 994 881
69.812 move 986 886
69.822 move 979 890
69.832 move 972 895
69.842 move 966 899
69.842 move 961 904
69.859 move 954 908
69.862 move 948 912
69.872 move 941 917
69.882 move 935 921
69.882 move 928 926
69.892 move 920 931
69.902 move 912 936
69.912 move 903 940
69.922 move 895 944
69.922 move 887 948
69.932 move 879 951
69.942 move 872 953
69.955 move 866 955
69.962 move 860 956
69.962 move 854 957
69.972 move 849 958
69.982 move 845 959
69.992 move 840 959
70.002 move 836 960
70.002 move 832 960
70.012 move 828 961
70.022 move 824 963
70.032 move 819 964
70.042 move 814 965
70.042 move 809 966
70.06 move 803 968
70.062 move 798 970
70.073 move 793 971
70.083 move 788 973
70.083 move 782 974
70.092 move 776 976
70.103 move 771 977
70.112 move 766 977
70.122 move 761 978
70.122 move 756 978
70.133 move 753 979
70.143 move 749 979
70.155 move 746 979
70.162 move 743 979
70.162 move 741 979
70.172 move 738 979
70.182 move 736 979
70.192 move 734 979
70.202 move 732 979
70.202 move 731 979
70.212 move 730 979
70.222 move 729 979
70.903 click 3.2772021 1.816129
71.634 click 3.2772021 1.816129
72.546 move 728 979
72.546 move 727 979
72.563 move 724 979
72.566 move 720 979
72.576 move 716 979
72.586 move 709 979
72.586 move 702 979
72.596 move 694 979
72.606 move 686 979
72.616 move 678 979
72.626 move 670 980
72.626 move 663 980
72.636 move 657 980
72.646 move 651 981
72.659 move 644 983
72.666 move 638 984
72.666 move 632 986
72.676 move 626 988
72.686 move 618 989
72.696 move 611 990
72.706 move 603 991
72.706 move 595 993
72.716 move 587 993
72.726 move 579 994
72.736 move 571 994
72.746 move 562 995
72.746 move 554 995
72.764 move 547 995
72.767 move 540 995
72.777 move 533 995
72.787 move 528 995
72.787 move 521 996
72.797 move 516 996
72.807 move 513 996
72.817 move 509 996
72.827 move 506 996
72.827 move 503 996
72.837 move 500 996
72.847 move 497 996
72.859 move 495 996
72.867 move 493 996
72.867 move 491 996
72.877 move 490 996
72.887 move 488 996
72.897 move 487 996
72.917 move 486 996
74.037 click 2.0181348 1.9258065
74.729 click 2.0181348 1.9258065
75.389 click 2.0181348 1.9258065
76.13 click 2.0181348 1.9258065
77.02 click 2.0181348 1.9258065
77.763 click 2.0181348 1.9258065
78.451 click 2.0181348 1.9258065
79.623 enter
80.585 left
81.586 right
82.475 select occasional 1
82.478 start 4.0 1.0
82.478 move 868 852
83.539 click 3.9974093 0.9967742
84.62 move 869 852
84.64 move 870 852
84.65 move 871 852
84.66 move 872 852
84.675 move 873 852
84.71 move 871 853
84.72 move 869 854
84.73 move 865 855
84.73 move 860 857
84.74 move 853 858
84.75 move 845 860
84.76 move 837 861
84.771 move 829 861
84.779 move 821 862
84.78 move 814 862
84.79 move 806 863
84.8 move 800 863
84.81 move 794 863
84.81 move 789 863
84.82 move 784 863
84.83 move 780 863
84.84 move 776 863
84.85 move 773 863
84.85 move 770 863
84.86 move 767 863
84.875 move 764 863
84.88 move 762 863
84.89 move 760 863
84.89 move 757 863
84.9 move 756 863
84.91 move 754 863
84.92 move 753 863
84.93 move 752 863
84.94 move 751 863
85.81 click 3.3911917 1.067742
86.581 click 3.3911917 1.067742
87.503 move 751 862
87.513 move 751 859
87.523 move 752 856
87.523 move 754 851
87.533 move 755 845
87.543 move 756 838
87.553 move 756 833
87.563 move 757 827
87.563 move 757 821
87.579 move 757 817
87.583 move 757 814
87.593 move 757 811
87.603 move 757 808
87.603 move 757 805
87.613 move 757 803
87.623 move 757 800
87.633 move 757 797
87.643 move 757 793
87.643 move 756 787
87.653 move 756 781
87.663 move 756 774
87.676 move 755 768
87.683 move 754 762
87.684 move 753 758
87.694 move 753 754
87.704 move 752 751
87.714 move 751 749
87.714 move 751 747
87.724 move 750 746
87.734 move 750 745
87.744 move 749 744
88.615 click 3.380829 0.3
89.455 click 3.380829 0.3
91.018 enter
91.529 left
92.69 select taste 2
92.69 start 4.0 1.0
92.69 move 868 852
93.411 move 870 852
93.421 move 874 852
93.431 move 878 852
93.441 move 886 852
93.451 move 896 852
93.451 move 906 852
93.461 move 917 851
93.471 move 929 850
93.483 move 940 848
93.491 move 950 846
93.491 move 959 843
93.501 move 967 841
93.511 move 972 840
93.521 move 976 839
93.531 move 979 838
93.531 move 982 837
93.541 move 985 837
93.551 move 988 837
93.561 move 990 837
93.571 move 993 837
93.571 move 997 837
93.587 move 1000 836
93.591 move 1004 836
93.601 move 1008 836
93.611 move 1012 836
93.611 move 1016 836
93.621 move 1020 836
93.631 move 1023 836
93.641 move 1026 836
93.651 move 1029 836
93.651 move 1031 836
93.661 move 1034 836
93.671 move 1036 836
93.683 move 1038 836
93.691 move 1040 836
93.691 move 1042 836
93.701 move 1043 836
93.711 move 1044 836
93.731 move 1045 836
94.513 click 4.914508 0.89354837
95.152 click 4.914508 0.89354837
96.252 enter
97.393 select of 1
97.404 start 4.0 1.0
97.404 move 868 852
98.435 move 867 852
98.435 move 864 852
98.445 move 860 852
98.455 move 855 853
98.465 move 848 856
98.475 move 840 859
98.475 move 832 863
98.491 move 825 867
98.495 move 817 872
98.505 move 809 877
98.515 move 803 882
98.515 move 797 886
98.525 move 792 890
98.535 move 787 896
98.545 move 782 901
98.555 move 778 906
98.555 move 773 911
98.565 move 769 916
98.575 move 765 921
98.59 move 761 926
98.595 move 757 931
98.595 move 753 935
98.606 move 750 939
98.616 move 747 942
98.626 move 745 945
98.626 move 742 947
98.636 move 740 950
98.646 move 738 952
98.656 move 736 954
98.666 move 735 955
98.666 move 734 957
98.676 move 733 957
98.691 move 732 958
98.695 move 731 958
98.715 move 730 959
98.715 move 729 959
98.736 move 729 960
98.746 move 728 961
98.756 move 727 961
98.756 move 725 962
98.766 move 724 963
98.776 move 722 964
98.787 move 720 966
98.796 move 719 967
98.796 move 717 969
98.806 move 715 969
98.816 move 714 970
98.826 move 713 971
98.826 move 712 971
99.527 click 3.189119 1.7645161
100.291 click 3.189119 1.7645161
101.509 click 3.189119 1.7645161
103.171 click 3.189119 1.7645161
103.872 move 713 971
103.882 move 716 969
103.882 move 721 967
103.899 move 727 964
103.903 move 733 961
103.913 move 740 958
103.923 move 747 955
103.923 move 753 953
103.933 move 758 951
103.943 move 762 950
103.953 move 765 950
103.963 move 768 950
103.963 move 770 950
103.973 move 772 950
103.983 move 774 950
103.995 move 776 950
104.003 move 778 950
104.003 move 781 950
104.013 move 783 950
104.023 move 786 949
104.033 move 789 949
104.043 move 793 948
104.043 move 798 947
104.053 move 802 946
104.063 move 807 944
104.073 move 811 943
104.083 move 815 942
104.083 move 819 941
104.099 move 822 940
104.103 move 825 939
104.113 move 828 938
104.123 move 831 937
104.123 move 833 937
104.133 move 836 937
104.143 move 837 937
104.153 move 839 937
104.163 move 840 937
104.163 move 841 937
104.173 move 842 937
104.195 move 843 937
104.854 click 3.8678756 1.5451612
105.716 click 3.8678756 1.5451612
106.603 click 3.8678756 1.5451612
107.338 click 3.8678756 1.5451612
108.02 click 3.8678756 1.5451612
109.203 enter
111.083 select chocolate 1
111.083 start 4.0 1.0
111.083 move 868 852
112.015 phrase please provide your date of birth
113.447 start 4.0 1.0
113.447 move 870 852
113.457 move 873 852
113.467 move 876 852
113.467 move 879 852
113.477 move 883 852
113.487 move 887 852
113.497 move 892 852
113.508 move 897 853
113.516 move 901 854
113.518 move 906 856
113.528 move 911 858
113.538 move 915 859
113.538 move 919 860
113.548 move 923 860
113.558 move 927 861
113.568 move 930 861
113.578 move 934 861
113.578 move 937 861
113.588 move 940 861
113.598 move 943 861
113.611 move 946 861
113.617 move 949 861
113.627 move 952 861
113.627 move 954 861
113.637 move 957 861
113.647 move 959 861
113.657 move 962 861
113.667 move 964 861
113.667 move 965 861
113.677 move 967 861
113.687 move 968 861
113.697 move 971 861
113.707 move 972 861
113.715 move 973 861
114.811 click 4.541451 1.0548387
115.659 move 974 861
115.669 move 975 861
115.679 move 977 861
115.689 move 980 861
115.699 move 984 861
115.699 move 990 861
115.715 move 997 861
115.719 move 1003 861
115.729 move 1010 861
115.739 move 1016 861
115.739 move 1022 860
115.749 move 1027 860
115.759 move 1033 859
115.769 move 1037 858
115.779 move 1041 857
115.779 move 1044 857
115.789 move 1048 856
115.799 move 1052 855
115.811 move 1055 854
115.819 move 1058 853
115.819 move 1062 852
115.829 move 1066 851
115.839 move 1069 849
115.849 move 1073 848
115.859 move 1078 847
115.859 move 1083 846
115.869 move 1088 844
115.879 move 1094 842
115.889 move 1100 840
115.899 move 1106 838
115.899 move 1112 837
115.915 move 1118 835
115.919 move 1124 834
115.929 move 1130 832
115.939 move 1136 830
115.939 move 1141 828
115.949 move 1148 826
115.959 move 1153 825
115.969 move 1159 823
115.979 move 1164 821
115.979 move 1170 819
115.989 move 1175 818
115.999 move 1181 816
116.011 move 1186 815
116.019 move 1191 813
116.019 move 1197 812
116.029 move 1202 810
116.039 move 1206 809
116.049 move 1210 808
116.059 move 1214 808
116.059 move 1217 808
116.069 move 1221 807
116.079 move 1224 807
116.089 move 1226 807
116.099 move 1229 807
116.099 move 1231 807
116.115 move 1234 807
116.119 move 1236 807
116.13 move 1239 807
116.139 move 1241 807
116.139 move 1243 807
116.15 move 1244 807
116.16 move 1246 807
116.17 move 1247 807
116.18 move 1248 807
116.959 click 5.9663215 0.70645165
117.62 move 1249 807
117.63 move 1251 806
117.64 move 1254 804
117.65 move 1258 802
117.65 move 1264 799
117.66 move 1270 796
117.67 move 1275 792
117.68 move 1280 788
117.69 move 1283 786
117.69 move 1285 784
117.7 move 1286 782
117.715 move 1286 781
117.721 move 1286 780
117.731 move 1286 779
117.741 move 1286 778
117.751 move 1285 777
117.761 move 1284 776
117.771 move 1283 775
117.771 move 1281 773
117.781 move 1279 771
117.791 move 1276 769
117.801 move 1273 767
117.812 move 1270 765
117.819 move 1266 763
117.821 move 1262 761
117.831 move 1258 759
117.841 move 1255 758
117.851 move 1252 756
117.851 move 1249 755
117.861 move 1246 754
117.871 move 1243 753
117.881 move 1240 752
117.891 move 1237 751
117.891 move 1234 749
117.901 move 1231 748
117.915 move 1228 747
117.92 move 1225 746
117.931 move 1222 745
117.931 move 1219 744
117.94 move 1216 743
117.95 move 1212 741
117.961 move 1208 740
117.971 move 1204 737
117.971 move 1201 735
117.98 move 1198 733
117.99 move 1194 731
118.001 move 1192 730
118.012 move 1189 728
118.02 move 1186 727
118.021 move 1184 727
118.031 move 1183 726
118.041 move 1181 726
118.051 move 1180 726
118.051 move 1178 726
118.061 move 1177 726
118.071 move 1176 726
118.081 move 1175 726
118.091 move 1174 726
118.091 move 1173 727
118.101 move 1172 727
119.433 move 1171 727
119.443 move 1170 727
119.453 move 1167 727
119.463 move 1163 727
119.473 move 1156 728
119.483 move 1149 728
119.483 move 1140 728
119.493 move 1131 728
119.503 move 1122 728
119.515 move 1114 728
119.522 move 1107 728
119.522 move 1101 728
119.532 move 1096 728
119.542 move 1092 728
119.553 move 1089 728
119.563 move 1085 728
119.563 move 1082 728
119.572 move 1080 728
119.582 move 1077 728
119.593 move 1075 728
119.602 move 1072 728
119.602 move 1070 727
119.619 move 1068 727
119.623 move 1065 726
119.633 move 1063 726
119.643 move 1061 726
119.643 move 1059 725
119.653 move 1057 725
119.663 move 1056 725
119.673 move 1054 725
119.683 move 1053 725
119.683 move 1052 725
119.693 move 1051 725
120.563 click 4.9455957 0.17741936
121.455 move 1051 726
121.464 move 1050 728
121.475 move 1049 731
121.475 move 1048 734
121.484 move 1046 740
121.494 move 1045 747
121.504 move 1044 755
121.515 move 1043 762
121.523 move 1043 769
121.525 move 1042 776
121.535 move 1042 782
121.545 move 1042 787
121.555 move 1041 791
121.555 move 1041 795
121.565 move 1040 798
121.575 move 1039 801
121.585 move 1038 803
121.595 move 1037 805
121.595 move 1036 807
121.605 move 1036 808
121.619 move 1035 809
121.625 move 1035 811
121.635 move 1034 812
121.635 move 1033 813
121.645 move 1032 814
121.655 move 1032 816
121.665 move 1031 817
121.675 move 1030 818
121.675 move 1030 819
121.685 move 1029 820
121.695 move 1028 821
121.705 move 1027 822
121.716 move 1026 822
121.723 move 1025 823
121.735 move 1024 824
122.486 click 4.8056993 0.8161291
123.346 click 4.8056993 0.8161291
124.346 move 1023 822
124.356 move 1023 820
124.366 move 1022 816
124.376 move 1021 811
124.386 move 1021 807
124.386 move 1020 802
124.396 move 1019 799
124.406 move 1019 796
124.42 move 1019 793
124.426 move 1019 791
124.426 move 1019 789
124.436 move 1019 786
124.446 move 1018 784
124.457 move 1018 781
124.467 move 1018 779
124.467 move 1018 776
124.476 move 1017 774
124.486 move 1017 771
124.497 move 1017 767
124.507 move 1016 764
124.507 move 1016 758
124.524 move 1016 753
124.527 move 1015 746
124.537 move 1015 741
124.547 move 1014 735
124.547 move 1014 731
124.557 move 1013 727
124.567 move 1013 724
124.577 move 1013 722
124.587 move 1012 720
124.587 move 1012 719
124.607 move 1012 718
124.697 move 1011 718
124.737 move 1010 718
124.747 move 1009 718
124.767 move 1008 718
124.777 move 1007 718
124.787 move 1006 718
125.538 click 4.7124352 0.13225806
126.989 enter
128.28 select please 1
128.28 start 4.0 1.0
128.29 move 868 852
129.372 move 871 852
129.382 move 875 852
129.392 move 881 852
129.402 move 889 852
129.402 move 897 852
129.412 move 906 852
129.427 move 916 852
129.432 move 924 852
129.443 move 930 852
129.443 move 936 852
129.453 move 940 852
129.463 move 944 852
129.473 move 947 852
129.483 move 950 852
129.483 move 953 852
129.493 move 956 852
129.503 move 959 852
129.513 move 962 852
129.523 move 966 852
129.531 move 969 852
129.533 move 973 852
129.543 move 976 852
129.553 move 980 852
129.563 move 984 852
129.563 move 989 852
129.573 move 994 852
129.583 move 998 852
129.593 move 1003 852
129.603 move 1007 851
129.603 move 1011 850
129.613 move 1015 849
129.627 move 1018 848
129.633 move 1021 847
129.643 move 1023 847
129.643 move 1026 846
129.653 move 1027 846
129.663 move 1028 846
129.683 move 1029 846
130.695 click 4.8316064 0.95806456
131.556 move 1029 845
131.566 move 1030 844
131.576 move 1031 841
131.586 move 1032 837
131.586 move 1034 833
131.596 move 1035 829
131.606 move 1037 826
131.616 move 1037 823
131.627 move 1038 822
131.635 move 1038 820
131.636 move 1038 819
131.656 move 1038 818
131.666 move 1038 817
131.666 move 1038 816
131.676 move 1039 815
131.686 move 1039 813
131.696 move 1039 811
131.706 move 1039 809
131.706 move 1039 807
131.716 move 1039 804
131.731 move 1039 800
131.736 move 1039 797
131.746 move 1040 793
131.746 move 1040 790
131.756 move 1040 787
131.766 move 1040 785
131.776 move 1040 783
131.786 move 1040 780
131.786 move 1040 778
131.796 move 1040 776
131.806 move 1039 773
131.816 move 1039 771
131.827 move 1039 769
131.836 move 1038 766
131.837 move 1038 763
131.847 move 1038 761
131.857 move 1037 758
131.867 move 1037 755
131.867 move 1036 753
131.877 move 1036 750
131.887 move 1035 748
131.897 move 1035 745
131.907 move 1034 743
131.907 move 1034 741
131.917 move 1033 739
131.931 move 1033 738
131.936 move 1032 737
131.946 move 1032 736
131.996 move 1031 736
132.036 move 1030 736
132.767 click 4.8367877 0.2483871
133.777 click 4.8367877 0.2483871
134.738 click 4.8367877 0.2483871
135.579 click 4.8367877 0.2483871
136.299 click 4.8367877 0.2483871
137.05 click 4.8367877 0.2483871
138.192 enter
139.523 select provide 1
139.537 start 4.0 1.0
139.541 move 868 852
140.436 move 869 852
140.443 move 872 851
140.444 move 877 850
140.454 move 883 847
140.464 move 892 844
140.474 move 900 840
140.474 move 909 836
140.484 move 917 832
140.494 move 924 829
140.504 move 931 826
140.514 move 937 824
140.514 move 942 822
140.524 move 946 820
140.539 move 950 819
140.544 move 954 818
140.554 move 957 817
140.554 move 961 817
140.564 move 964 816
140.574 move 968 815
140.584 move 972 814
140.594 move 977 813
140.594 move 981 811
140.604 move 985 810
140.614 move 989 809
140.624 move 993 807
140.635 move 997 806
140.643 move 1001 805
140.644 move 1005 803
140.654 move 1010 802
140.665 move 1015 800
140.675 move 1019 798
140.675 move 1024 797
140.684 move 1029 796
140.694 move 1034 795
140.705 move 1038 794
140.715 move 1042 794
140.715 move 1045 794
140.724 move 1048 794
140.74 move 1050 794
140.744 move 1052 794
140.755 move 1054 794
140.755 move 1056 794
140.764 move 1057 794
140.774 move 1059 794
140.795 move 1060 794
141.486 click 4.992228 0.62258065
142.155 move 1061 794
142.165 move 1063 794
142.175 move 1066 793
142.185 move 1071 792
142.195 move 1079 789
142.195 move 1088 786
142.205 move 1098 782
142.215 move 1108 779
142.225 move 1117 775
142.235 move 1125 772
142.243 move 1132 769
142.246 move 1138 767
142.256 move 1143 765
142.266 move 1146 764
142.266 move 1149 763
142.276 move 1151 762
142.286 move 1154 761
142.296 move 1157 760
142.306 move 1159 759
142.306 move 1163 757
142.316 move 1167 755
142.326 move 1172 753
142.339 move 1177 751
142.345 move 1183 747
142.345 move 1189 745
142.356 move 1195 742
142.366 move 1201 739
142.376 move 1207 737
142.386 move 1212 735
142.386 move 1216 734
142.396 move 1219 733
142.406 move 1222 733
142.416 move 1224 732
142.426 move 1226 732
142.426 move 1228 732
142.443 move 1230 732
142.446 move 1231 732
142.456 move 1232 732
142.466 move 1233 732
142.476 move 1234 732
143.216 click 5.8937826 0.22258067
143.906 click 5.8937826 0.22258067
144.586 click 5.8937826 0.22258067
146.358 enter
147.429 left
148.881 right
149.862 select your 1
149.872 start 4.0 1.0
149.872 move 868 852
150.923 click 3.9974093 0.9967742
151.803 move 867 852
151.823 move 866 853
151.833 move 864 853
151.843 move 860 853
151.851 move 855 854
151.854 move 846 854
151.864 move 837 856
151.874 move 828 858
151.874 move 818 860
151.884 move 808 862
151.894 move 798 864
151.904 move 790 866
151.914 move 782 868
151.914 move 762 872
151.924 move 755 873
151.934 move 749 873
151.947 move 744 874
151.954 move 740 874
151.954 move 736 874
151.964 move 732 874
151.974 move 728 874
151.984 move 725 874
151.994 move 721 874
151.994 move 718 874
152.004 move 714 874
152.014 move 712 874
152.024 move 709 875
152.034 move 707 875
152.034 move 706 875
152.051 move 704 875
152.054 move 703 875
152.074 move 702 875
152.674 click 3.1373057 1.1451613
153.355 move 704 875
153.355 move 707 875
153.365 move 712 875
153.375 move 719 875
153.385 move 729 874
153.395 move 740 872
153.395 move 751 871
153.405 move 763 869
153.415 move 773 868
153.425 move 785 865
153.425 move 793 863
153.435 move 801 861
153.451 move 807 859
153.455 move 812 858
153.465 move 816 856
153.475 move 820 855
153.475 move 823 854
153.485 move 826 853
153.495 move 829 852
153.505 move 831 852
153.515 move 834 851
153.515 move 836 851
153.525 move 838 850
153.535 move 841 850
153.547 move 843 849
153.555 move 844 848
153.555 move 846 848
153.565 move 848 847
153.575 move 849 847
153.585 move 850 847
153.595 move 851 847
154.355 click 3.9093266 0.96451616
155.407 move 851 845
155.417 move 851 843
155.427 move 851 839
155.427 move 851 834
155.437 move 851 827
155.451 move 851 818
155.457 move 851 809
155.467 move 851 800
155.467 move 851 792
155.477 move 851 786
155.487 move 851 781
155.497 move 851 778
155.507 move 851 775
155.507 move 851 773
155.517 move 850 771
155.527 move 850 769
155.537 move 850 767
155.547 move 850 765
155.555 move 850 763
155.558 move 850 761
155.568 move 849 758
155.578 move 849 756
155.578 move 848 754
155.588 move 847 752
155.598 move 846 749
155.608 move 845 746
155.618 move 844 743
155.618 move 843 740
155.628 move 842 737
155.638 move 842 735
155.651 move 840 733
155.658 move 840 732
155.668 move 840 731
155.678 move 839 731
156.417 click 3.8471503 0.216129
157.769 enter
158.379 left
159.411 select date 2
159.411 start 4.0 1.0
159.411 move 868 852
160.222 move 869 852
160.232 move 873 851
160.242 move 881 848
160.242 move 891 844
160.259 move 902 840
160.262 move 914 836
160.272 move 927 832
160.282 move 938 828
160.282 move 949 825
160.292 move 959 822
160.302 move 968 820
160.312 move 975 818
160.322 move 981 816
160.322 move 987 815
160.332 move 991 814
160.342 move 995 813
160.355 move 999 813
160.362 move 1003 812
160.362 move 1006 811
160.372 move 1009 811
160.382 move 1011 811
160.392 move 1014 811
160.402 move 1016 811
160.402 move 1018 811
160.412 move 1019 811
160.422 move 1020 811
160.432 move 1021 811
160.442 move 1022 811
160.459 move 1023 811
161.355 click 4.800518 0.7322581
162.075 click 4.800518 0.7322581
163.136 enter
164.329 select of 1
164.329 start 4.0 1.0
164.329 move 868 852
165.34 move 868 853
165.35 move 868 856
165.363 move 868 860
165.37 move 868 867
165.37 move 868 875
165.38 move 868 885
165.39 move 867 896
165.4 move 867 907
165.41 move 866 920
165.41 move 865 932
165.42 move 864 943
165.43 move 863 954
165.44 move 862 962
165.45 move 861 969
165.45 move 860 973
165.467 move 858 977
165.47 move 858 980
165.48 move 857 982
165.49 move 856 984
165.49 move 856 985
165.5 move 855 986
165.52 move 855 987
166.31 click 3.9300518 1.8677418
167.151 click 3.9300518 1.8677418
168.702 move 854 987
168.722 move 852 987
168.722 move 849 987
168.732 move 844 987
168.742 move 838 987
168.752 move 829 987
168.763 move 820 987
168.771 move 810 987
168.772 move 800 987
168.782 move 792 987
168.792 move 783 987
168.802 move 777 987
168.802 move 771 987
168.812 move 764 987
168.822 move 759 987
168.832 move 754 988
168.842 move 750 988
168.842 move 746 988
168.852 move 743 988
168.868 move 740 988
168.872 move 737 988
168.882 move 734 988
168.882 move 732 988
168.892 move 730 988
168.902 move 728 988
168.912 move 726 988
168.922 move 724 988
168.922 move 723 988
168.932 move 722 988
168.942 move 721 988
168.963 move 720 988
169.642 click 3.2305698 1.8741934
170.323 move 722 988
170.323 move 725 988
170.333 move 730 986
170.343 move 738 983
170.353 move 747 980
170.363 move 757 976
170.372 move 767 973
170.373 move 776 970
170.383 move 783 967
170.393 move 789 966
170.403 move 793 965
170.403 move 796 964
170.413 move 799 964
170.423 move 800 964
170.433 move 802 964
170.443 move 803 964
170.467 move 804 964
171.654 click 3.665803 1.7193549
172.576 click 3.665803 1.7193549
174.087 enter
174.808 left
175.93 select birth 2
175.94 start 4.0 1.0
175.94 move 868 852
177.162 phrase the winner of the race
180.179 start 4.0 1.0
180.183 click 3.9974093 0.9967742
180.606 click 3.9974093 0.9967742
181.187 click 3.9974093 0.9967742
182.199 enter
183.391 select the 1
184.372 start 4.0 1.0
184.383 click 3.9974093 0.9967742
185.292 click 3.9974093 0.9967742
185.914 move 867 852
185.924 move 867 854
185.934 move 866 858
185.944 move 864 864
185.954 move 863 872
185.954 move 860 881
185.964 move 858 892
185.974 move 855 903
185.987 move 853 913
185.994 move 850 924
185.994 move 847 934
186.004 move 844 942
186.014 move 842 950
186.024 move 839 956
186.034 move 837 962
186.034 move 834 969
186.044 move 832 974
186.054 move 830 979
186.064 move 828 984
186.074 move 827 988
186.074 move 825 993
186.091 move 824 996
186.094 move 823 999
186.104 move 821 1002
186.114 move 821 1005
186.114 move 820 1007
186.124 move 819 1009
186.134 move 818 1011
186.144 move 817 1013
186.154 move 816 1015
186.154 move 816 1016
186.164 move 816 1017
186.174 move 815 1018
186.194 move 815 1019
186.804 click 3.7227979 2.0741935
188.195 move 817 1019
188.195 move 820 1019
188.205 move 826 1019
188.215 move 834 1019
188.225 move 845 1019
188.235 move 855 1019
188.235 move 866 1019
188.245 move 878 1019
188.255 move 889 1019
188.265 move 900 1019
188.275 move 910 1019
188.275 move 919 1019
188.291 move 925 1019
188.295 move 932 1019
188.305 move 937 1019
188.315 move 943 1019
188.315 move 949 1019
188.325 move 953 1019
188.335 move 960 1019
188.345 move 966 1019
188.345 move 971 1019
188.355 move 977 1019
188.365 move 984 1019
188.375 move 989 1019
188.387 move 995 1019
188.395 move 1002 1019
188.395 move 1006 1019
188.406 move 1011 1019
188.416 move 1015 1019
188.426 move 1019 1019
188.426 move 1023 1019
188.436 move 1026 1019
188.446 move 1029 1019
188.456 move 1032 1019
188.466 move 1035 1019
188.476 move 1038 1019
188.476 move 1040 1018
188.491 move 1042 1018
188.496 move 1043 1018
188.506 move 1045 1018
188.516 move 1046 1018
188.536 move 1047 1018
189.291 click 4.9248705 2.0677419
190.059 click 4.9248705 2.0677419
190.859 move 1045 1018
190.869 move 1042 1018
190.879 move 1037 1018
190.891 move 1029 1019
190.899 move 1019 1021
190.899 move 1006 1024
190.909 move 994 1027
190.919 move 982 1031
190.929 move 970 1035
190.939 move 958 1039
190.939 move 948 1043
190.949 move 939 1046
190.959 move 931 1048
190.969 move 924 1050
190.979 move 918 1051
190.979 move 913 1052
190.995 move 909 1052
190.999 move 904 1052
191.009 move 900 1053
191.019 move 896 1053
191.019 move 892 1053
191.029 move 888 1053
191.039 move 884 1053
191.049 move 881 1053
191.059 move 878 1053
191.059 move 875 1053
191.069 move 872 1053
191.079 move 870 1053
191.091 move 867 1053
191.099 move 865 1053
191.099 move 863 1053
191.109 move 861 1053
191.119 move 859 1053
191.129 move 858 1053
191.139 move 857 1053
191.139 move 856 1053
191.149 move 855 1053
191.159 move 854 1053
191.649 move 853 1053
191.659 move 852 1053
191.659 move 848 1053
191.669 move 844 1053
191.679 move 836 1053
191.691 move 826 1053
191.699 move 815 1053
191.699 move 804 1053
191.709 move 794 1053
191.719 move 783 1053
191.729 move 773 1054
191.739 move 765 1054
191.739 move 757 1055
191.749 move 751 1055
191.759 move 745 1056
191.769 move 740 1056
191.779 move 736 1056
191.779 move 731 1056
191.795 move 727 1056
191.8 move 724 1056
191.81 move 720 1056
191.81 move 717 1056
191.82 move 714 1056
191.83 move 712 1056
191.84 move 709 1056
191.85 move 707 1056
191.85 move 705 1056
191.86 move 703 1056
191.87 move 702 1056
191.88 move 700 1056
191.891 move 699 1056
191.9 move 698 1056
192.5 click 3.1165802 2.3129032
193.772 enter
194.423 right
195.473 select winner 3
195.473 start 4.0 1.0
195.483 move 868 852
196.195 move 869 852
196.203 move 870 851
196.205 move 873 849
196.215 move 877 845
196.225 move 883 839
196.235 move 891 833
196.235 move 897 827
196.245 move 903 821
196.255 move 909 816
196.265 move 913 813
196.275 move 915 811
196.275 move 917 810
196.285 move 919 810
196.299 move 921 810
196.304 move 922 810
196.314 move 923 810
196.314 move 925 810
196.324 move 927 810
196.334 move 930 810
196.345 move 933 810
196.355 move 936 810
196.355 move 940 811
196.364 move 944 811
196.374 move 948 811
196.385 move 952 812
196.396 move 957 812
196.403 move 962 812
196.405 move 966 812
196.415 move 970 812
196.425 move 975 812
196.435 move 979 812
196.435 move 984 812
196.445 move 988 812
196.455 move 991 812
196.465 move 995 812
196.475 move 998 812
196.475 move 1001 812
196.485 move 1004 812
196.5 move 1007 812
196.505 move 1010 812
196.515 move 1012 812
196.515 move 1014 812
196.525 move 1016 812
196.535 move 1017 812
196.545 move 1018 812
196.555 move 1019 812
196.555 move 1020 812
197.403 click 4.784974 0.7387097
198.006 click 4.784974 0.7387097
198.907 enter
199.788 select of 1
199.801 start 4.0 1.0
199.805 move 868 852
200.489 click 3.9974093 0.9967742
201.02 click 3.9974093 0.9967742
201.741 click 3.9974093 0.9967742
202.492 enter
203.293 select the 1
203.994 start 4.0 1.0
203.994 click 3.9974093 0.9967742
204.835 move 867 852
204.835 move 864 852
204.845 move 858 852
204.855 move 850 853
204.865 move 840 854
204.875 move 828 856
204.875 move 816 859
204.885 move 803 861
204.895 move 791 864
204.907 move 780 865
204.915 move 770 867
204.915 move 761 869
204.925 move 753 870
204.935 move 746 872
204.945 move 741 872
204.955 move 736 873
204.955 move 731 874
204.965 move 728 874
204.975 move 724 874
204.985 move 721 875
204.995 move 717 875
204.995 move 714 875
205.011 move 711 875
205.015 move 708 875
205.025 move 705 875
205.035 move 703 875
205.035 move 700 875
205.045 move 698 875
205.055 move 696 875
205.065 move 694 875
205.075 move 693 875
205.075 move 691 875
205.085 move 690 875
205.107 move 689 875
205.115 move 688 875
205.656 click 3.064767 1.1451613
206.267 move 688 876
206.277 move 688 877
206.287 move 688 878
206.297 move 688 881
206.307 move 688 884
206.315 move 688 888
206.317 move 688 893
206.327 move 688 898
206.337 move 688 904
206.347 move 688 909
206.347 move 688 915
206.357 move 688 921
206.367 move 688 928
206.377 move 687 934
206.387 move 686 940
206.387 move 685 946
206.397 move 683 951
206.411 move 682 956
206.418 move 681 961
206.418 move 679 965
206.428 move 678 968
206.438 move 677 971
206.448 move 676 974
206.458 move 675 976
206.458 move 674 978
206.468 move 673 980
206.478 move 673 982
206.488 move 672 984
206.498 move 672 985
206.498 move 671 986
206.515 move 671 987
206.537 move 671 988
207.077 click 2.9766839 1.8741934
207.818 click 2.9766839 1.8741934
208.778 enter
209.899 left
211.571 nextPage
212.892 right
214.003 select race 6
214.015 start 4.0 1.0
214.019 move 868 852
214.974 phrase the union will go on strike
216.346 start 4.0 1.0
216.346 click 3.9974093 0.9967742
216.726 click 3.9974093 0.9967742
217.488 click 3.9974093 0.9967742
218.839 enter
220.742 select the 1
221.673 start 4.0 1.0
221.673 move 869 852
221.683 move 871 852
221.683 move 874 852
221.693 move 878 852
221.703 move 882 852
221.713 move 888 852
221.723 move 894 852
221.731 move 900 852
221.733 move 906 852
221.743 move 912 852
221.753 move 918 852
221.763 move 923 852
221.763 move 929 852
221.773 move 934 852
221.783 move 940 852
221.793 move 945 852
221.803 move 951 852
221.803 move 956 853
221.813 move 962 853
221.827 move 968 853
221.833 move 973 853
221.833 move 978 853
221.844 move 984 853
221.853 move 989 853
221.864 move 994 853
221.874 move 999 853
221.874 move 1003 853
221.884 move 1007 853
221.893 move 1011 853
221.904 move 1015 853
221.914 move 1018 853
221.914 move 1022 853
221.931 move 1025 853
221.934 move 1027 853
221.944 move 1030 853
221.954 move 1032 853
221.954 move 1034 853
221.964 move 1036 853
221.974 move 1037 853
221.984 move 1038 853
221.994 move 1039 853
221.994 move 1040 853
222.644 click 4.888601 1.0032258
223.065 move 1041 853
223.075 move 1042 853
223.085 move 1044 853
223.095 move 1045 853
223.105 move 1046 854
223.115 move 1047 856
223.115 move 1048 859
223.131 move 1049 862
223.135 move 1049 868
223.145 move 1049 874
223.155 move 1049 882
223.155 move 1048 890
223.165 move 1046 899
223.175 move 1043 907
223.185 move 1040 915
223.195 move 1038 923
223.195 move 1035 929
223.205 move 1032 934
223.215 move 1029 938
223.227 move 1027 941
223.235 move 1025 943
223.235 move 1023 945
223.245 move 1022 947
223.255 move 1021 947
223.265 move 1020 948
223.275 move 1019 948
223.285 move 1019 949
223.995 click 4.779793 1.6225805
224.736 move 1020 949
224.746 move 1022 949
224.746 move 1025 949
224.756 move 1030 949
224.766 move 1036 949
224.776 move 1044 949
224.786 move 1051 949
224.786 move 1059 948
224.796 move 1067 948
224.806 move 1074 948
224.816 move 1082 948
224.827 move 1089 948
224.835 move 1095 948
224.836 move 1101 948
224.846 move 1106 948
224.856 move 1111 948
224.866 move 1117 948
224.866 move 1123 948
224.876 move 1129 948
224.886 move 1135 948
224.896 move 1143 948
224.906 move 1150 948
224.906 move 1158 948
224.916 move 1166 948
224.931 move 1173 948
224.936 move 1181 948
224.946 move 1187 948
224.946 move 1193 948
224.956 move 1198 948
224.966 move 1203 948
224.976 move 1207 948
224.986 move 1211 948
224.986 move 1215 948
224.996 move 1218 948
225.006 move 1221 948
225.016 move 1224 948
225.027 move 1227 948
225.035 move 1230 948
225.037 move 1232 948
225.047 move 1234 948
225.057 move 1236 948
225.067 move 1238 948
225.067 move 1239 948
225.077 move 1240 948
225.087 move 1241 948
225.107 move 1242 948
225.757 click 5.935233 1.6161289
226.457 click 5.935233 1.6161289
227.068 click 5.935233 1.6161289
228.3 enter
229.562 select union 1
229.572 start 4.0 1.0
229.572 move 868 852
230.894 click 3.9974093 0.9967742
232.266 click 3.9974093 0.9967742
233.387 move 867 852
233.397 move 866 851
233.407 move 861 850
233.417 move 850 846
233.427 move 836 842
233.427 move 819 835
233.443 move 799 828
233.447 move 776 820
233.457 move 756 814
233.467 move 736 807
233.467 move 719 803
233.477 move 702 799
233.487 move 690 797
233.497 move 680 797
233.507 move 674 797
233.507 move 669 797
233.517 move 667 797
233.527 move 665 797
233.541 move 664 797
233.547 move 663 798
233.907 move 664 798
233.907 move 666 798
233.917 move 670 798
233.927 move 675 798
233.939 move 683 799
233.947 move 693 801
233.947 move 704 804
233.957 move 715 808
233.967 move 728 812
233.977 move 741 816
233.987 move 753 820
233.987 move 766 824
233.997 move 779 828
234.007 move 793 831
234.017 move 807 834
234.027 move 819 835
234.027 move 832 836
234.043 move 844 837
234.048 move 856 837
234.058 move 868 837
234.058 move 881 838
234.068 move 893 838
234.078 move 905 838
234.088 move 916 838
234.098 move 928 838
234.098 move 939 838
234.108 move 950 838
234.118 move 960 838
234.128 move 970 838
234.142 move 980 838
234.147 move 989 838
234.148 move 998 838
234.158 move 1005 838
234.168 move 1014 838
234.178 move 1020 838
234.178 move 1027 838
234.188 move 1033 838
234.198 move 1038 838
234.208 move 1044 838
234.218 move 1049 838
234.218 move 1053 838
234.228 move 1057 838
234.243 move 1061 838
234.247 move 1064 838
234.258 move 1067 838
234.258 move 1070 838
234.268 move 1073 838
234.278 move 1076 838
234.288 move 1078 838
234.298 move 1080 838
234.298 move 1081 838
234.308 move 1083 838
234.318 move 1084 838
234.339 move 1085 838
236.12 click 5.121762 0.9064516
236.843 click 5.121762 0.9064516
238.103 enter
239.374 select will 1
239.384 start 4.0 1.0
239.384 move 868 852
240.515 click 3.9974093 0.9967742
241.196 click 3.9974093 0.9967742
242.157 enter
242.888 right
243.629 right
244.891 select go 5
244.891 start 4.0 1.0
244.891 move 868 852
245.571 move 870 852
245.581 move 873 851
245.591 move 877 849
245.601 move 885 845
245.611 move 895 840
245.611 move 906 835
245.621 move 919 829
245.631 move 931 823
245.641 move 943 818
245.651 move 954 812
245.659 move 965 808
245.661 move 975 804
245.671 move 984 801
245.681 move 992 798
245.681 move 997 796
245.691 move 1003 795
245.701 move 1007 794
245.711 move 1011 793
245.721 move 1014 793
245.721 move 1017 793
245.731 move 1019 793
245.741 move 1022 793
245.755 move 1024 793
245.761 move 1025 793
245.771 move 1027 793
245.771 move 1028 793
245.781 move 1029 793
245.791 move 1030 793
245.811 move 1031 793
246.642 click 4.841969 0.61612904
247.073 move 1031 792
247.083 move 1032 790
247.093 move 1034 787
247.103 move 1037 783
247.113 move 1042 778
247.123 move 1048 773
247.123 move 1054 767
247.133 move 1062 762
247.143 move 1070 757
247.155 move 1078 753
247.163 move 1085 750
247.163 move 1090 749
247.173 move 1094 749
247.183 move 1098 749
247.193 move 1101 749
247.203 move 1102 750
247.203 move 1104 751
247.213 move 1105 753
247.223 move 1105 756
247.233 move 1105 758
247.243 move 1105 761
247.243 move 1105 764
247.259 move 1104 767
247.263 move 1103 770
247.273 move 1102 773
247.283 move 1100 776
247.283 move 1099 778
247.293 move 1097 780
247.303 move 1096 782
247.313 move 1094 784
247.323 move 1093 786
247.323 move 1091 788
247.333 move 1090 789
247.343 move 1088 791
247.355 move 1086 793
247.363 move 1084 795
247.363 move 1083 798
247.373 move 1081 800
247.383 move 1079 803
247.393 move 1077 806
247.403 move 1075 809
247.403 move 1074 812
247.413 move 1072 816
247.423 move 1070 819
247.433 move 1069 822
247.443 move 1067 825
247.443 move 1066 828
247.459 move 1065 830
247.463 move 1064 833
247.474 move 1062 835
247.474 move 1062 837
247.484 move 1061 839
247.494 move 1060 840
247.504 move 1060 841
247.514 move 1060 843
247.514 move 1059 844
247.534 move 1059 845
247.544 move 1058 846
247.555 move 1058 847
247.563 move 1058 848
247.584 move 1057 849
248.659 move 1057 850
248.665 move 1057 851
248.675 move 1057 853
248.675 move 1057 857
248.685 move 1057 861
248.695 move 1057 867
248.705 move 1057 874
248.705 move 1057 881
248.715 move 1057 889
248.725 move 1057 897
248.735 move 1056 905
248.745 move 1056 913
248.755 move 1055 922
248.763 move 1054 933
248.766 move 1053 943
248.776 move 1052 953
248.786 move 1051 963
248.786 move 1049 972
248.796 move 1048 980
248.806 move 1047 988
248.816 move 1045 996
248.826 move 1044 1002
248.826 move 1043 1008
248.836 move 1041 1013
248.846 move 1040 1017
248.859 move 1039 1022
248.866 move 1039 1025
248.866 move 1038 1029
248.876 move 1037 1032
248.886 move 1036 1036
248.896 move 1035 1039
248.906 move 1035 1041
248.906 move 1034 1044
248.916 move 1033 1046
248.926 move 1032 1047
248.936 move 1032 1048
248.946 move 1031 1049
249.676 click 4.841969 2.267742
250.907 enter
251.368 left
252.363 select on 2
252.368 start 4.0 1.0
252.368 move 868 852
253.059 click 3.9974093 0.9967742
253.739 click 3.9974093 0.9967742
254.6 click 3.9974093 0.9967742
255.522 move 868 851
255.522 move 869 848
255.532 move 871 844
255.542 move 873 838
255.552 move 875 833
255.563 move 877 828
255.571 move 878 824
255.572 move 879 821
255.582 move 880 819
255.592 move 880 817
255.602 move 880 815
255.602 move 880 813
255.612 move 880 811
255.622 move 879 809
255.632 move 879 808
255.642 move 878 807
255.642 move 878 806
255.671 move 878 805
255.691 move 878 803
255.691 move 878 801
255.701 move 878 799
255.711 move 878 796
255.721 move 878 793
255.731 move 878 789
255.731 move 878 786
255.741 move 878 782
255.751 move 878 778
255.763 move 878 774
255.772 move 878 771
255.772 move 878 768
255.782 move 879 765
255.792 move 879 763
255.802 move 879 760
255.802 move 880 758
255.812 move 880 756
255.822 move 881 755
255.832 move 882 753
255.842 move 882 752
255.852 move 882 751
255.867 move 883 751
256.742 click 4.0751295 0.34516132
257.493 move 883 753
257.503 move 881 757
257.513 move 880 761
257.523 move 879 768
257.523 move 878 776
257.533 move 876 785
257.543 move 876 795
257.553 move 875 805
257.563 move 874 814
257.572 move 873 822
257.574 move 873 828
257.584 move 872 833
257.594 move 872 836
257.594 move 871 838
257.604 move 870 840
257.614 move 870 841
257.624 move 869 841
258.254 click 4.0025907 0.9258064
258.915 move 869 840
258.915 move 870 837
258.925 move 873 830
258.935 move 877 819
258.945 move 880 809
258.955 move 885 796
258.955 move 888 785
258.971 move 892 774
258.975 move 894 766
258.985 move 896 761
258.995 move 898 758
258.995 move 898 756
259.005 move 899 755
259.067 move 899 756
259.075 move 899 757
259.075 move 898 758
259.095 move 898 759
259.936 click 4.1528497 0.39677417
260.978 enter
262.058 select strike 1
262.071 start 4.0 1.0
262.074 move 868 852
