0.0 session 1
0.001 phrase please provide your date of birth
0.07 start 4.0 1.0
0.073 move 868 852
1.22 move 870 852
1.236 move 873 852
1.252 move 877 852
1.268 move 880 852
1.284 move 883 852
1.3 move 887 852
1.316 move 890 852
1.331 move 893 852
1.347 move 896 852
1.367 move 900 852
1.379 move 903 852
1.396 move 906 852
1.411 move 910 852
1.427 move 913 852
1.443 move 916 852
1.459 move 920 852
1.492 move 923 852
1.507 move 926 852
1.524 move 930 852
1.54 move 933 852
1.555 move 936 852
1.571 move 939 852
1.588 move 943 852
1.604 move 946 852
1.619 move 949 852
1.635 move 953 852
1.651 move 956 852
1.668 move 959 852
1.687 move 963 852
1.7 move 966 852
1.715 move 969 852
1.731 move 973 852
1.747 move 976 852
1.763 move 979 852
1.78 move 982 852
1.796 move 986 852
1.811 move 989 852
1.827 move 992 852
1.843 move 996 852
1.859 move 999 852
1.875 move 1002 852
1.907 move 1006 852
1.924 move 1009 852
1.94 move 1012 852
1.955 move 1016 852
1.971 move 1019 852
1.987 move 1022 852
2.004 move 1025 852
2.02 move 1029 852
2.036 move 1032 852
2.179 click 4.8471503 0.9967742
2.675 move 1035 852
2.691 move 1038 852
2.708 move 1041 852
2.723 move 1045 852
2.739 move 1048 852
2.756 move 1051 852
2.788 move 1055 852
2.803 move 1058 852
2.82 move 1061 852
2.836 move 1064 852
2.852 move 1068 852
2.868 move 1071 852
2.884 move 1074 852
2.9 move 1078 852
2.915 move 1081 852
2.931 move 1084 852
2.963 move 1088 852
2.979 move 1091 852
2.996 move 1094 852
3.012 move 1098 852
3.044 move 1101 852
3.06 move 1104 852
3.076 move 1107 852
3.092 move 1111 852
3.108 move 1114 852
3.14 move 1117 852
3.156 move 1121 852
3.188 move 1124 852
3.204 move 1127 852
3.221 move 1131 852
3.236 move 1134 852
3.252 move 1137 852
3.268 move 1140 852
3.284 move 1144 852
3.3 move 1147 852
3.315 move 1150 852
3.331 move 1154 852
3.348 move 1157 852
3.38 move 1160 852
3.396 move 1164 852
3.411 move 1167 852
3.427 move 1170 852
3.459 move 1174 852
3.475 move 1177 852
3.491 move 1180 852
3.508 move 1183 852
3.54 move 1187 852
3.578 move 1193 852
3.587 move 1197 852
3.747 click 5.7020726 0.9967742
4.212 move 1197 849
4.228 move 1196 846
4.244 move 1195 843
4.259 move 1194 839
4.275 move 1192 835
4.292 move 1191 832
4.308 move 1189 828
4.323 move 1188 824
4.339 move 1186 821
4.356 move 1184 817
4.371 move 1183 813
4.387 move 1181 809
4.403 move 1179 805
4.419 move 1176 801
4.436 move 1174 797
4.452 move 1171 793
4.468 move 1168 789
4.484 move 1163 784
4.515 move 1159 780
4.532 move 1154 775
4.547 move 1150 771
4.563 move 1145 766
4.596 move 1140 762
4.611 move 1136 757
4.628 move 1131 753
4.643 move 1127 748
4.675 move 1122 744
4.691 move 1118 739
4.707 move 1113 735
4.723 move 1109 730
4.755 move 1104 725
4.771 move 1100 721
4.787 move 1095 716
4.803 move 1090 712
4.836 move 1086 707
4.852 move 1081 703
4.979 click 5.101036 0.035483897
5.395 move 1080 703
5.412 move 1079 703
5.443 move 1079 706
5.459 move 1078 710
5.475 move 1077 713
5.491 move 1076 716
5.507 move 1075 720
5.523 move 1074 723
5.539 move 1074 726
5.555 move 1073 730
5.572 move 1072 733
5.588 move 1071 737
5.604 move 1070 740
5.62 move 1069 743
5.635 move 1068 747
5.652 move 1068 750
5.684 move 1067 753
5.7 move 1066 757
5.716 move 1065 760
5.732 move 1064 764
5.747 move 1063 767
5.763 move 1063 770
5.779 move 1062 774
5.795 move 1061 777
5.811 move 1060 780
5.844 move 1059 784
5.86 move 1058 787
5.876 move 1058 790
5.891 move 1057 794
5.924 move 1056 797
5.94 move 1055 801
5.955 move 1055 804
5.971 move 1055 807
5.987 move 1055 811
6.243 click 4.9663215 0.7322581
6.787 click 4.9663215 0.7322581
7.315 move 1055 809
7.368 move 1054 799
7.38 move 1054 796
7.396 move 1053 792
7.412 move 1053 789
7.428 move 1053 786
7.444 move 1053 782
7.46 move 1052 779
7.476 move 1052 776
7.492 move 1052 772
7.524 move 1051 769
7.54 move 1051 766
7.555 move 1051 762
7.571 move 1051 759
7.587 move 1050 756
7.603 move 1050 752
7.619 move 1050 749
7.636 move 1050 746
7.651 move 1049 742
7.667 move 1049 739
7.683 move 1049 736
7.699 move 1048 732
7.715 move 1048 729
7.732 move 1048 726
8.035 click 4.930052 0.18387097
8.5 enter
8.883 select please 1
8.887 start 4.0 1.0
8.89 move 868 852
9.364 move 870 852
9.38 move 874 852
9.396 move 877 852
9.428 move 880 852
9.444 move 884 852
9.46 move 887 852
9.476 move 890 852
9.508 move 894 852
9.524 move 897 852
9.539 move 900 852
9.556 move 904 852
9.588 move 907 852
9.604 move 910 852
9.62 move 913 852
9.636 move 917 852
9.651 move 920 852
9.667 move 923 852
9.684 move 927 852
9.699 move 930 852
9.715 move 933 852
9.732 move 937 852
9.763 move 940 852
9.779 move 943 852
9.795 move 946 852
9.811 move 950 852
9.828 move 953 852
9.845 move 956 852
9.86 move 960 852
9.876 move 963 852
9.892 move 966 852
9.908 move 970 852
9.925 move 973 852
9.94 move 976 852
9.955 move 980 852
9.971 move 983 852
9.987 move 986 852
10.019 move 989 852
10.036 move 993 852
10.052 move 996 852
10.068 move 999 852
10.1 move 1003 852
10.116 move 1006 852
10.132 move 1009 852
10.147 move 1013 852
10.18 move 1016 852
10.196 move 1019 852
10.212 move 1023 852
10.371 click 4.800518 0.9967742
10.74 move 1023 851
10.756 move 1023 848
10.772 move 1022 845
10.804 move 1022 842
10.82 move 1021 838
10.835 move 1021 835
10.852 move 1020 832
10.884 move 1020 828
10.9 move 1019 825
10.916 move 1019 822
10.932 move 1018 818
10.947 move 1017 815
10.963 move 1017 812
10.98 move 1016 808
10.996 move 1016 805
11.028 move 1015 801
11.044 move 1015 798
11.059 move 1014 795
11.075 move 1014 791
11.107 move 1013 788
11.123 move 1012 785
11.14 move 1012 781
11.156 move 1011 778
11.172 move 1011 775
11.188 move 1010 771
11.205 move 1010 768
11.22 move 1009 765
11.252 move 1009 761
11.268 move 1008 758
11.284 move 1007 755
11.3 move 1007 751
11.316 move 1006 748
11.332 move 1006 745
11.347 move 1005 741
11.364 move 1005 738
11.379 move 1004 734
11.395 move 1003 731
11.411 move 1003 728
11.427 move 1002 724
11.444 move 1002 721
11.635 click 4.69171 0.15161288
12.164 click 4.69171 0.15161288
12.899 click 4.69171 0.15161288
13.539 click 4.69171 0.15161288
14.164 click 4.69171 0.15161288
14.579 click 4.69171 0.15161288
14.867 enter
15.347 select provide 1
15.351 start 4.0 1.0
15.353 move 868 852
16.004 move 869 852
16.02 move 873 852
16.036 move 876 852
16.051 move 879 852
16.068 move 883 852
16.084 move 886 852
16.099 move 889 852
16.116 move 893 852
16.133 move 896 852
16.147 move 899 852
16.163 move 902 852
16.179 move 906 852
16.195 move 909 852
16.211 move 912 852
16.227 move 916 852
16.244 move 919 852
16.275 move 922 852
16.291 move 926 852
16.307 move 929 852
16.323 move 932 852
16.34 move 936 852
16.355 move 939 852
16.371 move 942 852
16.387 move 945 852
16.403 move 949 852
16.435 move 952 852
16.451 move 955 852
16.468 move 959 852
16.484 move 962 852
16.5 move 965 852
16.516 move 969 852
16.533 move 972 852
16.547 move 975 852
16.564 move 979 852
16.595 move 982 852
16.611 move 985 852
16.628 move 988 852
16.643 move 992 852
16.659 move 995 852
16.675 move 998 852
16.691 move 1002 852
16.707 move 1005 852
16.723 move 1008 852
16.755 move 1012 852
16.771 move 1015 852
16.947 click 4.7590675 0.9967742
17.475 move 1016 852
17.491 move 1019 852
17.507 move 1023 852
17.523 move 1026 852
17.539 move 1029 852
17.555 move 1032 852
17.571 move 1036 852
17.587 move 1039 852
17.603 move 1042 852
17.619 move 1046 852
17.635 move 1049 852
17.652 move 1052 852
17.667 move 1056 852
17.683 move 1059 852
17.699 move 1062 852
17.715 move 1066 852
17.731 move 1069 852
17.748 move 1072 852
17.763 move 1075 852
17.779 move 1079 852
17.795 move 1082 852
17.811 move 1085 852
17.827 move 1089 852
17.844 move 1092 852
17.859 move 1095 852
17.876 move 1099 852
17.891 move 1102 852
17.907 move 1105 852
17.924 move 1108 852
17.956 move 1112 852
17.972 move 1115 852
17.987 move 1118 852
18.004 move 1122 852
18.02 move 1125 852
18.036 move 1128 852
18.053 move 1132 852
18.067 move 1135 852
18.083 move 1138 852
18.099 move 1142 852
18.116 move 1145 852
18.131 move 1148 852
18.147 move 1151 852
18.164 move 1155 852
18.18 move 1158 852
18.212 move 1161 852
18.228 move 1165 852
18.244 move 1168 852
18.259 move 1171 852
18.291 move 1175 852
18.308 move 1178 852
18.324 move 1181 852
18.34 move 1185 852
18.355 move 1188 852
18.371 move 1191 852
18.387 move 1194 852
18.403 move 1198 852
18.419 move 1201 852
18.596 click 5.722798 0.9967742
19.092 move 1201 849
19.124 move 1201 845
19.14 move 1201 842
19.156 move 1201 839
19.171 move 1201 835
19.204 move 1201 832
19.22 move 1201 829
19.236 move 1201 826
19.251 move 1201 822
19.283 move 1201 819
19.299 move 1201 816
19.315 move 1201 812
19.331 move 1201 809
19.363 move 1201 806
19.379 move 1201 802
19.395 move 1201 799
19.411 move 1201 796
19.427 move 1201 792
19.444 move 1201 789
19.46 move 1201 786
19.476 move 1201 783
19.492 move 1201 779
19.508 move 1201 776
19.524 move 1201 773
19.539 move 1201 769
19.555 move 1201 766
19.571 move 1201 763
19.587 move 1201 759
19.619 move 1201 756
19.635 move 1201 753
19.652 move 1201 749
19.667 move 1201 746
19.683 move 1201 743
19.715 move 1201 740
19.731 move 1201 736
19.748 move 1201 733
19.779 move 1201 730
19.939 click 5.722798 0.2096774
20.388 click 5.722798 0.2096774
20.644 enter
20.931 select your 1
20.935 start 4.0 1.0
20.938 move 868 852
21.539 click 3.9974093 0.9967742
22.003 move 866 852
22.019 move 863 852
22.052 move 860 852
22.067 move 856 852
22.083 move 853 852
22.099 move 850 852
22.131 move 847 852
22.148 move 843 852
22.163 move 840 852
22.179 move 837 852
22.211 move 833 852
22.227 move 830 852
22.243 move 827 852
22.26 move 823 852
22.276 move 820 852
22.308 move 817 852
22.324 move 814 852
22.34 move 810 852
22.356 move 807 852
22.388 move 804 852
22.404 move 800 852
22.42 move 797 852
22.436 move 794 852
22.468 move 790 852
22.483 move 787 852
22.499 move 784 852
22.515 move 780 852
22.532 move 777 852
22.548 move 774 852
22.563 move 771 852
22.579 move 767 852
22.595 move 764 852
22.611 move 761 852
22.643 move 757 852
22.66 move 754 852
22.676 move 751 852
22.692 move 747 852
22.708 move 744 852
22.724 move 741 852
22.74 move 737 852
22.756 move 734 852
22.772 move 731 852
22.803 move 728 852
22.819 move 724 852
22.835 move 721 852
22.852 move 718 852
22.867 move 714 851
22.996 click 3.199482 0.9903226
24.26 move 717 851
24.275 move 720 851
24.291 move 723 851
24.323 move 727 851
24.355 move 730 851
24.371 move 733 851
24.388 move 737 851
24.404 move 740 851
24.42 move 743 851
24.436 move 746 851
24.452 move 750 851
24.483 move 753 851
24.499 move 756 851
24.515 move 760 851
24.531 move 763 851
24.563 move 766 851
24.579 move 770 851
24.596 move 773 851
24.612 move 776 851
24.644 move 780 851
24.66 move 783 851
24.675 move 786 851
24.691 move 789 851
24.723 move 793 851
24.739 move 796 851
24.756 move 799 851
24.772 move 803 851
24.788 move 806 851
24.804 move 809 851
24.82 move 813 851
24.979 click 3.7124352 0.9903226
25.283 move 813 850
25.299 move 812 847
25.315 move 811 844
25.331 move 809 840
25.347 move 808 836
25.363 move 806 832
25.379 move 804 829
25.411 move 803 825
25.427 move 801 821
25.443 move 800 818
25.46 move 798 814
25.492 move 797 810
25.508 move 795 807
25.524 move 794 803
25.54 move 792 799
25.556 move 791 795
25.572 move 789 792
25.588 move 788 788
25.604 move 786 784
25.62 move 784 781
25.651 move 783 777
25.668 move 781 773
25.684 move 780 770
25.7 move 778 766
25.732 move 777 762
25.748 move 775 759
25.763 move 774 755
25.795 move 772 751
25.811 move 771 747
26.004 click 3.4948187 0.31935483
26.275 enter
26.756 left
27.187 select date 2
27.192 start 4.0 1.0
27.195 move 868 852
27.571 move 869 852
27.587 move 872 852
27.603 move 876 852
27.619 move 879 852
27.635 move 882 852
27.667 move 886 852
27.683 move 889 852
27.699 move 892 852
27.715 move 895 852
27.747 move 899 852
27.764 move 902 852
27.779 move 905 852
27.796 move 909 852
27.828 move 912 852
27.844 move 915 852
27.859 move 919 852
27.875 move 922 852
27.907 move 925 852
27.924 move 929 852
27.939 move 932 852
27.956 move 935 852
27.988 move 938 852
28.003 move 942 852
28.02 move 945 852
28.036 move 948 852
28.051 move 952 852
28.083 move 955 852
28.099 move 958 852
28.115 move 962 852
28.131 move 965 851
28.164 move 968 851
28.18 move 972 851
28.196 move 975 851
28.212 move 978 850
28.228 move 982 850
28.243 move 985 850
28.26 move 988 849
28.275 move 992 849
28.307 move 995 849
28.323 move 998 849
28.339 move 1002 848
28.355 move 1005 848
28.371 move 1008 847
28.387 move 1012 847
28.58 click 4.743523 0.96451616
29.043 move 1011 847
29.06 move 1009 847
29.092 move 1006 847
29.108 move 1002 847
29.124 move 999 847
29.14 move 996 847
29.155 move 992 847
29.171 move 989 847
29.443 click 4.6243525 0.96451616
29.812 enter
30.116 select of 1
30.12 start 4.0 1.0
30.123 move 868 852
30.451 move 868 854
30.468 move 868 858
30.483 move 868 861
30.5 move 868 864
30.515 move 868 868
30.532 move 868 871
30.547 move 868 874
30.563 move 868 877
30.579 move 868 881
30.611 move 868 884
30.627 move 868 887
30.643 move 868 891
30.659 move 868 894
30.675 move 868 897
30.691 move 868 901
30.707 move 868 904
30.723 move 868 907
30.739 move 868 911
30.771 move 868 914
30.787 move 868 917
30.803 move 868 920
30.819 move 868 924
30.851 move 868 927
30.868 move 868 930
30.883 move 868 934
30.899 move 868 937
30.931 move 868 940
30.947 move 868 944
30.964 move 868 947
30.98 move 868 950
30.996 move 868 954
31.028 move 868 957
31.044 move 868 960
31.059 move 868 963
31.076 move 868 967
31.092 move 868 970
31.124 move 868 973
31.14 move 868 977
31.299 click 3.9974093 1.8032258
31.86 click 3.9974093 1.8032258
32.292 move 865 977
32.308 move 862 977
32.34 move 859 977
32.356 move 856 977
32.372 move 852 977
32.403 move 849 977
32.419 move 846 977
32.435 move 842 977
32.451 move 839 976
32.468 move 836 976
32.484 move 832 976
32.5 move 829 975
32.516 move 826 975
32.532 move 822 975
32.548 move 819 975
32.563 move 816 974
32.58 move 812 974
32.596 move 809 974
32.612 move 806 974
32.628 move 802 973
32.644 move 799 973
32.659 move 796 973
32.675 move 792 972
32.691 move 789 972
32.707 move 786 972
32.723 move 782 972
32.739 move 779 971
32.755 move 776 971
32.771 move 772 971
32.788 move 769 970
32.82 move 766 970
32.836 move 762 970
32.852 move 759 970
32.868 move 756 969
32.884 move 752 969
32.9 move 749 969
32.916 move 746 969
32.932 move 742 968
32.948 move 739 968
32.964 move 736 968
32.98 move 732 967
32.996 move 729 967
33.012 move 726 967
33.028 move 722 967
33.043 move 719 966
33.075 move 716 966
33.251 click 3.2098446 1.7322581
33.668 move 718 966
33.683 move 721 966
33.715 move 725 966
33.731 move 728 966
33.747 move 731 966
33.764 move 734 966
33.795 move 738 966
33.811 move 741 966
33.827 move 744 966
33.843 move 748 966
33.859 move 751 966
33.891 move 754 966
33.907 move 758 966
33.924 move 761 966
33.939 move 764 966
33.955 move 767 966
33.971 move 771 966
33.987 move 774 966
34.003 move 777 966
34.019 move 781 966
34.035 move 784 966
34.067 move 787 966
34.083 move 791 966
34.099 move 794 966
34.115 move 797 966
34.147 move 801 966
34.164 move 804 966
34.179 move 807 965
34.211 move 811 965
34.227 move 814 965
34.243 move 817 964
34.34 click 3.7331605 1.7193549
34.804 click 3.7331605 1.7193549
35.156 enter
35.603 left
35.988 select birth 2
35.992 start 4.0 1.0
35.995 move 868 852
37.479 phrase the union will go on strike
38.307 start 4.0 1.0
38.31 click 3.9974093 0.9967742
38.772 click 3.9974093 0.9967742
39.299 click 3.9974093 0.9967742
39.523 enter
39.811 select the 1
40.34 start 4.0 1.0
40.343 move 872 852
40.356 move 875 852
40.372 move 878 852
40.387 move 882 852
40.403 move 885 852
40.419 move 888 852
40.435 move 891 852
40.451 move 895 852
40.468 move 898 852
40.484 move 901 852
40.5 move 905 852
40.516 move 908 852
40.532 move 911 852
40.548 move 915 852
40.564 move 918 852
40.579 move 921 852
40.595 move 925 852
40.611 move 928 852
40.627 move 931 852
40.643 move 934 852
40.659 move 938 852
40.676 move 941 852
40.691 move 944 852
40.707 move 948 852
40.723 move 951 852
40.739 move 954 852
40.755 move 958 852
40.772 move 961 852
40.787 move 964 852
40.803 move 968 852
40.819 move 971 852
40.835 move 974 852
40.851 move 977 852
40.868 move 981 852
40.883 move 984 852
40.899 move 987 852
40.915 move 991 852
40.931 move 994 852
40.963 move 997 852
40.98 move 1001 852
40.996 move 1004 852
41.012 move 1007 852
41.172 click 4.7176166 0.9967742
41.46 move 1007 854
41.492 move 1007 857
41.507 move 1007 860
41.523 move 1007 864
41.54 move 1007 867
41.556 move 1007 870
41.572 move 1007 874
41.587 move 1007 877
41.603 move 1007 880
41.619 move 1007 883
41.635 move 1007 887
41.668 move 1007 890
41.683 move 1007 893
41.699 move 1007 897
41.715 move 1007 900
41.747 move 1007 903
41.763 move 1007 907
41.78 move 1007 910
41.796 move 1007 913
41.812 move 1007 917
41.828 move 1007 920
41.844 move 1007 923
41.86 move 1007 926
41.876 move 1007 930
41.907 move 1007 933
41.925 move 1007 936
41.94 move 1007 940
41.972 move 1007 943
41.987 move 1007 946
42.003 move 1007 950
42.02 move 1007 953
42.035 move 1007 956
42.068 move 1007 960
42.083 move 1007 963
42.099 move 1007 966
42.116 move 1007 969
42.132 move 1007 973
42.148 move 1008 976
42.164 move 1008 979
42.259 click 4.722798 1.816129
42.676 move 1009 979
42.691 move 1011 979
42.723 move 1015 979
42.739 move 1018 979
42.755 move 1021 979
42.787 move 1025 979
42.803 move 1028 979
42.819 move 1031 979
42.835 move 1035 979
42.867 move 1038 979
42.883 move 1041 979
42.899 move 1045 979
42.915 move 1048 979
42.947 move 1051 979
42.963 move 1054 979
42.979 move 1058 979
42.995 move 1061 979
43.012 move 1064 979
43.027 move 1068 979
43.043 move 1071 979
43.059 move 1074 979
43.076 move 1078 979
43.091 move 1081 979
43.107 move 1084 979
43.123 move 1087 979
43.139 move 1091 979
43.155 move 1094 979
43.172 move 1097 979
43.188 move 1101 979
43.204 move 1104 979
43.22 move 1107 979
43.236 move 1111 979
43.252 move 1114 979
43.268 move 1117 979
43.284 move 1121 979
43.3 move 1124 979
43.316 move 1127 979
43.348 move 1130 979
43.364 move 1134 979
43.379 move 1137 979
43.396 move 1140 979
43.428 move 1144 979
43.444 move 1147 979
43.46 move 1150 979
43.475 move 1154 979
43.507 move 1157 979
43.523 move 1160 979
43.539 move 1164 979
43.555 move 1167 979
43.588 move 1170 979
43.603 move 1173 979
43.619 move 1177 979
43.635 move 1180 979
43.651 move 1183 979
43.683 move 1187 979
43.7 move 1190 979
43.716 move 1193 979
43.732 move 1197 979
43.748 move 1200 979
43.764 move 1203 979
43.78 move 1207 979
43.795 move 1210 979
43.811 move 1213 979
43.827 move 1216 979
43.843 move 1220 979
43.955 click 5.8212433 1.816129
44.563 click 5.8212433 1.816129
44.979 click 5.8212433 1.816129
45.235 enter
45.699 select union 1
45.704 start 4.0 1.0
45.707 move 868 852
46.291 click 3.9974093 0.9967742
46.883 click 3.9974093 0.9967742
47.395 move 871 852
47.415 move 874 852
47.427 move 878 852
47.443 move 881 852
47.459 move 884 852
47.476 move 887 852
47.491 move 891 852
47.507 move 894 852
47.539 move 897 852
47.555 move 901 852
47.571 move 904 852
47.587 move 907 852
47.619 move 911 852
47.635 move 914 852
47.651 move 917 852
47.667 move 921 852
47.684 move 924 852
47.699 move 927 852
47.715 move 930 852
47.731 move 934 852
47.747 move 937 852
47.763 move 940 852
47.796 move 944 852
47.812 move 947 852
47.828 move 950 852
47.844 move 954 852
47.86 move 957 852
47.876 move 960 852
47.892 move 964 852
47.907 move 967 852
47.925 move 970 852
47.955 move 973 852
47.971 move 977 852
47.987 move 980 852
48.003 move 983 852
48.035 move 987 852
48.051 move 990 852
48.067 move 993 852
48.243 click 4.6450777 0.9967742
48.772 click 4.6450777 0.9967742
49.028 enter
49.412 select will 1
49.416 start 4.0 1.0
49.419 move 868 852
49.988 click 3.9974093 0.9967742
50.547 click 3.9974093 0.9967742
50.819 enter
51.667 right
51.684 right
52.499 select go 5
52.504 start 4.0 1.0
52.507 move 868 852
52.995 move 871 852
53.011 move 875 852
53.027 move 878 852
53.043 move 881 852
53.075 move 885 852
53.092 move 888 852
53.107 move 891 852
53.123 move 895 852
53.139 move 898 852
53.155 move 901 852
53.171 move 905 852
53.188 move 908 852
53.203 move 911 852
53.22 move 914 852
53.236 move 918 852
53.252 move 921 852
53.268 move 924 852
53.284 move 928 852
53.301 move 931 852
53.316 move 934 852
53.332 move 938 852
53.348 move 941 852
53.364 move 944 852
53.38 move 948 852
53.396 move 951 852
53.411 move 954 852
53.427 move 957 852
53.443 move 961 852
53.459 move 964 852
53.475 move 967 852
53.491 move 971 852
53.508 move 974 852
53.523 move 977 852
53.555 move 981 852
53.571 move 984 852
53.588 move 987 852
53.603 move 991 852
53.619 move 994 852
53.635 move 997 852
53.651 move 1000 852
53.667 move 1004 852
53.684 move 1007 852
53.7 move 1010 852
53.716 move 1014 852
53.732 move 1017 852
53.875 click 4.76943 0.9967742
54.243 move 1017 853
54.259 move 1017 857
54.275 move 1017 860
54.307 move 1017 863
54.323 move 1017 867
54.339 move 1017 870
54.355 move 1017 873
54.388 move 1017 877
54.404 move 1017 880
54.42 move 1017 883
54.436 move 1017 887
54.468 move 1017 890
54.484 move 1017 893
54.5 move 1017 896
54.515 move 1017 900
54.547 move 1017 903
54.563 move 1017 906
54.579 move 1017 910
54.611 move 1017 913
54.627 move 1017 916
54.643 move 1017 920
54.659 move 1017 923
54.675 move 1017 926
54.707 move 1017 930
54.723 move 1017 933
54.739 move 1017 936
54.755 move 1017 939
54.788 move 1017 943
54.803 move 1017 946
54.819 move 1017 949
54.835 move 1017 953
54.851 move 1017 956
54.867 move 1017 959
54.884 move 1017 963
54.9 move 1017 966
54.916 move 1017 969
55.091 click 4.76943 1.7516129
55.363 enter
55.652 left
56.099 select on 2
56.103 start 4.0 1.0
56.107 move 868 852
56.995 click 3.9974093 0.9967742
57.556 click 3.9974093 0.9967742
58.275 click 3.9974093 0.9967742
58.788 move 868 851
58.804 move 868 847
58.819 move 868 844
58.836 move 868 841
58.851 move 868 837
58.867 move 868 834
58.883 move 868 831
58.9 move 868 827
58.915 move 868 824
58.931 move 868 821
58.947 move 868 817
58.963 move 868 814
58.979 move 868 811
58.995 move 868 808
59.011 move 868 804
59.027 move 868 801
59.043 move 868 798
59.059 move 868 794
59.092 move 868 791
59.107 move 868 788
59.123 move 868 784
59.139 move 868 781
59.171 move 868 778
59.188 move 868 774
59.204 move 868 771
59.219 move 868 768
59.251 move 868 765
59.267 move 868 761
59.284 move 868 758
59.3 move 868 755
59.315 move 868 751
59.347 move 868 748
59.539 click 3.9974093 0.32580644
59.892 move 868 751
59.907 move 868 755
59.924 move 868 758
59.939 move 868 761
59.971 move 868 765
59.988 move 868 768
60.003 move 868 771
60.019 move 868 775
60.051 move 868 778
60.067 move 868 781
60.083 move 868 784
60.1 move 868 788
60.116 move 868 791
60.132 move 868 794
60.148 move 868 798
60.164 move 868 801
60.18 move 868 804
60.196 move 868 808
60.227 move 868 811
60.243 move 868 814
60.436 click 3.9974093 0.7516129
60.979 move 868 811
60.995 move 868 808
61.011 move 868 804
61.027 move 868 801
61.043 move 868 798
61.059 move 868 794
61.075 move 868 791
61.092 move 868 788
61.107 move 868 784
61.123 move 868 781
61.139 move 868 778
61.156 move 868 774
61.172 move 868 771
61.188 move 868 768
61.204 move 868 765
61.22 move 868 761
61.236 move 868 758
61.252 move 868 755
61.283 move 868 751
61.299 move 868 748
61.315 move 868 745
61.331 move 868 741
61.347 move 868 738
61.363 move 868 735
61.379 move 868 732
61.396 move 868 728
61.411 move 868 725
61.556 click 3.9974093 0.17741936
61.763 enter
62.1 select strike 1
62.104 start 4.0 1.0
62.107 move 868 852
63.616 phrase an occasional taste of chocolate
64.467 start 4.0 1.0
64.471 click 3.9974093 0.9967742
64.852 move 868 855
64.868 move 868 859
64.884 move 868 862
64.901 move 868 865
64.915 move 868 868
64.932 move 868 872
64.947 move 868 875
64.963 move 868 878
64.979 move 868 882
64.995 move 868 885
65.012 move 868 888
65.028 move 868 892
65.044 move 868 895
65.06 move 868 898
65.076 move 868 902
65.092 move 868 905
65.123 move 868 908
65.139 move 868 911
65.157 move 868 915
65.172 move 868 918
65.188 move 868 921
65.204 move 868 925
65.22 move 868 928
65.235 move 868 931
65.252 move 868 935
65.283 move 868 938
65.3 move 868 941
65.316 move 868 944
65.332 move 868 948
65.364 move 868 951
65.38 move 868 954
65.396 move 868 958
65.635 click 3.9974093 1.6806452
65.844 enter
66.1 select an 1
66.104 start 4.0 1.0
66.107 move 868 852
66.66 move 869 852
66.676 move 873 852
66.691 move 876 852
66.708 move 879 852
66.723 move 883 852
66.739 move 886 852
66.755 move 889 852
66.787 move 893 852
66.804 move 896 852
66.819 move 899 852
66.835 move 903 852
66.851 move 906 852
66.867 move 909 852
66.883 move 912 852
66.9 move 916 852
66.916 move 919 852
66.948 move 922 852
66.964 move 926 852
66.98 move 929 852
66.996 move 932 852
67.012 move 936 852
67.043 move 939 852
67.059 move 942 852
67.075 move 945 852
67.091 move 949 852
67.124 move 952 852
67.14 move 955 852
67.156 move 959 852
67.172 move 962 852
67.188 move 965 852
67.219 move 969 852
67.235 move 972 852
67.251 move 975 852
67.267 move 979 852
67.3 move 982 852
67.315 move 985 852
67.331 move 988 852
67.507 click 4.619171 0.9967742
67.875 move 988 854
67.908 move 988 857
67.924 move 988 861
67.939 move 988 864
67.955 move 988 867
67.971 move 988 870
68.003 move 988 874
68.02 move 988 877
68.036 move 988 880
68.052 move 988 884
68.068 move 988 887
68.084 move 988 890
68.1 move 988 894
68.116 move 988 897
68.132 move 988 900
68.148 move 988 903
68.18 move 988 907
68.196 move 988 910
68.212 move 988 913
68.227 move 988 917
68.243 move 988 920
68.259 move 988 923
68.275 move 988 927
68.291 move 986 931
68.308 move 981 935
68.34 move 977 940
68.356 move 972 944
68.372 move 969 944
68.388 move 966 944
68.404 move 962 944
68.419 move 959 944
68.435 move 956 944
68.451 move 952 944
68.467 move 949 944
68.483 move 946 944
68.499 move 942 944
68.515 move 939 944
68.531 move 936 944
68.547 move 932 944
68.579 move 929 944
68.595 move 926 944
68.612 move 923 944
68.628 move 919 944
68.659 move 916 944
68.676 move 913 944
68.692 move 909 944
68.707 move 906 944
68.74 move 903 944
68.756 move 899 944
68.772 move 896 944
68.788 move 893 944
68.821 move 889 944
68.836 move 886 944
68.852 move 883 944
68.868 move 880 944
68.9 move 876 944
68.916 move 873 945
68.931 move 870 945
68.947 move 866 945
68.963 move 863 946
68.995 move 860 946
69.011 move 856 946
69.027 move 853 946
69.043 move 850 947
69.075 move 846 947
69.091 move 843 948
69.108 move 840 948
69.123 move 836 949
69.139 move 833 950
69.155 move 829 951
69.171 move 826 952
69.187 move 822 953
69.204 move 819 955
69.22 move 815 956
69.258 move 811 958
69.268 move 808 959
69.284 move 804 961
69.3 move 800 962
69.316 move 797 964
69.332 move 793 966
69.348 move 789 967
69.364 move 786 969
69.396 move 782 970
69.412 move 778 972
69.427 move 774 973
69.443 move 771 975
69.459 move 767 976
69.475 move 763 978
69.491 move 760 979
69.508 move 756 981
69.523 move 752 982
69.555 move 749 984
69.571 move 745 986
69.587 move 741 987
69.604 move 738 989
69.619 move 734 990
69.635 move 730 992
69.651 move 726 993
69.667 move 723 995
69.683 move 719 996
69.715 move 715 998
69.731 move 712 998
70.083 click 3.189119 1.9387097
70.435 click 3.189119 1.9387097
70.803 move 709 998
70.819 move 706 998
70.851 move 703 998
70.867 move 700 998
70.883 move 696 998
70.916 move 693 998
70.932 move 690 998
70.948 move 686 998
70.964 move 683 998
70.996 move 680 998
71.012 move 676 998
71.027 move 673 998
71.043 move 670 998
71.059 move 666 998
71.092 move 663 998
71.108 move 660 998
71.123 move 657 998
71.139 move 653 998
71.155 move 650 998
71.171 move 647 998
71.187 move 643 998
71.203 move 640 998
71.219 move 637 998
71.235 move 633 998
71.251 move 630 998
71.267 move 627 998
71.283 move 624 998
71.315 move 620 998
71.332 move 617 998
71.348 move 614 998
71.364 move 610 998
71.396 move 607 998
71.411 move 604 998
71.428 move 600 998
71.444 move 597 998
71.46 move 594 998
71.492 move 590 998
71.508 move 587 998
71.524 move 584 998
71.556 move 581 998
71.572 move 577 998
71.588 move 574 998
71.604 move 571 998
71.619 move 567 998
71.636 move 564 998
71.652 move 561 998
71.668 move 557 998
71.684 move 554 998
71.7 move 551 998
71.732 move 547 998
71.748 move 544 998
71.764 move 541 998
71.78 move 538 998
71.811 move 534 998
71.827 move 531 998
71.843 move 528 998
71.859 move 524 998
71.891 move 521 998
71.908 move 518 998
72.035 click 2.1839378 1.9387097
72.547 click 2.1839378 1.9387097
73.027 click 2.1839378 1.9387097
73.428 click 2.1839378 1.9387097
73.716 click 2.1839378 1.9387097
74.163 click 2.1839378 1.9387097
74.403 click 2.1839378 1.9387097
74.691 enter
75.011 select occasional 1
75.017 start 4.0 1.0
75.02 move 868 852
75.732 click 3.9974093 0.9967742
76.164 move 867 852
76.18 move 865 852
76.196 move 862 852
76.227 move 858 852
76.243 move 855 852
76.259 move 852 852
76.275 move 849 852
76.307 move 845 852
76.323 move 842 852
76.339 move 839 852
76.355 move 835 852
76.371 move 832 852
76.403 move 829 852
76.42 move 825 852
76.436 move 822 852
76.468 move 819 852
76.484 move 815 852
76.5 move 812 852
76.517 move 809 852
76.547 move 806 852
76.563 move 802 852
76.579 move 799 852
76.596 move 796 852
76.612 move 792 852
76.627 move 789 852
76.643 move 786 852
76.659 move 782 852
76.675 move 779 852
76.707 move 776 852
76.723 move 772 852
76.74 move 769 852
76.755 move 766 852
76.771 move 763 852
76.787 move 759 852
76.803 move 756 852
76.82 move 753 852
76.835 move 749 852
76.851 move 746 852
76.867 move 743 852
76.883 move 739 852
76.899 move 736 852
76.916 move 733 852
76.931 move 729 852
76.964 move 726 852
76.98 move 723 852
76.996 move 720 852
77.012 move 716 852
77.028 move 713 852
77.157 click 3.1943004 0.9967742
77.459 click 3.1943004 0.9967742
78.036 move 713 848
78.068 move 713 845
78.084 move 713 842
78.1 move 713 839
78.116 move 713 835
78.147 move 713 832
78.163 move 713 829
78.179 move 713 825
78.195 move 713 822
78.211 move 713 819
78.227 move 713 815
78.243 move 713 812
78.259 move 713 809
78.275 move 713 806
78.291 move 713 802
78.323 move 713 799
78.339 move 713 796
78.355 move 713 792
78.371 move 713 789
78.403 move 713 786
78.419 move 713 782
78.435 move 713 779
78.451 move 713 776
78.483 move 713 772
78.5 move 713 769
78.515 move 713 766
78.532 move 713 763
78.563 move 713 759
78.579 move 713 756
78.595 move 713 753
78.611 move 713 749
78.644 move 713 746
78.66 move 713 743
78.676 move 713 739
78.692 move 713 736
78.867 click 3.1943004 0.2483871
79.38 click 3.1943004 0.2483871
79.683 enter
81.427 left
82.179 select taste 2
82.183 start 4.0 1.0
82.187 move 868 852
82.771 move 871 852
82.787 move 874 852
82.803 move 877 852
82.819 move 881 852
82.835 move 884 852
82.851 move 887 852
82.867 move 891 852
82.899 move 894 852
82.916 move 897 852
82.931 move 901 852
82.947 move 904 852
82.964 move 907 852
82.995 move 911 852
83.011 move 914 852
83.028 move 917 852
83.044 move 920 852
83.076 move 924 852
83.092 move 927 852
83.108 move 930 852
83.124 move 934 852
83.139 move 937 852
83.171 move 940 852
83.187 move 944 852
83.203 move 947 852
83.22 move 950 852
83.251 move 953 852
83.267 move 957 852
83.283 move 960 852
83.299 move 963 852
83.316 move 967 852
83.331 move 970 852
83.347 move 973 852
83.363 move 977 852
83.379 move 980 852
83.411 move 983 852
83.428 move 987 852
83.443 move 990 852
83.459 move 993 852
83.491 move 996 852
83.507 move 1000 852
83.524 move 1003 852
83.539 move 1006 852
83.555 move 1010 852
83.587 move 1013 852
83.747 click 4.7487044 0.9967742
84.035 click 4.7487044 0.9967742
84.323 enter
84.755 select of 1
84.76 start 4.0 1.0
84.763 move 868 852
85.668 move 864 852
85.684 move 861 852
85.699 move 858 852
85.715 move 854 853
85.731 move 851 854
85.747 move 847 854
85.763 move 844 855
85.779 move 841 855
85.795 move 837 855
85.811 move 834 855
85.827 move 831 855
85.844 move 828 855
85.859 move 824 855
85.875 move 821 855
85.891 move 818 855
85.908 move 814 855
85.925 move 811 855
85.939 move 808 855
85.956 move 804 855
85.988 move 801 855
86.004 move 798 855
86.02 move 794 856
86.035 move 790 861
86.051 move 785 865
86.067 move 781 870
86.083 move 776 875
86.099 move 772 879
86.115 move 767 884
86.132 move 762 888
86.147 move 762 891
86.163 move 762 895
86.179 move 762 898
86.195 move 762 901
86.211 move 761 905
86.227 move 761 908
86.244 move 761 911
86.26 move 761 915
86.276 move 760 918
86.308 move 760 921
86.324 move 760 925
86.339 move 759 928
86.355 move 759 931
86.387 move 759 935
86.403 move 759 938
86.42 move 758 941
86.435 move 758 945
86.451 move 758 948
86.467 move 757 951
86.483 move 757 955
86.499 move 756 958
86.515 move 754 962
86.531 move 751 966
86.563 move 746 971
86.58 move 741 975
86.596 move 737 980
86.612 move 732 984
86.628 move 728 989
86.643 move 723 993
86.659 move 719 998
86.675 move 714 1002
86.691 move 710 1007
86.723 move 705 1012
86.739 move 701 1016
86.755 move 696 1021
86.771 move 692 1025
86.947 click 3.0854921 2.112903
87.443 click 3.0854921 2.112903
88.18 click 3.0854921 2.112903
89.331 click 3.0854921 2.112903
89.812 move 693 1025
89.828 move 696 1025
89.843 move 700 1025
89.859 move 703 1025
89.876 move 706 1025
89.891 move 710 1025
89.908 move 713 1025
89.925 move 716 1025
89.939 move 720 1025
89.955 move 723 1025
89.987 move 726 1025
90.003 move 730 1025
90.02 move 733 1025
90.036 move 736 1025
90.067 move 739 1025
90.083 move 743 1025
90.099 move 746 1025
90.115 move 749 1025
90.132 move 753 1025
90.163 move 756 1025
90.179 move 759 1025
90.195 move 763 1025
90.211 move 766 1025
90.243 move 769 1025
90.259 move 773 1025
90.275 move 776 1025
90.291 move 779 1025
90.308 move 782 1025
90.324 move 786 1025
90.339 move 789 1025
90.355 move 792 1025
90.371 move 796 1025
90.387 move 799 1025
90.419 move 802 1025
90.436 move 806 1025
90.452 move 809 1025
90.484 move 812 1025
90.5 move 816 1025
90.516 move 819 1025
90.532 move 822 1025
90.548 move 825 1025
90.58 move 829 1025
90.771 click 3.7953367 2.112903
91.411 click 3.7953367 2.112903
91.748 move 826 1025
91.764 move 823 1025
91.78 move 820 1025
91.796 move 816 1025
91.812 move 813 1025
91.827 move 810 1025
91.844 move 806 1025
91.859 move 803 1025
91.875 move 800 1025
91.891 move 797 1025
92.052 click 3.6295338 2.112903
92.468 click 3.6295338 2.112903
92.899 click 3.6295338 2.112903
93.155 enter
93.427 select chocolate 1
93.432 start 4.0 1.0
93.435 move 868 852
95.055 phrase the children are playing
95.875 start 4.0 1.0
95.879 click 3.9974093 0.9967742
96.067 click 3.9974093 0.9967742
96.403 click 3.9974093 0.9967742
96.788 enter
97.027 select the 1
97.523 start 4.0 1.0
97.527 move 868 853
97.539 move 868 854
97.571 move 868 858
97.587 move 868 861
97.603 move 868 864
97.619 move 868 867
97.651 move 868 871
97.667 move 868 874
97.683 move 868 877
97.699 move 868 881
97.731 move 868 884
97.747 move 868 887
97.764 move 868 891
97.78 move 868 894
97.812 move 868 897
97.828 move 868 901
97.844 move 868 904
97.859 move 867 907
97.891 move 866 911
97.907 move 862 915
97.924 move 858 919
97.94 move 853 924
97.955 move 849 928
97.971 move 844 933
97.987 move 840 937
98.003 move 836 938
98.019 move 833 938
98.036 move 830 938
98.052 move 826 939
98.067 move 823 939
98.084 move 820 940
98.099 move 816 940
98.131 move 813 941
98.147 move 810 941
98.163 move 806 942
98.179 move 803 944
98.195 move 799 945
98.227 move 795 947
98.243 move 792 948
98.26 move 788 950
98.276 move 784 951
98.308 move 781 953
98.324 move 777 955
98.34 move 773 956
98.355 move 769 958
98.371 move 766 959
98.387 move 762 961
98.403 move 758 962
98.435 move 755 964
98.451 move 751 965
98.467 move 747 967
98.483 move 744 968
98.499 move 740 970
98.515 move 736 971
98.531 move 733 973
98.547 move 729 975
98.563 move 725 976
98.579 move 721 978
98.595 move 718 979
98.723 click 3.2202072 1.816129
99.107 click 3.2202072 1.816129
99.747 click 3.2202072 1.816129
100.212 move 719 979
100.228 move 723 979
100.243 move 726 979
100.259 move 729 979
100.275 move 733 979
100.291 move 736 979
100.307 move 739 979
100.323 move 743 979
100.34 move 746 979
100.372 move 749 979
100.387 move 752 979
100.403 move 756 979
100.419 move 759 979
100.436 move 762 979
100.467 move 766 979
100.483 move 769 979
100.499 move 772 979
100.515 move 776 979
100.547 move 779 979
100.563 move 782 979
100.579 move 786 979
100.595 move 789 979
100.627 move 792 979
100.643 move 795 979
100.659 move 799 979
100.675 move 802 979
100.73 move 809 979
100.74 move 812 979
100.756 move 815 979
100.772 move 819 979
100.804 move 822 979
100.963 click 3.7590675 1.816129
101.507 click 3.7590675 1.816129
102.115 click 3.7590675 1.816129
102.547 move 820 979
102.564 move 816 979
102.579 move 813 979
102.595 move 810 979
102.611 move 806 979
102.627 move 803 979
102.644 move 800 979
102.659 move 797 979
102.675 move 793 979
102.691 move 790 979
102.707 move 787 979
102.723 move 783 979
102.739 move 780 979
102.755 move 777 979
102.771 move 773 979
102.787 move 770 979
102.803 move 767 979
102.819 move 763 979
102.836 move 760 979
102.851 move 757 979
102.868 move 754 979
102.884 move 750 979
102.9 move 747 979
102.916 move 744 979
102.932 move 740 979
102.947 move 737 979
102.964 move 734 979
102.98 move 730 979
102.996 move 727 979
103.012 move 724 979
103.028 move 721 979
103.044 move 717 979
103.059 move 714 979
103.075 move 711 979
103.092 move 707 979
103.108 move 704 979
103.22 click 3.1476684 1.816129
103.779 click 3.1476684 1.816129
104.099 enter
104.435 select children 1
104.439 start 4.0 1.0
104.444 move 868 852
105.107 click 3.9974093 0.9967742
105.539 move 865 852
105.571 move 861 852
105.587 move 858 852
105.603 move 855 852
105.619 move 851 852
105.635 move 848 852
105.652 move 845 852
105.667 move 842 852
105.683 move 838 852
105.699 move 835 852
105.715 move 832 852
105.731 move 828 852
105.747 move 825 852
105.763 move 822 852
105.779 move 818 852
105.795 move 815 852
105.811 move 812 852
105.827 move 808 852
105.844 move 805 852
105.859 move 802 852
105.891 move 799 852
105.907 move 795 852
105.924 move 792 852
105.939 move 789 852
105.956 move 785 852
105.972 move 782 852
105.988 move 779 852
106.004 move 775 852
106.02 move 772 852
106.035 move 769 852
106.051 move 765 852
106.067 move 762 852
106.084 move 759 852
106.1 move 756 852
106.116 move 752 852
106.132 move 749 852
106.148 move 746 852
106.163 move 742 852
106.179 move 739 852
106.195 move 736 852
106.227 move 732 852
106.244 move 729 852
106.26 move 726 852
106.276 move 723 852
106.292 move 719 852
106.308 move 716 852
106.324 move 713 852
106.34 move 709 852
106.467 click 3.1735752 0.9967742
106.771 click 3.1735752 0.9967742
108.212 delete
108.707 move 709 851
108.723 move 709 847
108.739 move 709 844
108.756 move 708 841
108.771 move 708 837
108.787 move 708 834
108.803 move 707 831
108.835 move 707 827
108.851 move 707 824
108.867 move 707 821
108.883 move 706 817
108.915 move 706 814
108.931 move 706 811
108.948 move 705 807
108.963 move 705 804
108.979 move 705 801
108.995 move 705 797
109.011 move 704 794
109.027 move 704 791
109.043 move 704 787
109.075 move 704 784
109.091 move 703 781
109.107 move 703 777
109.123 move 703 774
109.156 move 702 771
109.171 move 702 767
109.187 move 702 764
109.203 move 702 761
109.219 move 701 757
109.235 move 701 754
109.251 move 701 751
109.268 move 700 747
109.284 move 700 744
109.316 move 700 741
109.332 move 700 737
109.347 move 699 734
109.363 move 699 731
109.523 click 3.1217616 0.216129
109.811 enter
110.18 select are 1
110.185 start 4.0 1.0
110.189 move 868 852
110.611 move 869 852
110.627 move 872 852
110.643 move 876 852
110.66 move 879 852
110.676 move 882 852
110.692 move 886 852
110.708 move 889 852
110.724 move 892 852
110.74 move 895 852
110.756 move 899 852
110.771 move 902 852
110.787 move 905 852
110.803 move 909 852
110.82 move 912 852
110.851 move 915 852
110.867 move 919 852
110.883 move 922 852
110.899 move 925 852
110.931 move 929 852
110.947 move 932 852
110.964 move 935 852
110.996 move 938 852
111.012 move 942 852
111.028 move 945 852
111.044 move 948 852
111.059 move 952 852
111.075 move 955 852
111.091 move 958 852
111.107 move 962 852
111.123 move 965 852
111.139 move 968 852
111.156 move 972 852
111.172 move 975 852
111.188 move 978 852
111.204 move 981 852
111.22 move 985 852
111.235 move 988 852
111.267 move 991 852
111.283 move 995 852
111.299 move 998 852
111.315 move 1001 852
111.331 move 1005 852
111.347 move 1008 852
111.364 move 1011 852
111.38 move 1015 852
111.54 click 4.7590675 0.9967742
112.003 move 1016 852
112.035 move 1019 852
112.052 move 1022 852
112.067 move 1025 852
112.084 move 1029 852
112.1 move 1032 852
112.132 move 1035 852
112.148 move 1039 852
112.164 move 1042 852
112.179 move 1045 852
112.211 move 1049 852
112.227 move 1052 852
112.243 move 1055 852
112.259 move 1059 852
112.291 move 1062 852
112.307 move 1065 852
112.323 move 1068 852
112.339 move 1072 852
112.371 move 1075 852
112.387 move 1078 852
112.403 move 1082 852
112.419 move 1085 852
112.435 move 1088 852
112.451 move 1092 852
112.467 move 1095 852
112.483 move 1098 852
112.499 move 1102 852
112.515 move 1105 852
112.531 move 1108 852
112.547 move 1111 852
112.563 move 1115 852
112.58 move 1118 852
112.596 move 1121 852
112.611 move 1125 852
112.627 move 1128 852
112.643 move 1131 852
112.659 move 1135 852
112.676 move 1138 852
112.692 move 1141 852
112.708 move 1144 852
112.724 move 1148 852
112.74 move 1151 852
112.756 move 1154 852
112.771 move 1158 852
112.787 move 1161 852
112.803 move 1164 852
112.82 move 1168 852
112.836 move 1171 852
112.852 move 1174 852
112.867 move 1178 852
112.883 move 1181 852
112.899 move 1184 852
112.915 move 1187 852
112.931 move 1191 852
112.964 move 1194 852
112.979 move 1197 852
112.995 move 1201 852
113.172 click 5.722798 0.9967742
113.571 click 5.722798 0.9967742
114.068 move 1201 851
114.083 move 1201 848
114.099 move 1201 845
114.116 move 1201 842
114.132 move 1201 839
114.148 move 1201 835
114.163 move 1201 832
114.179 move 1201 829
114.212 move 1201 825
114.228 move 1201 822
114.244 move 1201 819
114.26 move 1201 815
114.275 move 1201 812
114.291 move 1201 809
114.307 move 1201 805
114.323 move 1201 802
114.339 move 1201 799
114.355 move 1201 796
114.372 move 1201 792
114.388 move 1201 789
114.404 move 1201 786
114.42 move 1201 782
114.436 move 1201 779
114.452 move 1201 776
114.468 move 1201 772
114.483 move 1201 769
114.499 move 1201 766
114.515 move 1201 763
114.531 move 1201 759
114.547 move 1201 756
114.564 move 1201 753
114.58 move 1201 749
114.596 move 1201 746
114.612 move 1201 743
114.628 move 1201 739
114.644 move 1201 736
114.66 move 1201 733
114.675 move 1201 729
114.691 move 1201 726
114.708 move 1201 723
114.723 move 1201 720
114.739 move 1201 716
114.851 click 5.722798 0.119354844
115.444 click 5.722798 0.119354844
115.876 move 1201 718
115.891 move 1201 721
115.907 move 1201 724
115.924 move 1201 728
115.955 move 1201 731
115.971 move 1201 734
115.988 move 1201 738
116.004 move 1201 741
116.02 move 1201 744
116.036 move 1201 748
116.052 move 1201 751
116.067 move 1201 754
116.083 move 1201 758
116.116 move 1201 761
116.132 move 1201 764
116.148 move 1201 767
116.163 move 1201 771
116.196 move 1201 774
116.212 move 1201 777
116.227 move 1201 781
116.244 move 1201 784
116.275 move 1201 787
116.291 move 1201 791
116.307 move 1201 794
116.323 move 1201 797
116.356 move 1201 801
116.371 move 1201 804
116.387 move 1201 807
116.403 move 1201 810
116.419 move 1201 814
116.435 move 1201 817
116.451 move 1201 820
116.611 click 5.722798 0.79032254
116.755 click 5.722798 0.79032254
117.172 enter
117.443 select playing 1
117.447 start 4.0 1.0
117.45 move 868 852
119.009 phrase the winner of the race
119.811 start 4.0 1.0
119.814 click 3.9974093 0.9967742
120.004 click 3.9974093 0.9967742
120.18 click 3.9974093 0.9967742
120.468 enter
120.868 select the 1
121.54 start 4.0 1.0
121.543 click 3.9974093 0.9967742
122.131 click 3.9974093 0.9967742
122.564 move 868 856
122.596 move 868 859
122.611 move 869 862
122.627 move 869 866
122.643 move 869 869
122.659 move 869 872
122.675 move 869 876
122.691 move 869 879
122.708 move 869 882
122.74 move 869 886
122.772 move 869 889
122.788 move 869 892
122.804 move 869 895
122.82 move 869 899
122.852 move 869 902
122.868 move 869 905
122.883 move 869 909
122.899 move 869 912
122.931 move 869 915
122.947 move 869 919
122.964 move 869 922
122.98 move 869 925
123.012 move 869 929
123.028 move 869 932
123.044 move 869 935
123.06 move 869 938
123.076 move 869 942
123.107 move 869 945
123.123 move 869 948
123.139 move 869 952
123.155 move 869 955
123.171 move 869 958
123.188 move 869 962
123.204 move 869 965
123.22 move 869 968
123.236 move 869 972
123.268 move 869 975
123.443 click 4.0025907 1.7903225
123.875 click 4.0025907 1.7903225
124.836 delete
125.251 move 870 975
125.268 move 874 975
125.283 move 877 975
125.3 move 880 975
125.332 move 884 975
125.348 move 887 975
125.364 move 890 975
125.379 move 894 975
125.395 move 897 975
125.411 move 900 975
125.427 move 903 975
125.443 move 907 975
125.459 move 910 975
125.475 move 913 975
125.507 move 917 975
125.523 move 920 975
125.539 move 923 975
125.555 move 927 975
125.587 move 930 975
125.603 move 933 975
125.619 move 937 975
125.635 move 940 975
125.668 move 943 975
125.683 move 946 975
125.699 move 950 975
125.715 move 953 975
125.732 move 956 975
125.764 move 960 975
125.779 move 963 975
125.795 move 966 975
125.812 move 970 975
125.844 move 973 975
125.86 move 976 975
125.875 move 979 975
125.891 move 983 975
125.924 move 986 975
125.939 move 989 975
125.955 move 993 975
125.971 move 996 975
126.003 move 999 975
126.18 click 4.6761656 1.7903225
126.851 click 4.6761656 1.7903225
127.235 move 997 975
127.251 move 994 975
127.283 move 991 975
127.299 move 987 975
127.315 move 984 975
127.331 move 981 975
127.348 move 977 975
127.38 move 974 975
127.395 move 971 975
127.411 move 967 975
127.427 move 964 975
127.459 move 961 975
127.475 move 957 975
127.491 move 954 975
127.507 move 951 975
127.539 move 948 975
127.555 move 944 975
127.571 move 941 975
127.587 move 938 975
127.62 move 934 975
127.635 move 931 975
127.651 move 928 975
127.668 move 924 975
127.7 move 921 975
127.716 move 918 975
127.732 move 914 975
127.748 move 911 975
127.779 move 908 975
127.796 move 905 975
127.812 move 901 975
127.828 move 898 975
127.86 move 895 975
127.876 move 891 975
127.891 move 888 975
127.907 move 885 975
127.924 move 881 975
127.955 move 878 975
127.972 move 875 975
127.989 move 871 975
128.004 move 868 975
128.02 move 865 975
128.036 move 862 975
128.052 move 858 975
128.067 move 855 975
128.083 move 852 975
128.115 move 848 975
128.131 move 845 975
128.147 move 842 975
128.163 move 838 975
128.195 move 835 975
128.211 move 832 975
128.227 move 829 975
128.243 move 825 975
128.275 move 822 975
128.291 move 819 975
128.307 move 815 975
128.323 move 812 975
128.339 move 809 975
128.371 move 805 975
128.388 move 802 975
128.404 move 799 975
128.42 move 795 975
128.436 move 792 975
128.452 move 789 975
128.467 move 786 975
128.483 move 782 975
128.499 move 779 975
128.532 move 776 975
128.547 move 772 975
128.563 move 769 975
128.58 move 766 975
128.611 move 762 975
128.628 move 759 975
128.643 move 756 975
128.659 move 752 975
128.676 move 749 975
128.691 move 746 975
128.707 move 743 975
128.723 move 739 975
128.739 move 736 975
128.756 move 733 975
128.787 move 729 975
128.963 click 3.2772021 1.7903225
129.155 enter
130.067 right
130.371 select winner 3
130.376 start 4.0 1.0
130.38 move 868 852
130.707 move 870 852
130.723 move 873 852
130.739 move 877 852
130.771 move 880 852
130.787 move 883 852
130.803 move 887 852
130.819 move 890 852
130.851 move 893 852
130.867 move 897 852
130.883 move 900 852
130.899 move 903 852
130.915 move 907 852
130.931 move 910 852
130.947 move 913 852
130.963 move 916 852
130.98 move 920 852
130.995 move 923 852
131.011 move 926 852
131.027 move 930 852
131.043 move 933 852
131.059 move 936 852
131.075 move 940 852
131.091 move 943 852
131.107 move 946 852
131.123 move 949 852
131.139 move 953 852
131.155 move 956 852
131.172 move 959 852
131.187 move 963 852
131.204 move 966 852
131.219 move 969 852
131.235 move 973 852
131.251 move 976 852
131.267 move 979 852
131.284 move 983 852
131.299 move 986 852
131.315 move 989 852
131.331 move 992 852
131.347 move 996 852
131.364 move 999 852
131.38 move 1002 852
131.395 move 1006 852
131.587 click 4.7124352 0.9967742
131.763 click 4.7124352 0.9967742
132.115 enter
132.451 select of 1
132.455 start 4.0 1.0
132.458 move 868 852
132.835 click 3.9974093 0.9967742
133.028 click 3.9974093 0.9967742
133.347 click 3.9974093 0.9967742
133.619 enter
133.843 select the 1
134.435 start 4.0 1.0
134.439 click 3.9974093 0.9967742
134.723 move 866 852
134.739 move 863 852
134.772 move 859 852
134.787 move 856 852
134.803 move 853 852
134.819 move 850 852
134.851 move 846 852
134.867 move 843 852
134.884 move 840 852
134.899 move 836 852
134.931 move 833 852
134.947 move 830 852
134.963 move 826 852
134.98 move 823 852
135.011 move 820 852
135.027 move 816 852
135.043 move 813 852
135.059 move 810 852
135.091 move 807 852
135.108 move 803 852
135.124 move 800 852
135.155 move 797 852
135.172 move 793 852
135.187 move 790 852
135.204 move 787 852
135.219 move 783 852
135.235 move 780 852
135.251 move 777 852
135.267 move 773 852
135.284 move 770 852
135.299 move 767 852
135.316 move 764 852
135.348 move 760 852
135.364 move 757 852
135.379 move 754 852
135.395 move 750 852
135.427 move 747 852
135.443 move 744 852
135.459 move 740 852
135.476 move 737 852
135.491 move 734 852
135.523 move 730 852
135.539 move 727 852
135.555 move 724 852
135.715 click 3.2512953 0.9967742
136.02 move 724 853
136.052 move 724 857
136.067 move 724 860
136.084 move 724 863
136.1 move 724 867
136.132 move 724 870
136.148 move 724 873
136.163 move 724 877
136.179 move 724 880
136.196 move 724 883
136.212 move 724 886
136.228 move 724 890
136.243 move 724 893
136.26 move 724 896
136.292 move 724 900
136.308 move 724 903
136.324 move 724 906
136.34 move 724 910
136.356 move 724 913
136.372 move 724 916
136.387 move 724 920
136.403 move 724 923
136.419 move 724 926
136.435 move 724 929
136.467 move 724 933
136.484 move 724 936
136.499 move 724 939
136.516 move 724 943
136.548 move 724 946
136.564 move 724 949
136.579 move 724 953
136.596 move 724 956
136.612 move 724 959
136.628 move 724 963
136.643 move 724 966
136.659 move 724 969
136.675 move 724 972
136.691 move 724 976
136.707 move 724 979
136.723 move 724 982
136.739 move 724 986
136.755 move 724 989
136.771 move 724 992
136.788 move 724 996
136.803 move 724 999
136.819 move 723 1002
136.964 click 3.246114 1.9645162
137.491 click 3.246114 1.9645162
137.715 enter
138.372 nextPage
139.22 select race 6
139.224 start 4.0 1.0
139.228 move 868 852
