0.001 session 1
0.002 phrase learn to walk before you run
4.529 start 4.0 1.0
4.532 move 868 851
4.537 move 868 849
4.545 move 868 848
4.553 move 868 847
4.569 move 869 847
4.577 move 871 847
4.585 move 874 847
4.593 move 878 849
4.601 move 886 853
4.609 move 896 858
4.617 move 907 863
4.625 move 918 869
4.634 move 931 875
4.641 move 944 880
4.649 move 958 887
4.658 move 973 893
4.665 move 986 897
4.673 move 1001 902
4.681 move 1016 906
4.689 move 1031 910
4.697 move 1046 913
4.705 move 1060 916
4.713 move 1075 918
4.721 move 1089 920
4.729 move 1102 921
4.737 move 1116 923
4.745 move 1129 924
4.753 move 1141 925
4.761 move 1154 926
4.769 move 1165 928
4.777 move 1176 929
4.785 move 1187 930
4.793 move 1198 931
4.801 move 1208 932
4.809 move 1218 933
4.817 move 1226 934
4.824 move 1234 935
4.833 move 1241 936
4.841 move 1248 936
4.849 move 1254 937
4.856 move 1259 938
4.865 move 1264 938
4.873 move 1269 939
4.881 move 1272 939
4.888 move 1275 940
4.897 move 1278 940
4.905 move 1280 940
4.913 move 1281 941
4.921 move 1283 941
4.929 move 1284 941
4.945 move 1285 941
5.122 move 1286 941
5.129 move 1288 941
5.137 move 1292 941
5.145 move 1300 941
5.153 move 1312 942
5.161 move 1326 942
5.169 move 1344 942
5.177 move 1364 943
5.185 move 1385 943
5.193 move 1406 944
5.201 move 1426 945
5.209 move 1447 945
5.217 move 1465 946
5.225 move 1481 946
5.233 move 1495 946
5.241 move 1508 946
5.249 move 1520 946
5.257 move 1531 946
5.265 move 1542 946
5.273 move 1552 946
5.281 move 1561 946
5.289 move 1570 946
5.297 move 1577 946
5.305 move 1583 946
5.313 move 1589 946
5.321 move 1593 946
5.329 move 1596 946
5.337 move 1599 946
5.345 move 1602 946
5.354 move 1604 946
5.361 move 1605 946
5.369 move 1606 946
5.377 move 1607 946
5.393 move 1608 946
6.233 click 7.831606 1.6032257
6.793 move 1606 946
6.801 move 1604 946
6.81 move 1599 946
6.817 move 1589 945
6.825 move 1577 945
6.833 move 1560 945
6.841 move 1540 945
6.849 move 1517 945
6.857 move 1491 947
6.865 move 1464 950
6.873 move 1435 954
6.881 move 1406 959
6.889 move 1377 965
6.897 move 1348 970
6.905 move 1321 975
6.913 move 1297 979
6.921 move 1273 983
6.929 move 1254 985
6.937 move 1238 987
6.946 move 1226 987
6.953 move 1216 988
6.961 move 1210 988
6.969 move 1206 988
6.977 move 1204 987
6.985 move 1202 986
7.001 move 1201 985
7.553 move 1200 985
7.561 move 1197 985
7.569 move 1193 985
7.577 move 1185 985
7.585 move 1173 985
7.593 move 1159 985
7.601 move 1141 985
7.609 move 1123 985
7.616 move 1103 985
7.624 move 1081 986
7.633 move 1059 987
7.641 move 1039 989
7.649 move 1018 991
7.657 move 1000 993
7.665 move 983 996
7.673 move 968 997
7.681 move 952 1000
7.689 move 938 1002
7.697 move 926 1003
7.705 move 914 1004
7.713 move 904 1005
7.721 move 893 1007
7.728 move 883 1007
7.736 move 873 1008
7.745 move 864 1008
7.752 move 856 1008
7.761 move 849 1008
7.768 move 841 1008
7.776 move 835 1008
7.785 move 830 1008
7.793 move 825 1008
7.801 move 819 1008
7.809 move 815 1008
7.817 move 810 1008
7.825 move 806 1008
7.833 move 803 1009
7.841 move 799 1009
7.849 move 796 1009
7.857 move 793 1009
7.865 move 791 1009
7.873 move 788 1009
7.881 move 786 1009
7.889 move 784 1009
7.897 move 783 1009
7.905 move 781 1009
7.913 move 780 1009
7.929 move 779 1009
7.937 move 778 1009
8.065 move 780 1009
8.074 move 782 1009
8.081 move 785 1009
8.089 move 788 1009
8.097 move 792 1009
8.105 move 796 1009
8.113 move 799 1009
8.121 move 801 1009
8.129 move 802 1009
8.137 move 803 1009
8.154 move 802 1009
8.161 move 800 1009
8.169 move 795 1009
8.177 move 789 1009
8.185 move 779 1008
8.193 move 768 1007
8.201 move 755 1005
8.209 move 743 1004
8.217 move 730 1002
8.225 move 716 1001
8.233 move 703 1000
8.241 move 691 1000
8.249 move 680 999
8.257 move 669 999
8.265 move 659 999
8.273 move 651 999
8.281 move 645 999
8.289 move 639 999
8.297 move 635 999
8.305 move 632 999
8.313 move 628 999
8.321 move 625 999
8.329 move 622 999
8.337 move 620 999
8.345 move 617 999
8.353 move 615 999
8.361 move 613 999
8.369 move 611 999
8.377 move 610 999
8.385 move 608 999
8.393 move 607 999
8.401 move 606 999
8.417 move 605 999
8.96 click 2.634715 1.9451613
9.441 move 604 999
9.449 move 601 999
9.457 move 596 999
9.465 move 587 1000
9.473 move 575 1001
9.481 move 562 1002
9.489 move 546 1004
9.498 move 530 1007
9.505 move 513 1009
9.513 move 496 1011
9.521 move 478 1013
9.529 move 462 1014
9.537 move 446 1015
9.545 move 430 1015
9.553 move 415 1015
9.561 move 401 1015
9.569 move 388 1015
9.577 move 375 1015
9.585 move 362 1015
9.593 move 350 1015
9.601 move 339 1015
9.609 move 328 1015
9.617 move 318 1015
9.625 move 307 1015
9.633 move 297 1015
9.641 move 287 1015
9.649 move 277 1016
9.657 move 267 1016
9.665 move 259 1016
9.673 move 252 1016
9.681 move 244 1016
9.689 move 238 1016
9.697 move 232 1016
9.705 move 227 1016
9.713 move 222 1016
9.721 move 218 1016
9.729 move 215 1016
9.737 move 212 1016
9.745 move 210 1016
9.753 move 208 1016
9.761 move 206 1016
9.769 move 204 1016
9.785 move 203 1016
9.801 move 202 1016
10.224 click 0.5466322 2.0548387
10.657 move 203 1016
10.665 move 205 1016
10.673 move 211 1015
10.681 move 220 1011
10.689 move 233 1006
10.697 move 248 1000
10.705 move 266 993
10.713 move 284 985
10.721 move 302 977
10.73 move 318 970
10.737 move 333 964
10.745 move 346 959
10.753 move 358 955
10.762 move 367 953
10.769 move 375 951
10.777 move 380 949
10.785 move 385 948
10.793 move 387 947
10.801 move 390 946
10.809 move 391 945
10.817 move 393 945
10.825 move 394 944
10.833 move 395 944
10.841 move 395 943
11.561 click 1.546632 1.5838709
11.873 move 396 943
11.881 move 399 943
11.889 move 404 943
11.897 move 415 941
11.905 move 431 937
11.913 move 450 933
11.921 move 472 928
11.929 move 496 923
11.937 move 521 919
11.945 move 548 915
11.953 move 574 913
11.961 move 599 911
11.969 move 625 910
11.977 move 649 909
11.985 move 671 908
11.993 move 693 907
12.001 move 711 906
12.009 move 728 903
12.017 move 743 900
12.026 move 755 897
12.033 move 769 894
12.041 move 781 893
12.049 move 794 892
12.057 move 804 890
12.065 move 814 890
12.073 move 825 889
12.081 move 835 888
12.09 move 845 888
12.097 move 853 888
12.105 move 861 888
12.113 move 869 888
12.121 move 875 888
12.129 move 882 888
12.137 move 888 888
12.145 move 894 888
12.153 move 899 888
12.161 move 903 888
12.169 move 907 888
12.177 move 911 888
12.185 move 914 888
12.193 move 917 888
12.201 move 920 888
12.209 move 923 888
12.218 move 926 888
12.225 move 928 888
12.233 move 930 888
12.241 move 932 888
12.249 move 933 888
12.257 move 934 888
12.265 move 935 888
12.282 move 936 888
12.457 move 937 888
12.466 move 939 887
12.473 move 943 886
12.481 move 952 885
12.489 move 964 883
12.498 move 978 880
12.505 move 994 878
12.513 move 1012 877
12.521 move 1030 876
12.529 move 1049 876
12.537 move 1067 876
12.545 move 1084 876
12.553 move 1100 876
12.562 move 1114 876
12.569 move 1126 876
12.577 move 1138 876
12.585 move 1147 875
12.593 move 1155 875
12.601 move 1161 875
12.609 move 1166 875
12.617 move 1170 875
12.625 move 1174 875
12.633 move 1177 875
12.641 move 1180 875
12.649 move 1183 875
12.657 move 1185 875
12.665 move 1188 875
12.673 move 1190 875
12.681 move 1192 875
12.689 move 1193 875
12.697 move 1194 875
12.705 move 1195 875
12.713 move 1196 875
12.721 move 1197 875
13.377 click 5.7020726 1.1451613
14.097 enter
15.249 select learn 1
15.816 start 4.0 1.0
15.819 click 3.9974093 0.9967742
16.097 move 869 852
16.113 move 872 852
16.121 move 877 851
16.129 move 889 850
16.137 move 906 848
16.145 move 928 846
16.153 move 952 843
16.161 move 978 841
16.169 move 1005 839
16.177 move 1036 837
16.185 move 1066 837
16.193 move 1098 837
16.201 move 1128 837
16.209 move 1159 837
16.217 move 1187 837
16.225 move 1213 836
16.233 move 1238 836
16.241 move 1265 836
16.249 move 1291 836
16.257 move 1315 836
16.265 move 1339 835
16.273 move 1364 835
16.281 move 1388 835
16.289 move 1412 835
16.297 move 1435 835
16.305 move 1459 834
16.313 move 1480 834
16.321 move 1503 834
16.329 move 1526 834
16.337 move 1547 834
16.345 move 1567 834
16.354 move 1588 833
16.361 move 1607 833
16.369 move 1626 833
16.377 move 1645 833
16.385 move 1663 833
16.393 move 1680 833
16.401 move 1697 832
16.409 move 1715 832
16.417 move 1731 832
16.425 move 1746 831
16.433 move 1762 831
16.441 move 1777 831
16.449 move 1791 831
16.457 move 1804 831
16.465 move 1817 831
16.473 move 1828 831
16.481 move 1840 831
16.489 move 1852 831
16.497 move 1863 831
16.505 move 1874 831
16.513 move 1884 830
16.521 move 1896 830
16.53 move 1905 830
16.537 move 1916 830
16.545 move 1919 830
16.585 move 1919 829
17.129 click 9.443006 0.8483871
17.825 enter
18.52 select to 1
18.897 start 4.0 1.0
18.901 move 867 852
18.905 move 863 852
18.913 move 851 852
18.921 move 832 852
18.929 move 807 852
18.937 move 778 853
18.945 move 742 856
18.953 move 704 860
18.961 move 662 866
18.969 move 620 873
18.977 move 577 880
18.985 move 537 887
18.993 move 498 894
19.001 move 458 902
19.009 move 421 908
19.017 move 385 914
19.025 move 348 920
19.033 move 313 925
19.042 move 278 930
19.049 move 242 935
19.057 move 209 939
19.065 move 177 944
19.073 move 144 948
19.081 move 113 950
19.089 move 82 953
19.097 move 53 956
19.105 move 23 959
19.113 move 0 961
19.121 move 0 963
19.129 move 0 964
19.137 move 0 966
19.145 move 0 967
19.153 move 0 968
19.161 move 0 969
19.169 move 0 970
19.201 move 0 971
19.233 move 0 972
19.249 move 0 973
19.313 move 0 974
19.441 move 0 975
19.633 click -0.5 1.7903225
20.177 click -0.5 1.7903225
20.529 move 4 975
20.537 move 18 972
20.545 move 40 966
20.553 move 73 957
20.561 move 112 945
20.569 move 158 933
20.577 move 207 921
20.585 move 259 910
20.593 move 310 900
20.601 move 363 890
20.609 move 412 882
20.617 move 462 874
20.625 move 510 867
20.633 move 556 860
20.641 move 603 854
20.649 move 648 848
20.657 move 693 843
20.665 move 738 839
20.673 move 781 834
20.681 move 824 830
20.689 move 868 826
20.697 move 909 823
20.705 move 951 820
20.713 move 993 817
20.721 move 1032 815
20.729 move 1071 812
20.737 move 1110 810
20.745 move 1149 809
20.753 move 1186 808
20.761 move 1224 808
20.769 move 1260 806
20.777 move 1296 806
20.785 move 1333 806
20.793 move 1368 805
20.801 move 1404 805
20.809 move 1439 805
20.817 move 1473 805
20.825 move 1507 804
20.833 move 1540 803
20.841 move 1572 803
20.849 move 1604 803
20.857 move 1633 803
20.865 move 1664 803
20.873 move 1693 803
20.881 move 1722 803
20.889 move 1751 803
20.897 move 1778 803
20.905 move 1805 803
20.913 move 1832 802
20.921 move 1858 802
20.929 move 1884 802
20.937 move 1910 802
20.945 move 1919 802
20.961 move 1919 801
21.017 move 1919 800
21.065 move 1919 799
21.153 move 1919 798
21.201 move 1919 797
21.593 click 9.443006 0.64193547
21.993 move 1918 797
22.001 move 1916 797
22.009 move 1910 797
22.017 move 1900 799
22.025 move 1889 802
22.033 move 1875 806
22.041 move 1859 811
22.049 move 1842 815
22.057 move 1824 819
22.065 move 1807 824
22.073 move 1791 827
22.081 move 1775 831
22.089 move 1761 834
22.097 move 1747 837
22.105 move 1735 839
22.113 move 1724 840
22.121 move 1712 841
22.129 move 1703 842
22.137 move 1695 842
22.145 move 1686 842
22.153 move 1679 842
22.161 move 1672 842
22.169 move 1666 842
22.177 move 1660 842
22.185 move 1655 842
22.193 move 1650 842
22.201 move 1645 842
22.209 move 1641 842
22.217 move 1637 842
22.225 move 1633 843
22.233 move 1630 843
22.241 move 1627 843
22.249 move 1624 843
22.257 move 1621 843
22.265 move 1619 843
22.273 move 1617 843
22.281 move 1615 843
22.289 move 1613 843
22.297 move 1612 843
22.305 move 1611 843
22.313 move 1610 843
22.337 move 1609 843
22.689 move 1608 843
22.696 move 1606 843
22.704 move 1602 843
22.712 move 1597 843
22.72 move 1589 843
22.728 move 1579 844
22.736 move 1568 845
22.745 move 1555 848
22.752 move 1542 851
22.76 move 1529 855
22.768 move 1516 860
22.776 move 1502 865
22.784 move 1489 871
22.792 move 1476 876
22.801 move 1463 881
22.808 move 1451 886
22.817 move 1439 891
22.825 move 1428 894
22.833 move 1417 898
22.841 move 1406 901
22.849 move 1397 905
22.857 move 1387 908
22.865 move 1378 911
22.873 move 1370 913
22.881 move 1362 915
22.889 move 1355 917
22.897 move 1348 918
22.905 move 1342 919
22.913 move 1336 919
22.921 move 1331 920
22.929 move 1326 920
22.937 move 1322 920
22.945 move 1318 920
22.954 move 1315 921
22.961 move 1312 921
22.969 move 1308 921
22.977 move 1305 921
22.985 move 1303 921
22.994 move 1301 921
23.001 move 1298 921
23.009 move 1296 921
23.017 move 1295 921
23.025 move 1293 921
23.033 move 1292 921
23.049 move 1291 921
23.321 click 6.1891193 1.4419355
23.992 enter
24.689 select walk 1
25.345 start 4.0 1.0
25.348 click 3.9974093 0.9967742
25.809 move 867 852
25.817 move 866 852
25.825 move 863 852
25.833 move 858 852
25.841 move 848 852
25.849 move 837 852
25.857 move 823 852
25.865 move 808 852
25.873 move 791 853
25.881 move 775 855
25.889 move 756 859
25.897 move 740 862
25.905 move 724 867
25.913 move 708 871
25.921 move 694 875
25.929 move 679 879
25.937 move 666 883
25.945 move 654 885
25.953 move 641 888
25.961 move 631 889
25.969 move 620 890
25.978 move 611 891
25.985 move 602 892
25.993 move 593 892
26.001 move 586 892
26.009 move 579 892
26.017 move 573 892
26.026 move 567 892
26.033 move 562 892
26.041 move 558 892
26.049 move 554 892
26.057 move 549 892
26.065 move 546 892
26.073 move 543 892
26.081 move 540 892
26.089 move 538 892
26.097 move 535 892
26.105 move 533 892
26.113 move 532 892
26.121 move 530 892
26.129 move 529 892
26.137 move 528 892
26.553 click 2.2357514 1.2548387
26.88 click 2.2357514 1.2548387
27.177 move 529 892
27.185 move 534 892
27.193 move 546 891
27.201 move 564 888
27.209 move 586 884
27.217 move 611 879
27.225 move 642 874
27.233 move 676 868
27.241 move 711 862
27.249 move 748 856
27.257 move 784 852
27.265 move 819 848
27.273 move 853 845
27.281 move 885 842
27.289 move 918 838
27.297 move 952 837
27.305 move 983 835
27.313 move 1014 834
27.321 move 1044 833
27.33 move 1075 833
27.337 move 1104 833
27.345 move 1132 833
27.353 move 1159 833
27.361 move 1187 833
27.369 move 1214 833
27.377 move 1242 833
27.385 move 1267 833
27.393 move 1294 832
27.401 move 1319 832
27.409 move 1343 832
27.417 move 1368 832
27.425 move 1393 831
27.433 move 1416 831
27.441 move 1439 831
27.449 move 1462 831
27.457 move 1484 831
27.465 move 1505 830
27.473 move 1526 830
27.481 move 1545 830
27.489 move 1564 830
27.497 move 1583 830
27.505 move 1600 829
27.513 move 1616 829
27.521 move 1631 829
27.529 move 1645 829
27.537 move 1659 829
27.545 move 1672 829
27.553 move 1683 829
27.561 move 1695 829
27.569 move 1707 829
27.577 move 1717 829
27.585 move 1728 829
27.593 move 1738 828
27.601 move 1747 828
27.609 move 1756 828
27.617 move 1764 828
27.625 move 1771 828
27.633 move 1777 828
27.641 move 1783 828
27.649 move 1788 828
27.657 move 1793 828
27.665 move 1797 828
27.673 move 1800 828
27.681 move 1804 828
27.689 move 1807 828
27.697 move 1810 828
27.705 move 1813 828
27.713 move 1815 828
27.721 move 1817 828
27.729 move 1819 828
27.737 move 1820 828
27.745 move 1821 828
27.753 move 1822 828
27.761 move 1823 828
28.208 click 8.945596 0.8419355
28.593 move 1822 828
28.601 move 1817 828
28.609 move 1805 828
28.617 move 1786 828
28.625 move 1761 828
28.633 move 1732 828
28.641 move 1697 829
28.649 move 1657 832
28.657 move 1614 838
28.665 move 1569 846
28.673 move 1522 854
28.681 move 1475 864
28.689 move 1430 872
28.697 move 1386 881
28.705 move 1345 888
28.713 move 1305 894
28.722 move 1263 901
28.729 move 1223 908
28.737 move 1183 914
28.745 move 1144 920
28.753 move 1105 926
28.761 move 1066 931
28.769 move 1029 936
28.777 move 991 940
28.785 move 955 944
28.793 move 919 948
28.801 move 882 952
28.809 move 848 954
28.817 move 812 957
28.825 move 777 960
28.833 move 743 961
28.842 move 709 963
28.85 move 676 964
28.857 move 644 964
28.865 move 612 965
28.873 move 581 965
28.881 move 552 965
28.889 move 523 965
28.897 move 495 965
28.905 move 466 965
28.913 move 439 965
28.921 move 412 965
28.929 move 387 966
28.937 move 361 966
28.945 move 335 966
28.953 move 311 966
28.961 move 287 966
28.969 move 263 966
28.977 move 240 966
28.985 move 217 966
28.993 move 192 966
29.001 move 170 966
29.009 move 147 966
29.017 move 129 967
29.025 move 114 967
29.033 move 104 967
29.041 move 100 967
29.051 move 98 967
29.065 move 100 966
29.073 move 104 966
29.081 move 111 964
29.089 move 119 964
29.097 move 128 963
29.105 move 135 962
29.113 move 141 962
29.121 move 145 962
29.129 move 148 962
29.137 move 151 962
29.145 move 154 962
29.153 move 157 962
29.161 move 161 962
29.169 move 165 962
29.177 move 171 962
29.185 move 178 962
29.193 move 186 962
29.201 move 196 961
29.209 move 207 960
29.217 move 218 959
29.225 move 229 957
29.233 move 240 955
29.241 move 252 952
29.249 move 263 948
29.257 move 274 945
29.265 move 284 941
29.273 move 295 936
29.281 move 304 932
29.289 move 313 927
29.297 move 323 923
29.305 move 331 919
29.313 move 340 915
29.321 move 347 911
29.329 move 353 908
29.337 move 359 905
29.345 move 364 902
29.353 move 369 900
29.361 move 373 899
29.369 move 377 897
29.377 move 380 896
29.385 move 383 895
29.393 move 386 894
29.4 move 389 894
29.409 move 391 894
29.417 move 394 894
29.425 move 396 894
29.433 move 397 894
29.441 move 399 894
29.449 move 400 894
29.457 move 401 894
29.472 move 402 894
30.089 click 1.5829015 1.2677419
30.466 click 1.5829015 1.2677419
31.081 enter
31.873 select before 1
32.513 start 4.0 1.0
32.517 click 3.9974093 0.9967742
32.809 move 869 852
32.817 move 870 852
32.825 move 874 851
32.833 move 887 847
32.841 move 911 841
32.849 move 943 833
32.857 move 980 826
32.865 move 1021 820
32.873 move 1063 817
32.881 move 1106 815
32.889 move 1150 815
32.897 move 1191 815
32.905 move 1230 816
32.914 move 1268 817
32.921 move 1306 818
32.929 move 1343 819
32.937 move 1381 819
32.945 move 1417 819
32.953 move 1452 819
32.961 move 1489 819
32.969 move 1525 819
32.977 move 1558 819
32.985 move 1591 819
32.993 move 1622 819
33.001 move 1652 819
33.009 move 1682 819
33.017 move 1710 818
33.025 move 1739 818
33.033 move 1768 818
33.041 move 1796 818
33.049 move 1822 818
33.057 move 1849 818
33.065 move 1875 818
33.073 move 1900 818
33.081 move 1919 818
33.105 move 1919 817
33.145 move 1919 816
33.177 move 1919 815
33.209 move 1919 814
33.265 move 1919 813
33.417 move 1919 812
33.624 click 9.443006 0.7387097
33.993 move 1918 812
34.001 move 1914 812
34.009 move 1907 812
34.017 move 1895 812
34.025 move 1876 813
34.033 move 1854 815
34.041 move 1830 818
34.049 move 1805 821
34.058 move 1779 825
34.065 move 1753 831
34.073 move 1728 835
34.081 move 1704 839
34.089 move 1680 842
34.097 move 1660 843
34.105 move 1642 844
34.113 move 1624 845
34.121 move 1607 845
34.129 move 1591 845
34.137 move 1575 846
34.145 move 1559 846
34.153 move 1544 846
34.161 move 1530 846
34.169 move 1516 846
34.177 move 1504 846
34.185 move 1491 846
34.193 move 1478 846
34.201 move 1466 846
34.209 move 1455 846
34.217 move 1444 846
34.225 move 1433 846
34.233 move 1422 846
34.241 move 1411 846
34.249 move 1401 846
34.257 move 1391 846
34.265 move 1381 846
34.273 move 1372 847
34.281 move 1363 847
34.29 move 1356 847
34.297 move 1349 847
34.305 move 1342 847
34.313 move 1336 847
34.321 move 1330 847
34.329 move 1324 847
34.337 move 1319 847
34.345 move 1314 847
34.353 move 1309 847
34.361 move 1305 847
34.369 move 1301 847
34.377 move 1298 847
34.386 move 1295 847
34.393 move 1292 847
34.401 move 1289 847
34.409 move 1286 847
34.417 move 1284 847
34.425 move 1282 847
34.433 move 1280 847
34.441 move 1279 847
34.449 move 1277 847
34.457 move 1276 847
34.473 move 1275 847
34.761 click 6.1062174 0.96451616
35.457 enter
36.153 select you 1
36.584 start 4.0 1.0
36.588 move 867 852
36.592 move 865 852
36.6 move 861 852
36.609 move 851 853
36.617 move 838 853
36.625 move 822 853
36.633 move 803 854
36.641 move 782 857
36.649 move 760 861
36.657 move 737 866
36.666 move 715 872
36.673 move 693 879
36.681 move 671 885
36.689 move 652 891
36.697 move 633 897
36.705 move 615 901
36.713 move 597 906
36.721 move 579 911
36.729 move 562 915
36.737 move 545 919
36.746 move 529 922
36.753 move 514 926
36.761 move 499 929
36.769 move 485 931
36.777 move 473 933
36.785 move 460 935
36.793 move 448 937
36.801 move 436 938
36.809 move 425 939
36.817 move 414 940
36.825 move 404 940
36.833 move 393 941
36.841 move 383 941
36.849 move 374 941
36.857 move 365 941
36.865 move 358 941
36.873 move 350 941
36.881 move 343 942
36.889 move 337 942
36.897 move 331 942
36.905 move 326 942
36.913 move 320 942
36.921 move 315 942
36.929 move 311 942
36.937 move 307 942
36.945 move 303 942
36.954 move 300 942
36.961 move 297 942
36.969 move 294 942
36.977 move 291 942
36.985 move 289 942
36.994 move 286 942
37.001 move 284 942
37.009 move 283 942
37.017 move 281 942
37.025 move 280 942
37.033 move 279 942
37.065 move 280 942
37.073 move 283 942
37.081 move 288 940
37.089 move 297 937
37.097 move 309 934
37.105 move 321 930
37.113 move 334 927
37.121 move 348 924
37.129 move 362 921
37.137 move 374 920
37.145 move 385 919
37.153 move 396 919
37.161 move 404 918
37.169 move 411 918
37.177 move 415 918
37.185 move 418 918
37.193 move 420 918
37.201 move 422 918
37.209 move 423 917
37.217 move 424 917
37.225 move 425 916
37.233 move 425 915
37.241 move 426 914
37.249 move 427 913
37.257 move 427 911
37.265 move 427 910
37.273 move 428 909
37.281 move 429 908
37.289 move 429 907
37.297 move 430 906
37.872 click 1.7279792 1.3451613
38.137 move 430 905
38.145 move 431 905
38.153 move 435 904
38.161 move 448 899
38.169 move 468 891
38.177 move 494 881
38.185 move 526 869
38.193 move 562 857
38.201 move 599 847
38.209 move 637 837
38.217 move 672 831
38.225 move 703 827
38.233 move 733 825
38.241 move 758 823
38.249 move 782 823
38.257 move 807 822
38.265 move 830 821
38.273 move 855 820
38.281 move 878 820
38.289 move 902 820
38.297 move 925 820
38.305 move 947 819
38.313 move 969 819
38.321 move 991 819
38.329 move 1011 818
38.337 move 1031 818
38.345 move 1051 818
38.353 move 1071 818
38.361 move 1090 818
38.369 move 1107 817
38.377 move 1125 817
38.385 move 1141 817
38.393 move 1159 817
38.401 move 1175 817
38.409 move 1190 817
38.417 move 1205 817
38.425 move 1218 817
38.433 move 1232 816
38.441 move 1245 816
38.449 move 1257 816
38.457 move 1268 816
38.465 move 1280 816
38.473 move 1290 816
38.481 move 1297 816
38.489 move 1302 816
38.497 move 1304 816
38.537 move 1303 818
38.545 move 1302 819
38.553 move 1301 821
38.561 move 1301 823
38.569 move 1300 825
38.577 move 1300 827
38.585 move 1300 828
38.593 move 1300 829
38.601 move 1300 830
39.225 click 6.235751 0.8548387
39.577 click 6.235751 0.8548387
40.192 enter
41.217 select run 1
41.792 phrase rapidly running short on words
42.761 start 4.0 1.0
42.764 move 867 852
42.769 move 862 852
42.777 move 851 852
42.785 move 835 853
42.793 move 813 853
42.801 move 787 854
42.809 move 760 854
42.817 move 732 855
42.825 move 703 856
42.833 move 675 856
42.841 move 649 857
42.849 move 623 857
42.857 move 597 858
42.865 move 571 858
42.873 move 545 858
42.881 move 521 858
42.889 move 497 859
42.897 move 472 859
42.905 move 448 859
42.913 move 425 859
42.921 move 402 859
42.929 move 379 859
42.938 move 355 860
42.945 move 333 860
42.953 move 312 860
42.961 move 290 860
42.969 move 269 860
42.977 move 249 861
42.985 move 229 861
42.993 move 210 861
43.001 move 192 861
43.009 move 174 861
43.017 move 157 861
43.025 move 140 861
43.033 move 123 861
43.041 move 107 861
43.049 move 92 861
43.057 move 76 861
43.065 move 61 861
43.073 move 47 862
43.081 move 33 862
43.089 move 20 862
43.097 move 7 862
43.105 move 0 862
43.193 move 1 862
43.201 move 5 862
43.209 move 14 862
43.217 move 30 862
43.225 move 49 862
43.233 move 70 862
43.241 move 94 861
43.249 move 116 861
43.257 move 139 859
43.264 move 161 857
43.272 move 180 856
43.28 move 197 853
43.288 move 211 851
43.296 move 224 848
43.305 move 235 844
43.312 move 245 842
43.32 move 253 839
43.328 move 261 837
43.337 move 270 835
43.344 move 278 833
43.353 move 284 832
43.36 move 291 831
43.368 move 298 831
43.376 move 303 830
43.384 move 309 830
43.392 move 313 830
43.4 move 318 830
43.408 move 322 830
43.416 move 325 830
43.424 move 328 830
43.432 move 332 830
43.441 move 335 830
43.449 move 337 830
43.457 move 339 830
43.465 move 342 830
43.473 move 343 830
43.481 move 345 830
43.489 move 346 830
43.497 move 347 830
43.505 move 348 830
43.529 move 349 830
43.937 move 350 830
43.945 move 352 830
43.953 move 355 830
43.961 move 362 829
43.969 move 373 827
43.977 move 384 826
43.985 move 398 823
43.993 move 413 821
44.001 move 427 819
44.011 move 441 816
44.017 move 453 815
44.025 move 464 814
44.033 move 475 813
44.041 move 486 813
44.049 move 496 813
44.058 move 505 812
44.065 move 514 812
44.073 move 524 812
44.081 move 531 812
44.089 move 539 812
44.097 move 546 812
44.105 move 552 812
44.113 move 558 812
44.121 move 563 812
44.129 move 569 812
44.137 move 574 812
44.145 move 578 812
44.153 move 583 812
44.161 move 587 812
44.169 move 591 812
44.177 move 594 812
44.185 move 597 812
44.193 move 600 812
44.201 move 603 812
44.209 move 606 812
44.217 move 608 812
44.225 move 610 812
44.233 move 612 812
44.241 move 614 812
44.249 move 616 812
44.257 move 617 812
44.273 move 618 812
44.289 move 619 812
44.632 click 2.707254 0.7387097
45.009 move 616 812
45.017 move 611 812
45.025 move 601 812
45.033 move 589 812
45.041 move 571 812
45.049 move 550 815
45.058 move 528 818
45.065 move 503 824
45.073 move 479 830
45.081 move 455 837
45.089 move 432 844
45.097 move 410 851
45.105 move 392 856
45.113 move 375 861
45.121 move 361 864
45.129 move 347 868
45.137 move 336 870
45.145 move 325 872
45.153 move 313 874
45.161 move 303 875
45.169 move 292 876
45.177 move 283 877
45.185 move 272 878
45.217 move 240 879
45.225 move 233 879
45.233 move 226 879
45.241 move 219 879
45.249 move 213 879
45.257 move 208 879
45.265 move 202 879
45.273 move 198 879
45.281 move 193 879
45.289 move 189 879
45.297 move 185 879
45.305 move 182 879
45.313 move 179 879
45.321 move 176 879
45.329 move 173 879
45.337 move 171 879
45.345 move 169 879
45.353 move 167 879
45.361 move 165 879
45.369 move 164 879
45.377 move 163 879
45.385 move 162 879
45.393 move 161 879
45.409 move 160 879
45.761 click 0.32901555 1.1709677
46.096 move 162 879
46.105 move 170 879
46.112 move 191 875
46.12 move 222 868
46.128 move 263 860
46.136 move 310 852
46.145 move 362 844
46.152 move 415 837
46.16 move 467 831
46.168 move 519 825
46.176 move 569 820
46.184 move 621 816
46.192 move 671 811
46.2 move 713 807
46.24 move 716 807
46.249 move 737 806
46.257 move 772 806
46.265 move 816 805
46.273 move 861 803
46.281 move 905 803
46.289 move 949 802
46.297 move 991 802
46.305 move 1033 802
46.313 move 1075 802
46.321 move 1115 801
46.329 move 1155 801
46.337 move 1194 800
46.345 move 1234 800
46.353 move 1272 800
46.361 move 1311 800
46.369 move 1348 800
46.377 move 1386 799
46.385 move 1424 799
46.393 move 1462 799
46.401 move 1499 799
46.409 move 1534 798
46.417 move 1569 797
46.425 move 1602 797
46.433 move 1634 797
46.441 move 1665 797
46.449 move 1695 797
46.457 move 1724 797
46.465 move 1754 797
46.473 move 1783 796
46.481 move 1811 796
46.489 move 1838 796
46.497 move 1865 796
46.505 move 1893 796
46.513 move 1919 796
46.593 move 1919 795
46.617 move 1919 794
46.649 move 1919 793
46.761 move 1919 792
47.089 click 9.443006 0.60967743
47.464 move 1917 792
47.472 move 1913 792
47.48 move 1905 792
47.488 move 1893 792
47.496 move 1877 792
47.504 move 1860 794
47.512 move 1840 797
47.52 move 1820 799
47.528 move 1799 802
47.536 move 1776 805
47.544 move 1755 809
47.552 move 1733 812
47.56 move 1713 814
47.569 move 1694 816
47.576 move 1677 818
47.585 move 1661 819
47.593 move 1647 820
47.601 move 1635 821
47.609 move 1624 821
47.617 move 1614 821
47.625 move 1604 821
47.633 move 1595 821
47.641 move 1588 821
47.649 move 1579 821
47.658 move 1573 821
47.665 move 1567 821
47.673 move 1560 822
47.682 move 1555 822
47.689 move 1549 822
47.697 move 1545 822
47.705 move 1540 822
47.713 move 1536 822
47.721 move 1533 822
47.729 move 1529 822
47.737 move 1526 822
47.745 move 1523 822
47.753 move 1520 822
47.761 move 1517 822
47.769 move 1515 822
47.777 move 1513 822
47.785 move 1511 822
47.793 move 1509 822
47.801 move 1508 822
47.809 move 1507 822
47.817 move 1506 822
47.826 move 1505 822
47.841 move 1504 822
48.297 click 7.292746 0.80322576
48.705 move 1503 822
48.712 move 1499 822
48.72 move 1489 822
48.729 move 1474 822
48.736 move 1454 824
48.744 move 1430 826
48.752 move 1403 830
48.761 move 1373 835
48.768 move 1342 841
48.776 move 1310 848
48.785 move 1278 855
48.792 move 1247 861
48.8 move 1217 868
48.808 move 1188 874
48.816 move 1160 878
48.824 move 1132 883
48.832 move 1104 888
48.84 move 1077 891
48.85 move 1050 895
48.856 move 1024 898
48.865 move 998 901
48.872 move 972 904
48.88 move 948 906
48.888 move 924 907
48.896 move 899 908
48.904 move 875 910
48.913 move 852 911
48.921 move 829 912
48.929 move 806 913
48.937 move 784 913
48.946 move 761 913
48.954 move 739 913
48.964 move 719 913
48.969 move 697 913
48.979 move 677 913
48.985 move 657 913
48.993 move 638 913
49.001 move 620 913
49.009 move 601 914
49.017 move 584 914
49.026 move 568 914
49.033 move 553 914
49.041 move 538 914
49.049 move 522 914
49.058 move 509 914
49.065 move 496 914
49.075 move 483 914
49.081 move 471 914
49.089 move 460 914
49.097 move 450 914
49.105 move 439 914
49.113 move 431 914
49.121 move 424 914
49.129 move 419 914
49.137 move 416 914
49.145 move 415 914
49.169 move 416 914
49.177 move 421 914
49.185 move 427 913
49.193 move 435 911
49.202 move 443 910
49.209 move 451 910
49.217 move 457 909
49.225 move 463 909
49.233 move 466 908
49.241 move 468 908
49.249 move 470 908
49.257 move 471 908
49.793 click 1.9404144 1.3580645
50.096 move 473 908
50.104 move 478 908
50.112 move 491 908
50.12 move 511 908
50.128 move 537 907
50.136 move 570 907
50.144 move 607 907
50.152 move 647 907
50.16 move 686 907
50.168 move 725 907
50.176 move 763 907
50.184 move 803 907
50.192 move 840 907
50.201 move 879 907
50.208 move 917 906
50.216 move 954 906
50.224 move 990 906
50.232 move 1025 905
50.24 move 1061 905
50.248 move 1096 904
50.256 move 1129 904
50.264 move 1161 903
50.272 move 1193 903
50.28 move 1224 903
50.288 move 1255 903
50.296 move 1284 903
50.304 move 1313 903
50.312 move 1344 903
50.321 move 1373 903
50.329 move 1401 903
50.337 move 1430 903
50.345 move 1458 902
50.353 move 1485 902
50.361 move 1512 902
50.369 move 1538 902
50.377 move 1564 902
50.385 move 1588 902
50.393 move 1614 901
50.401 move 1639 901
50.409 move 1663 901
50.417 move 1688 901
50.425 move 1712 901
50.433 move 1736 900
50.441 move 1759 900
50.449 move 1783 900
50.457 move 1806 900
50.465 move 1829 900
50.473 move 1852 900
50.481 move 1875 900
50.489 move 1896 899
50.497 move 1917 899
50.505 move 1919 899
50.521 move 1919 898
50.601 move 1919 897
50.681 move 1919 896
51.009 click 9.443006 1.2806451
51.377 move 1918 896
51.384 move 1910 896
51.392 move 1896 896
51.4 move 1875 897
51.408 move 1849 899
51.416 move 1819 903
51.424 move 1787 910
51.432 move 1753 918
51.44 move 1717 927
51.448 move 1684 936
51.456 move 1653 943
51.465 move 1625 950
51.473 move 1596 956
51.48 move 1568 962
51.488 move 1540 968
51.496 move 1512 973
51.505 move 1485 977
51.513 move 1459 981
51.521 move 1434 985
51.529 move 1408 987
51.537 move 1383 991
51.545 move 1360 994
51.553 move 1336 996
51.561 move 1311 997
51.569 move 1288 1000
51.577 move 1265 1001
51.585 move 1241 1002
51.593 move 1218 1003
51.601 move 1196 1004
51.609 move 1174 1004
51.617 move 1152 1004
51.625 move 1131 1004
51.633 move 1110 1005
51.641 move 1090 1005
51.649 move 1072 1005
51.657 move 1053 1005
51.665 move 1035 1005
51.673 move 1018 1005
51.681 move 1001 1006
51.689 move 985 1006
51.697 move 968 1006
51.705 move 953 1006
51.713 move 938 1006
51.721 move 923 1006
51.729 move 909 1006
51.737 move 895 1006
51.745 move 882 1006
51.753 move 870 1006
51.761 move 859 1006
51.769 move 847 1006
51.777 move 836 1006
51.785 move 825 1006
51.793 move 813 1006
51.801 move 803 1006
51.809 move 794 1006
51.817 move 786 1006
51.825 move 780 1006
51.833 move 776 1006
51.841 move 774 1006
51.849 move 773 1006
51.873 move 774 1006
51.881 move 777 1006
51.889 move 780 1006
51.897 move 784 1006
51.905 move 787 1006
51.913 move 790 1006
51.921 move 793 1006
51.929 move 796 1006
51.937 move 798 1006
51.945 move 800 1006
51.953 move 802 1006
51.961 move 803 1006
51.969 move 805 1006
51.977 move 807 1006
51.985 move 809 1006
51.994 move 811 1006
52.001 move 813 1006
52.009 move 815 1006
52.017 move 818 1006
52.025 move 820 1006
52.033 move 821 1006
52.042 move 823 1006
52.049 move 824 1006
52.057 move 825 1006
52.537 click 3.7746115 1.9903226
53.177 enter
53.705 select rapidly 1
54.216 start 4.0 1.0
54.221 move 865 852
54.224 move 861 852
54.232 move 852 852
54.24 move 840 854
54.248 move 826 857
54.256 move 810 861
54.264 move 794 866
54.272 move 777 870
54.28 move 762 876
54.288 move 746 879
54.296 move 731 883
54.304 move 716 888
54.312 move 701 891
54.321 move 686 894
54.329 move 674 897
54.337 move 660 900
54.346 move 648 902
54.353 move 636 904
54.361 move 625 905
54.37 move 613 907
54.377 move 602 908
54.385 move 593 908
54.393 move 583 908
54.401 move 574 908
54.409 move 565 908
54.417 move 557 908
54.425 move 549 908
54.433 move 542 908
54.441 move 536 908
54.45 move 530 908
54.457 move 525 908
54.465 move 520 908
54.473 move 515 908
54.481 move 511 908
54.489 move 507 908
54.497 move 503 908
54.505 move 500 908
54.514 move 497 908
54.521 move 494 909
54.529 move 491 909
54.537 move 488 909
54.545 move 486 909
54.553 move 484 909
54.561 move 482 909
54.569 move 480 909
54.577 move 478 909
54.585 move 477 909
54.593 move 475 909
54.609 move 474 909
54.625 move 473 909
54.913 click 1.9507773 1.3645161
55.201 move 476 909
55.209 move 484 909
55.217 move 498 907
55.225 move 520 903
55.233 move 547 898
55.241 move 577 894
55.249 move 608 890
55.257 move 642 887
55.265 move 676 885
55.273 move 709 884
55.281 move 739 884
55.289 move 766 884
55.296 move 791 884
55.305 move 813 883
55.313 move 834 883
55.321 move 853 883
55.33 move 873 883
55.337 move 892 883
55.345 move 912 882
55.353 move 929 882
55.361 move 947 882
55.369 move 965 881
55.377 move 982 881
55.385 move 998 881
55.392 move 1013 881
55.4 move 1029 881
55.409 move 1045 881
55.417 move 1059 881
55.425 move 1072 881
55.432 move 1086 881
55.441 move 1099 881
55.449 move 1110 881
55.457 move 1122 881
55.465 move 1133 881
55.473 move 1143 881
55.48 move 1154 880
55.488 move 1163 880
55.496 move 1172 880
55.504 move 1179 880
55.513 move 1187 880
55.52 move 1193 880
55.528 move 1199 880
55.536 move 1204 880
55.544 move 1210 880
55.552 move 1214 880
55.56 move 1218 880
55.568 move 1222 880
55.576 move 1225 880
55.584 move 1228 880
55.592 move 1231 880
55.6 move 1234 880
55.608 move 1237 880
55.616 move 1240 880
55.624 move 1242 880
55.632 move 1243 880
55.64 move 1244 880
55.705 move 1243 880
55.721 move 1242 880
55.732 move 1242 881
55.737 move 1241 881
55.753 move 1241 882
55.761 move 1240 882
56.329 click 5.9248705 1.1903226
56.697 click 5.9248705 1.1903226
57.145 click 5.9248705 1.1903226
57.745 click 5.9248705 1.1903226
58.192 click 5.9248705 1.1903226
58.649 move 1239 882
58.666 move 1237 882
58.673 move 1234 882
58.681 move 1230 882
58.689 move 1224 882
58.697 move 1217 882
58.705 move 1211 882
58.713 move 1204 882
58.721 move 1198 882
58.729 move 1191 882
58.737 move 1185 882
58.745 move 1180 882
58.753 move 1174 882
58.761 move 1170 882
58.769 move 1165 882
58.777 move 1161 882
58.785 move 1158 882
58.793 move 1154 882
58.801 move 1151 882
58.809 move 1148 882
58.817 move 1146 882
58.825 move 1143 882
58.833 move 1141 882
58.841 move 1139 882
58.849 move 1137 882
58.857 move 1135 882
58.865 move 1134 882
58.873 move 1133 882
58.881 move 1132 882
58.889 move 1131 882
58.913 move 1130 882
59.361 click 5.3549223 1.1903226
59.994 enter
60.585 select running 1
61.064 start 4.0 1.0
61.068 move 866 852
61.072 move 863 852
61.08 move 855 852
61.089 move 843 852
61.096 move 826 852
61.104 move 804 853
61.112 move 781 855
61.121 move 756 857
61.128 move 731 860
61.137 move 706 865
61.145 move 680 870
61.153 move 653 876
61.16 move 628 881
61.168 move 603 886
61.176 move 579 891
61.184 move 555 895
61.192 move 531 900
61.2 move 506 904
61.209 move 484 907
61.216 move 460 911
61.224 move 439 914
61.232 move 417 916
61.24 move 395 919
61.248 move 375 921
61.256 move 355 923
61.265 move 335 925
61.272 move 316 926
61.28 move 297 927
61.288 move 280 928
61.296 move 263 928
61.304 move 246 928
61.313 move 229 928
61.321 move 213 928
61.328 move 197 928
61.337 move 181 929
61.345 move 167 929
61.352 move 152 929
61.361 move 139 929
61.369 move 125 929
61.377 move 112 929
61.385 move 100 929
61.393 move 88 929
61.401 move 76 929
61.409 move 65 929
61.417 move 54 930
61.425 move 42 930
61.433 move 32 930
61.441 move 21 930
61.449 move 12 930
61.457 move 3 930
61.465 move 0 930
61.793 click -0.5 1.5
62.201 move 3 930
62.209 move 11 929
62.217 move 24 925
62.225 move 44 921
62.233 move 66 916
62.241 move 91 911
62.249 move 119 908
62.257 move 148 907
62.266 move 178 905
62.273 move 208 905
62.281 move 237 905
62.289 move 263 905
62.297 move 288 905
62.305 move 310 905
62.313 move 327 905
62.321 move 340 905
62.329 move 352 905
62.337 move 363 905
62.345 move 374 905
62.353 move 385 905
62.361 move 395 904
62.369 move 404 904
62.376 move 413 904
62.385 move 421 904
62.393 move 444 904
62.4 move 451 904
62.409 move 458 904
62.417 move 464 904
62.425 move 470 904
62.432 move 476 904
62.441 move 481 904
62.449 move 485 904
62.457 move 490 904
62.465 move 493 904
62.472 move 497 904
62.481 move 500 904
62.489 move 502 904
62.496 move 505 904
62.504 move 507 904
62.512 move 509 904
62.52 move 511 904
62.528 move 513 904
62.536 move 513 903
62.544 move 514 903
62.616 move 513 904
62.624 move 511 906
62.632 move 507 908
62.64 move 503 911
62.649 move 498 915
62.656 move 492 919
62.664 move 487 923
62.672 move 482 926
62.68 move 479 927
62.688 move 476 928
62.712 move 476 927
62.721 move 478 925
62.729 move 482 922
62.737 move 488 917
62.745 move 498 912
62.753 move 509 906
62.761 move 520 900
62.769 move 532 895
62.777 move 544 891
62.785 move 557 887
62.793 move 569 884
62.801 move 580 880
62.809 move 592 877
62.817 move 603 874
62.825 move 614 872
62.833 move 623 871
62.841 move 634 869
62.849 move 643 868
62.858 move 650 867
62.865 move 659 867
62.873 move 666 867
62.881 move 673 867
62.889 move 679 867
62.897 move 685 867
62.905 move 691 867
62.913 move 696 867
62.921 move 701 867
62.929 move 705 867
62.937 move 709 867
62.945 move 713 867
62.954 move 716 867
62.961 move 720 867
62.969 move 723 867
62.977 move 726 867
62.985 move 729 867
62.994 move 732 867
63.001 move 734 867
63.009 move 736 866
63.017 move 738 866
63.026 move 740 866
63.033 move 741 866
63.041 move 743 866
63.049 move 744 866
63.057 move 745 866
63.073 move 746 866
63.209 move 745 866
63.217 move 743 866
63.225 move 739 866
63.233 move 733 866
63.241 move 723 867
63.249 move 712 869
63.257 move 700 870
63.265 move 688 873
63.273 move 677 875
63.281 move 667 878
63.289 move 658 879
63.297 move 655 879
63.305 move 653 879
63.329 move 656 878
63.337 move 662 877
63.345 move 673 873
63.353 move 684 870
63.361 move 699 866
63.369 move 714 862
63.377 move 730 858
63.385 move 746 855
63.393 move 762 851
63.402 move 777 847
63.41 move 791 844
63.417 move 804 842
63.426 move 814 840
63.433 move 824 837
63.441 move 832 836
63.449 move 839 834
63.457 move 846 833
63.465 move 853 832
63.473 move 858 831
63.481 move 863 831
63.489 move 867 831
63.497 move 872 831
63.505 move 875 831
63.513 move 879 831
63.522 move 882 831
63.529 move 885 831
63.537 move 888 831
63.545 move 890 831
63.553 move 893 831
63.561 move 895 831
63.569 move 897 831
63.577 move 898 831
63.585 move 899 831
63.593 move 900 831
63.601 move 901 831
63.609 move 902 831
64.249 click 4.173575 0.86129034
64.497 move 903 831
64.505 move 908 830
64.514 move 920 825
64.521 move 939 817
64.529 move 963 806
64.537 move 994 795
64.545 move 1029 782
64.553 move 1066 770
64.561 move 1104 758
64.569 move 1142 749
64.577 move 1180 741
64.585 move 1214 734
64.593 move 1244 731
64.601 move 1273 727
64.609 move 1301 724
64.617 move 1328 720
64.625 move 1356 716
64.633 move 1381 713
64.641 move 1408 711
64.649 move 1434 709
64.657 move 1460 707
64.665 move 1485 705
64.673 move 1510 704
64.681 move 1534 703
64.689 move 1558 702
64.698 move 1581 702
64.705 move 1605 701
64.714 move 1629 700
64.721 move 1652 700
64.729 move 1675 700
64.737 move 1697 700
64.745 move 1719 700
64.753 move 1741 699
64.761 move 1762 699
64.769 move 1781 699
64.777 move 1800 699
64.785 move 1818 699
64.793 move 1835 699
64.801 move 1854 699
64.809 move 1870 699
64.817 move 1887 699
64.825 move 1903 699
64.833 move 1919 699
64.849 move 1919 698
65.336 click 9.443006 0.0032258034
65.857 move 1917 698
65.865 move 1914 698
65.873 move 1906 698
65.881 move 1892 701
65.889 move 1873 707
65.897 move 1852 714
65.933 move 1747 753
65.937 move 1720 763
65.945 move 1694 771
65.953 move 1669 778
65.961 move 1645 785
65.969 move 1621 792
65.977 move 1597 799
65.985 move 1573 804
65.993 move 1552 810
66.001 move 1530 815
66.009 move 1510 820
66.017 move 1491 824
66.025 move 1472 827
66.033 move 1453 831
66.041 move 1435 834
66.049 move 1419 837
66.057 move 1402 839
66.065 move 1385 842
66.073 move 1369 844
66.081 move 1353 846
66.089 move 1338 847
66.097 move 1324 849
66.105 move 1311 850
66.113 move 1298 850
66.121 move 1287 851
66.129 move 1275 851
66.137 move 1264 851
66.145 move 1253 851
66.153 move 1241 851
66.161 move 1230 851
66.169 move 1220 851
66.177 move 1211 851
66.185 move 1202 851
66.193 move 1193 851
66.201 move 1185 851
66.209 move 1179 851
66.217 move 1172 851
66.225 move 1166 851
66.233 move 1161 851
66.241 move 1155 851
66.249 move 1150 851
66.257 move 1145 851
66.265 move 1141 851
66.273 move 1137 852
66.281 move 1133 852
66.289 move 1130 852
66.297 move 1126 852
66.305 move 1123 852
66.313 move 1121 852
66.321 move 1118 852
66.33 move 1116 852
66.337 move 1114 852
66.345 move 1113 852
66.353 move 1111 852
66.361 move 1110 852
66.377 move 1109 852
66.393 move 1108 852
66.72 move 1106 852
66.728 move 1103 852
66.736 move 1096 852
66.744 move 1085 852
66.752 move 1071 854
66.76 move 1053 856
66.769 move 1033 860
66.777 move 1011 865
66.784 move 989 871
66.792 move 966 877
66.801 move 944 884
66.808 move 923 891
66.816 move 902 897
66.824 move 881 902
66.832 move 862 907
66.84 move 844 911
66.848 move 826 914
66.856 move 810 918
66.864 move 793 921
66.872 move 778 924
66.88 move 764 927
66.888 move 750 929
66.896 move 736 931
66.906 move 723 932
66.912 move 710 933
66.921 move 697 934
66.928 move 686 934
66.936 move 675 934
66.944 move 665 934
66.952 move 654 934
66.961 move 644 934
66.969 move 634 935
66.977 move 624 935
66.985 move 615 935
66.994 move 606 935
67.002 move 597 935
67.009 move 591 935
67.018 move 584 935
67.025 move 577 935
67.033 move 572 935
67.041 move 566 935
67.049 move 561 935
67.057 move 557 935
67.065 move 554 935
67.073 move 550 935
67.081 move 547 935
67.089 move 544 935
67.097 move 541 935
67.105 move 538 935
67.113 move 536 935
67.121 move 534 935
67.129 move 532 935
67.137 move 531 935
67.145 move 530 935
67.153 move 529 935
67.169 move 528 935
67.553 click 2.2357514 1.532258
67.865 move 529 935
67.872 move 533 935
67.881 move 541 934
67.889 move 554 932
67.897 move 571 928
67.905 move 590 925
67.913 move 612 922
67.921 move 635 918
67.929 move 658 915
67.937 move 680 913
67.946 move 700 911
67.953 move 719 909
67.961 move 736 908
67.969 move 753 907
67.977 move 769 907
67.985 move 785 906
67.993 move 801 906
68.001 move 816 906
68.009 move 830 906
68.017 move 844 906
68.025 move 857 906
68.033 move 869 906
68.041 move 881 906
68.049 move 894 906
68.056 move 904 906
68.065 move 916 906
68.073 move 927 906
68.081 move 938 906
68.088 move 949 906
68.097 move 958 906
68.105 move 968 906
68.113 move 976 906
68.12 move 985 905
68.129 move 993 905
68.137 move 1000 905
68.145 move 1007 905
68.152 move 1013 905
68.16 move 1019 905
68.168 move 1024 905
68.176 move 1029 905
68.184 move 1034 905
68.192 move 1038 905
68.2 move 1042 905
68.208 move 1045 905
68.216 move 1049 905
68.224 move 1051 905
68.232 move 1054 905
68.24 move 1057 905
68.248 move 1059 905
68.256 move 1062 905
68.264 move 1063 905
68.272 move 1065 905
68.28 move 1067 905
68.288 move 1068 905
68.296 move 1069 905
68.312 move 1070 905
68.681 click 5.0440416 1.3387097
69.368 enter
69.705 left
70.377 select short 2
71.233 start 4.0 1.0
71.237 move 874 852
71.241 move 887 852
71.249 move 907 851
71.257 move 933 850
71.265 move 965 848
71.273 move 1002 847
71.281 move 1042 846
71.289 move 1083 846
71.297 move 1123 846
71.305 move 1163 846
71.314 move 1202 846
71.321 move 1241 846
71.329 move 1279 846
71.337 move 1317 846
71.345 move 1355 846
71.353 move 1392 846
71.361 move 1429 846
71.37 move 1465 846
71.377 move 1502 846
71.385 move 1537 846
71.393 move 1572 845
71.402 move 1605 845
71.409 move 1636 845
71.417 move 1667 845
71.425 move 1698 845
71.433 move 1727 845
71.441 move 1754 844
71.449 move 1781 844
71.457 move 1808 844
71.465 move 1834 844
71.473 move 1857 844
71.481 move 1882 844
71.489 move 1906 844
71.497 move 1919 844
71.505 move 1919 843
71.553 move 1919 842
72.097 click 9.443006 0.932258
72.48 move 1918 842
72.488 move 1915 842
72.496 move 1910 842
72.504 move 1902 844
72.512 move 1891 847
72.52 move 1878 851
72.528 move 1865 856
72.536 move 1851 863
72.545 move 1836 868
72.553 move 1821 875
72.561 move 1807 880
72.569 move 1794 885
72.577 move 1781 890
72.585 move 1770 894
72.593 move 1760 897
72.601 move 1750 900
72.609 move 1742 901
72.617 move 1734 902
72.625 move 1727 903
72.633 move 1720 904
72.641 move 1715 904
72.649 move 1709 904
72.657 move 1704 904
72.666 move 1698 904
72.673 move 1693 904
72.681 move 1689 904
72.689 move 1686 904
72.697 move 1682 905
72.705 move 1679 905
72.713 move 1676 905
72.721 move 1673 905
72.73 move 1671 905
72.737 move 1668 905
72.746 move 1666 905
72.753 move 1664 905
72.761 move 1663 905
72.769 move 1661 905
72.777 move 1660 905
72.785 move 1659 905
72.793 move 1658 905
72.809 move 1657 905
73.121 move 1656 905
73.129 move 1655 905
73.137 move 1653 905
73.145 move 1649 905
73.153 move 1640 905
73.161 move 1630 905
73.169 move 1618 906
73.177 move 1605 907
73.185 move 1591 909
73.193 move 1577 911
73.201 move 1563 914
73.209 move 1550 917
73.217 move 1537 920
73.226 move 1525 923
73.235 move 1513 926
73.241 move 1503 928
73.249 move 1492 930
73.257 move 1482 931
73.265 move 1472 932
73.273 move 1463 933
73.281 move 1455 934
73.289 move 1447 934
73.297 move 1441 934
73.305 move 1434 934
73.313 move 1427 935
73.321 move 1421 935
73.329 move 1416 935
73.337 move 1411 935
73.345 move 1406 935
73.354 move 1402 935
73.361 move 1398 935
73.369 move 1395 935
73.377 move 1392 935
73.385 move 1389 935
73.393 move 1386 935
73.401 move 1384 935
73.409 move 1381 935
73.416 move 1379 935
73.424 move 1377 935
73.433 move 1375 935
73.441 move 1374 935
73.449 move 1373 935
73.457 move 1372 935
73.465 move 1371 935
73.473 move 1370 935
73.489 move 1369 935
73.736 click 6.593264 1.532258
74.385 enter
74.984 select on 1
75.521 start 4.0 1.0
75.527 move 867 852
75.532 move 864 852
75.537 move 859 852
75.545 move 850 853
75.553 move 839 854
75.561 move 826 856
75.569 move 809 858
75.577 move 792 860
75.585 move 773 862
75.593 move 753 864
75.601 move 731 867
75.609 move 707 869
75.619 move 683 870
75.625 move 658 872
75.633 move 634 873
75.641 move 608 874
75.649 move 583 875
75.657 move 559 875
75.665 move 534 876
75.673 move 510 876
75.681 move 487 876
75.689 move 464 877
75.697 move 442 877
75.705 move 419 877
75.713 move 399 877
75.721 move 378 877
75.729 move 359 877
75.737 move 340 877
75.746 move 322 878
75.753 move 305 878
75.761 move 289 878
75.769 move 273 878
75.777 move 256 878
75.785 move 241 878
75.793 move 226 878
75.801 move 211 878
75.809 move 197 878
75.817 move 184 878
75.825 move 171 878
75.833 move 160 878
75.841 move 148 878
75.849 move 137 878
75.857 move 126 878
75.865 move 116 878
75.873 move 105 878
75.881 move 96 878
75.889 move 88 878
75.897 move 80 878
75.905 move 73 878
75.913 move 66 878
75.921 move 61 878
75.929 move 56 878
75.937 move 52 878
75.946 move 48 878
75.956 move 45 879
75.966 move 42 879
75.973 move 40 879
75.979 move 37 879
75.985 move 35 879
75.993 move 33 879
76.001 move 32 879
76.008 move 30 879
76.016 move 29 879
76.024 move 28 879
76.257 click -0.3549223 1.1709677
76.65 move 30 879
76.657 move 37 878
76.665 move 54 872
76.673 move 82 864
76.681 move 116 854
76.689 move 155 845
76.697 move 200 838
76.705 move 245 833
76.713 move 293 831
76.721 move 341 829
76.729 move 386 829
76.738 move 433 829
76.746 move 475 829
76.753 move 518 829
76.761 move 559 829
76.769 move 601 829
76.777 move 641 829
76.785 move 680 829
76.793 move 720 829
76.801 move 759 829
76.809 move 798 829
76.818 move 837 829
76.831 move 873 828
76.836 move 911 828
76.843 move 947 828
76.849 move 984 827
76.857 move 1020 826
76.865 move 1055 826
76.873 move 1090 826
76.881 move 1125 826
76.889 move 1159 825
76.897 move 1191 825
76.905 move 1222 825
76.913 move 1253 825
76.921 move 1282 825
76.929 move 1313 825
76.937 move 1342 825
76.945 move 1371 825
76.953 move 1398 824
76.961 move 1426 824
76.969 move 1454 824
76.977 move 1480 824
76.985 move 1507 824
76.993 move 1532 824
77.001 move 1558 824
77.009 move 1583 824
77.017 move 1608 824
77.025 move 1632 824
77.033 move 1656 823
77.041 move 1680 823
77.049 move 1704 823
77.057 move 1727 823
77.065 move 1750 823
77.073 move 1773 823
77.081 move 1796 822
77.089 move 1817 821
77.097 move 1840 821
77.105 move 1861 821
77.113 move 1881 820
77.121 move 1902 820
77.129 move 1919 820
77.193 move 1919 819
77.289 move 1919 818
77.768 click 9.443006 0.7774193
78.273 move 1916 818
78.281 move 1909 818
78.29 move 1892 819
78.297 move 1866 822
78.305 move 1835 827
78.313 move 1798 834
78.321 move 1757 843
78.329 move 1714 852
78.337 move 1670 861
78.345 move 1626 870
78.353 move 1584 879
78.361 move 1543 886
78.369 move 1501 894
78.377 move 1458 902
78.385 move 1418 909
78.393 move 1378 917
78.401 move 1339 924
78.409 move 1300 930
78.417 move 1262 936
78.425 move 1224 941
78.433 move 1186 947
78.441 move 1147 952
78.449 move 1111 957
78.457 move 1073 963
78.465 move 1037 967
78.473 move 1002 971
78.481 move 967 975
78.489 move 933 979
78.497 move 899 981
78.505 move 866 983
78.513 move 833 986
78.521 move 801 988
78.529 move 770 990
78.537 move 739 991
78.545 move 708 992
78.553 move 678 992
78.561 move 649 993
78.569 move 619 993
78.577 move 591 993
78.585 move 563 993
78.593 move 535 994
78.601 move 508 994
78.609 move 482 994
78.617 move 458 994
78.625 move 434 994
78.633 move 408 994
78.641 move 384 994
78.65 move 361 995
78.657 move 337 995
78.665 move 315 995
78.673 move 293 995
78.681 move 270 995
78.689 move 249 995
78.697 move 228 996
78.705 move 207 996
78.713 move 189 996
78.721 move 170 996
78.729 move 153 997
78.737 move 138 997
78.745 move 127 997
78.753 move 121 997
78.761 move 119 997
78.769 move 119 996
78.777 move 123 994
78.785 move 133 990
78.793 move 148 986
78.801 move 166 981
78.809 move 186 977
78.817 move 207 974
78.825 move 227 970
78.833 move 245 969
78.841 move 263 967
78.849 move 278 966
78.857 move 290 965
78.865 move 301 963
78.873 move 310 962
78.881 move 318 961
78.889 move 325 959
78.897 move 330 958
78.905 move 336 957
78.913 move 340 956
78.921 move 346 954
78.929 move 351 952
78.936 move 356 951
78.945 move 360 949
78.952 move 364 947
78.961 move 368 946
78.969 move 373 945
78.977 move 376 944
78.985 move 379 943
78.993 move 382 943
79.001 move 384 943
79.009 move 387 943
79.016 move 389 943
79.025 move 391 943
79.033 move 392 943
79.041 move 394 943
79.049 move 395 943
79.056 move 396 943
79.064 move 397 943
79.088 move 398 943
79.713 click 1.5621762 1.5838709
80.169 click 1.5621762 1.5838709
80.488 move 400 943
80.496 move 402 943
80.504 move 405 943
80.512 move 408 943
80.52 move 410 943
80.528 move 411 943
80.56 move 407 943
80.568 move 401 944
80.576 move 392 948
80.584 move 381 952
80.593 move 370 956
80.6 move 359 960
80.609 move 346 964
80.616 move 335 968
80.625 move 323 971
80.632 move 314 972
80.64 move 306 973
80.648 move 301 974
80.656 move 296 974
80.665 move 292 974
80.673 move 289 974
80.68 move 286 974
80.689 move 284 974
80.697 move 283 974
80.706 move 281 974
80.714 move 280 974
80.73 move 279 974
81.153 click 0.94559586 1.7838709
81.824 enter
82.417 select words 1
