0.0 session 1
0.0 phrase win first prize in the contest
1.55 start 4.0 1.0
1.55 click 3.9974093 0.9967742
2.13 click 3.9974093 0.9967742
2.48 move 868 855
2.51 move 868 858
2.53 move 868 861
2.54 move 868 864
2.56 move 868 867
2.57 move 868 870
2.59 move 868 873
2.61 move 868 876
2.62 move 868 879
2.64 move 868 882
2.65 move 868 885
2.69 move 868 888
2.7 move 868 891
2.72 move 868 894
2.73 move 868 897
2.75 move 868 900
2.77 move 868 903
2.78 move 868 906
2.8 move 868 909
2.81 move 868 912
2.85 move 868 915
2.86 move 868 918
2.88 move 868 921
2.89 move 868 924
2.91 move 868 927
2.93 move 868 930
2.94 move 868 933
2.96 move 868 936
2.97 move 868 939
2.99 move 868 942
3.02 move 868 945
3.04 move 868 948
3.05 move 868 951
3.07 move 868 954
3.1 move 868 957
3.12 move 868 960
3.13 move 868 963
3.17 move 868 966
3.2 move 868 969
3.21 move 868 972
3.34 click 3.9974093 1.7709677
3.68 enter
4.29 right
4.43 right
4.78 select win 5
5.25 start 4.0 1.0
5.25 click 3.9974093 0.9967742
5.76 click 3.9974093 0.9967742
6.45 click 3.9974093 0.9967742
6.86 move 867 852
6.89 move 864 852
6.91 move 861 852
6.93 move 858 852
6.94 move 855 852
6.97 move 852 852
6.99 move 849 852
7.01 move 846 852
7.02 move 843 852
7.04 move 840 852
7.05 move 837 852
7.07 move 834 852
7.09 move 831 852
7.1 move 828 852
7.12 move 825 852
7.15 move 822 852
7.17 move 819 852
7.18 move 816 852
7.2 move 813 852
7.21 move 810 852
7.23 move 807 852
7.25 move 804 852
7.26 move 801 852
7.28 move 798 852
7.29 move 795 852
7.31 move 792 852
7.33 move 789 852
7.34 move 786 852
7.36 move 783 852
7.37 move 780 852
7.39 move 777 852
7.41 move 774 852
7.42 move 771 852
7.44 move 768 852
7.47 move 765 852
7.49 move 762 852
7.5 move 759 852
7.52 move 756 852
7.55 move 753 852
7.57 move 750 852
7.58 move 747 852
7.6 move 744 852
7.74 click 3.3549223 0.9967742
8.22 move 745 852
8.24 move 748 852
8.25 move 751 852
8.27 move 754 852
8.3 move 757 852
8.32 move 760 852
8.33 move 763 852
8.35 move 766 852
8.37 move 769 852
8.38 move 772 852
8.4 move 775 852
8.41 move 778 852
8.43 move 781 852
8.45 move 784 852
8.46 move 787 852
8.49 move 790 852
8.51 move 793 852
8.53 move 796 852
8.54 move 799 852
8.57 move 802 852
8.59 move 805 852
8.61 move 808 852
8.62 move 811 852
8.72 click 3.7020726 0.9967742
8.96 enter
9.36 select first 1
9.89 start 4.0 1.0
9.89 move 870 852
9.92 move 873 852
9.93 move 876 852
9.95 move 879 852
9.97 move 882 852
10.0 move 885 852
10.01 move 888 852
10.03 move 891 852
10.05 move 894 852
10.06 move 897 852
10.09 move 900 852
10.11 move 903 852
10.13 move 906 852
10.14 move 909 852
10.16 move 912 852
10.17 move 915 852
10.19 move 918 852
10.21 move 921 852
10.22 move 924 852
10.24 move 927 852
10.27 move 930 852
10.29 move 933 852
10.3 move 936 852
10.32 move 939 852
10.35 move 942 852
10.37 move 945 852
10.38 move 948 852
10.4 move 951 852
10.41 move 954 852
10.45 move 957 852
10.48 move 960 852
10.49 move 963 852
10.53 move 966 852
10.54 move 969 852
10.56 move 972 852
10.57 move 975 852
10.61 move 978 852
10.62 move 981 852
10.64 move 984 852
10.65 move 987 852
10.67 move 990 852
10.69 move 993 852
10.7 move 996 852
10.72 move 999 852
10.73 move 1002 852
10.75 move 1005 852
10.92 click 4.707254 0.9967742
11.33 move 1005 849
11.34 move 1005 846
11.36 move 1005 843
11.37 move 1005 840
11.39 move 1005 837
11.4 move 1005 834
11.42 move 1005 831
11.44 move 1005 828
11.45 move 1005 825
11.47 move 1005 822
11.48 move 1005 819
11.52 move 1005 816
11.53 move 1005 813
11.55 move 1005 810
11.56 move 1005 807
11.58 move 1005 804
11.61 move 1005 801
11.63 move 1005 798
11.64 move 1005 795
11.66 move 1005 792
11.69 move 1005 789
11.71 move 1005 786
11.72 move 1005 783
11.74 move 1005 780
11.76 move 1005 777
11.77 move 1005 774
11.79 move 1005 771
11.8 move 1005 768
11.82 move 1005 765
11.84 move 1005 762
11.85 move 1005 759
11.87 move 1005 756
11.89 move 1005 753
11.9 move 1005 750
11.92 move 1005 747
12.08 click 4.707254 0.31935483
12.81 click 4.707254 0.31935483
13.2 move 1005 750
13.21 move 1004 753
13.24 move 1004 756
13.26 move 1003 759
13.28 move 1002 762
13.291 move 1001 765
13.311 move 1001 768
13.341 move 1000 771
13.361 move 999 774
13.551 click 4.6761656 0.4935484
14.191 click 4.6761656 0.4935484
14.441 enter
15.681 right
15.881 right
16.241 select prize 5
16.641 start 4.0 1.0
16.641 move 869 852
16.651 move 872 852
16.671 move 875 852
16.701 move 878 852
16.721 move 881 852
16.731 move 884 852
16.751 move 887 852
16.781 move 890 852
16.801 move 893 852
16.811 move 896 852
16.831 move 899 852
16.841 move 902 852
16.861 move 905 852
16.881 move 908 852
16.891 move 911 852
16.911 move 914 852
16.921 move 917 852
16.961 move 920 852
16.971 move 923 852
16.991 move 926 852
17.001 move 929 852
17.041 move 932 852
17.051 move 935 852
17.071 move 938 852
17.081 move 941 852
17.101 move 944 852
17.131 move 947 852
17.151 move 950 852
17.161 move 953 852
17.201 move 956 852
17.211 move 959 852
17.231 move 962 852
17.241 move 965 852
17.261 move 968 852
17.291 move 971 852
17.311 move 974 852
17.321 move 977 852
17.341 move 980 852
17.371 move 983 852
17.391 move 986 852
17.601 click 4.6088085 0.9967742
17.951 move 986 855
17.961 move 986 858
17.981 move 986 861
18.011 move 986 864
18.031 move 986 867
18.041 move 986 870
18.061 move 986 873
18.081 move 986 876
18.091 move 986 879
18.111 move 986 882
18.121 move 986 885
18.141 move 986 888
18.161 move 986 891
18.171 move 986 894
18.191 move 986 897
18.201 move 986 900
18.221 move 986 903
18.241 move 986 906
18.251 move 986 909
18.271 move 986 912
18.281 move 986 915
18.301 move 986 918
18.321 move 986 921
18.331 move 986 924
18.351 move 986 927
18.361 move 986 930
18.381 move 986 933
18.411 move 986 936
18.431 move 986 939
18.441 move 986 942
18.461 move 986 945
18.481 move 986 948
18.491 move 986 951
18.511 move 986 954
18.701 click 4.6088085 1.6548388
18.911 enter
19.151 select in 1
19.531 start 4.0 1.0
19.541 click 3.9974093 0.9967742
19.741 click 3.9974093 0.9967742
20.321 click 3.9974093 0.9967742
20.571 enter
20.781 select the 1
21.231 start 4.0 1.0
21.231 move 868 853
21.241 move 868 855
21.261 move 868 858
21.291 move 868 861
21.311 move 868 864
21.321 move 868 867
21.341 move 868 870
21.361 move 868 873
21.371 move 868 876
21.391 move 868 879
21.401 move 868 882
21.421 move 868 885
21.441 move 868 888
21.451 move 868 891
21.471 move 868 894
21.481 move 868 897
21.501 move 867 900
21.521 move 866 903
21.531 move 865 906
21.551 move 865 909
21.561 move 862 912
21.581 move 860 915
21.601 move 858 918
21.611 move 856 921
21.631 move 853 924
21.641 move 851 927
21.661 move 848 930
21.691 move 846 933
21.711 move 843 936
21.721 move 840 939
21.741 move 837 942
21.771 move 834 945
21.791 move 831 948
21.801 move 828 948
21.821 move 825 949
21.851 move 822 950
21.871 move 819 951
21.881 move 816 951
21.901 move 813 952
21.921 move 810 953
21.931 move 807 954
21.951 move 804 954
21.961 move 801 955
21.981 move 798 956
22.001 move 795 957
22.011 move 792 957
22.031 move 789 958
22.041 move 786 959
22.061 move 783 960
22.081 move 780 960
22.091 move 777 961
22.111 move 774 962
22.121 move 771 963
22.141 move 768 963
22.161 move 765 964
22.171 move 762 964
22.191 move 759 965
22.201 move 756 965
22.221 move 753 966
22.241 move 750 966
22.271 move 747 967
22.281 move 744 967
22.301 move 741 968
22.321 move 738 968
22.331 move 735 969
22.351 move 732 969
22.361 move 729 970
22.491 click 3.2772021 1.7580645
22.991 click 3.2772021 1.7580645
23.521 click 3.2772021 1.7580645
23.981 move 729 967
24.001 move 729 964
24.031 move 729 961
24.041 move 729 958
24.061 move 729 955
24.081 move 730 952
24.091 move 731 949
24.121 move 734 946
24.141 move 737 943
24.161 move 740 940
24.171 move 743 937
24.201 move 746 937
24.221 move 749 937
24.241 move 752 937
24.251 move 755 937
24.271 move 758 937
24.281 move 761 937
24.301 move 764 937
24.321 move 767 937
24.331 move 770 937
24.351 move 773 937
24.381 move 776 937
24.401 move 779 937
24.411 move 782 937
24.431 move 785 937
24.441 move 788 937
24.461 move 791 937
24.481 move 794 937
24.491 move 797 937
24.511 move 800 937
24.521 move 803 937
24.541 move 806 937
24.701 click 3.6761656 1.5451612
25.261 click 3.6761656 1.5451612
25.661 move 804 937
25.681 move 801 937
25.711 move 798 937
25.721 move 795 937
25.741 move 792 937
25.761 move 789 937
25.771 move 786 937
25.791 move 783 937
25.801 move 780 937
25.821 move 777 937
25.851 move 774 937
25.871 move 771 937
25.881 move 768 937
25.901 move 765 937
25.921 move 762 937
25.931 move 759 937
25.951 move 756 937
25.961 move 753 937
25.981 move 750 937
26.001 move 747 937
26.011 move 744 937
26.041 move 741 937
26.061 move 738 937
26.081 move 735 937
26.091 move 732 937
26.111 move 729 937
26.121 move 726 937
26.141 move 723 937
26.161 move 720 937
26.191 move 717 937
26.201 move 714 937
26.221 move 711 937
26.241 move 708 937
26.251 move 705 937
26.281 move 702 937
26.301 move 699 937
26.321 move 696 937
26.351 move 693 937
26.361 move 690 937
26.381 move 687 937
26.401 move 684 937
26.411 move 681 937
26.441 move 678 937
26.461 move 675 937
26.481 move 672 937
26.491 move 669 937
26.521 move 666 937
26.541 move 663 937
26.561 move 660 937
26.571 move 657 937
26.601 move 654 937
26.621 move 651 937
26.641 move 648 937
26.651 move 645 937
26.681 move 642 937
26.701 move 639 937
26.721 move 636 937
26.731 move 633 937
26.761 move 630 937
26.781 move 627 937
26.801 move 624 937
26.811 move 621 937
26.841 move 618 937
26.861 move 615 937
26.881 move 612 937
26.891 move 609 937
26.911 move 606 937
26.921 move 603 937
26.941 move 600 937
26.961 move 597 937
26.971 move 594 937
26.991 move 591 937
27.001 move 588 937
27.041 move 585 937
27.051 move 582 937
27.071 move 579 937
27.081 move 576 937
27.101 move 573 937
27.121 move 570 937
27.131 move 567 937
27.151 move 564 937
27.161 move 561 937
27.201 move 558 937
27.211 move 555 937
27.231 move 552 937
27.241 move 549 937
27.441 click 2.3445597 1.5451612
27.982 move 549 935
28.002 move 551 932
28.012 move 553 929
28.032 move 554 926
28.042 move 556 923
28.082 move 558 920
28.091 move 560 917
28.112 move 561 914
28.122 move 563 911
28.162 move 565 908
28.172 move 567 905
28.192 move 568 902
28.202 move 570 899
28.222 move 572 896
28.242 move 574 893
28.252 move 575 890
28.282 move 577 887
28.302 move 579 884
28.322 move 581 881
28.332 move 582 878
28.352 move 584 875
28.362 move 586 872
28.382 move 588 869
28.402 move 589 866
28.412 move 591 863
28.432 move 593 860
28.442 move 595 857
28.462 move 596 854
28.482 move 598 851
28.492 move 600 848
28.512 move 602 845
28.542 move 603 842
28.562 move 605 839
28.572 move 607 836
28.592 move 609 833
28.602 move 610 830
28.622 move 612 827
28.642 move 614 824
28.652 move 616 821
28.672 move 617 818
28.682 move 619 815
28.702 move 621 812
28.732 move 623 809
28.752 move 624 806
28.762 move 626 803
28.782 move 628 800
28.802 move 630 797
28.832 move 631 794
28.842 move 633 791
28.862 move 635 788
28.882 move 637 785
28.912 move 638 782
28.922 move 640 779
28.942 move 642 776
28.962 move 644 773
28.972 move 645 770
29.002 move 647 767
29.022 move 649 764
29.042 move 651 761
29.052 move 652 758
29.082 move 654 755
29.102 move 655 752
29.122 move 657 749
29.342 click 2.904145 0.33225805
29.582 enter
30.602 right
30.862 select contest 3
31.872 phrase this is a non profit organization
33.322 start 4.0 1.0
33.332 click 3.9974093 0.9967742
33.562 click 3.9974093 0.9967742
34.012 move 870 852
34.032 move 873 852
34.042 move 876 852
34.062 move 879 852
34.082 move 882 852
34.092 move 885 852
34.112 move 888 851
34.122 move 891 850
34.142 move 894 848
34.162 move 897 847
34.172 move 900 844
34.192 move 903 842
34.202 move 906 839
34.222 move 909 836
34.242 move 912 833
34.252 move 915 830
34.272 move 918 827
34.282 move 921 824
34.302 move 924 821
34.322 move 927 818
34.332 move 930 815
34.352 move 933 812
34.362 move 936 809
34.402 move 939 806
34.412 move 942 803
34.432 move 945 800
34.442 move 948 797
34.462 move 951 794
34.482 move 954 791
34.492 move 957 788
34.512 move 960 785
34.522 move 962 782
34.562 move 965 779
34.572 move 968 776
34.592 move 971 773
34.602 move 974 770
34.622 move 977 767
34.652 move 980 764
34.672 move 983 761
34.682 move 986 758
34.702 move 989 755
34.722 move 992 754
34.842 click 4.6398964 0.36451614
34.942 move 991 756
34.962 move 989 757
34.972 move 988 759
34.992 move 987 761
35.002 move 986 763
35.022 move 984 764
35.042 move 983 766
35.052 move 981 768
35.082 move 979 770
35.102 move 977 771
35.122 move 975 773
35.132 move 973 774
35.152 move 971 776
35.182 move 969 778
35.202 move 967 781
35.212 move 965 784
35.232 move 963 787
35.262 move 961 790
35.282 move 959 793
35.292 move 957 796
35.312 move 955 799
35.322 move 953 802
35.342 move 951 805
35.362 move 949 808
35.632 click 4.4170985 0.71290326
35.872 enter
36.272 select this 1
36.602 start 4.0 1.0
36.612 move 870 852
36.622 move 873 852
36.642 move 876 852
36.652 move 879 852
36.672 move 882 852
36.682 move 885 852
36.702 move 888 852
36.722 move 891 852
36.752 move 894 852
36.762 move 897 852
36.782 move 900 852
36.802 move 903 852
36.812 move 906 852
36.832 move 909 852
36.842 move 912 852
36.862 move 915 852
36.882 move 918 852
36.892 move 921 852
36.912 move 924 852
36.922 move 927 852
36.942 move 930 852
36.962 move 933 852
36.972 move 936 852
36.992 move 939 852
37.002 move 942 852
37.022 move 945 852
37.042 move 948 852
37.052 move 951 852
37.072 move 954 852
37.082 move 957 852
37.102 move 960 852
37.122 move 963 852
37.132 move 966 852
37.152 move 969 852
37.162 move 972 852
37.182 move 975 852
37.202 move 978 852
37.212 move 981 852
37.232 move 984 852
37.242 move 987 852
37.262 move 990 852
37.282 move 993 852
37.292 move 996 852
37.312 move 999 852
37.342 move 1002 852
37.362 move 1005 852
37.372 move 1008 852
37.392 move 1011 852
37.402 move 1014 852
37.422 move 1017 852
37.562 click 4.76943 0.9967742
38.032 click 4.76943 0.9967742
38.272 enter
38.602 left
38.942 select is 2
39.372 start 4.0 1.0
39.382 click 3.9974093 0.9967742
39.632 enter
39.952 select a 1
40.272 start 4.0 1.0
40.272 move 868 853
40.282 move 868 856
40.302 move 868 859
40.322 move 868 862
40.332 move 868 865
40.352 move 868 868
40.382 move 868 871
40.392 move 868 874
40.412 move 868 877
40.432 move 868 880
40.442 move 868 883
40.462 move 868 886
40.472 move 868 889
40.492 move 868 892
40.512 move 868 895
40.522 move 868 898
40.542 move 868 901
40.552 move 868 904
40.572 move 868 907
40.592 move 868 910
40.602 move 868 913
40.622 move 868 916
40.632 move 868 919
40.652 move 868 922
40.672 move 868 925
40.682 move 868 928
40.702 move 868 931
40.712 move 868 934
40.732 move 868 937
40.762 move 868 940
40.782 move 868 943
40.792 move 868 946
40.812 move 868 949
40.842 move 868 952
40.862 move 868 955
40.872 move 868 958
40.892 move 868 961
40.922 move 868 964
41.072 click 3.9974093 1.7193549
41.562 click 3.9974093 1.7193549
42.062 move 870 964
42.072 move 873 966
42.092 move 876 967
42.112 move 879 968
42.122 move 882 969
42.142 move 885 971
42.152 move 888 972
42.172 move 891 973
42.192 move 894 974
42.202 move 897 976
42.222 move 900 977
42.232 move 903 978
42.252 move 906 979
42.272 move 909 981
42.282 move 912 982
42.302 move 915 983
42.312 move 918 984
42.332 move 921 986
42.353 move 924 987
42.362 move 927 988
42.383 move 930 989
42.393 move 933 991
42.413 move 936 992
42.433 move 939 993
42.443 move 942 994
42.463 move 945 996
42.473 move 948 997
42.493 move 951 998
42.513 move 954 999
42.523 move 957 999
42.543 move 960 999
42.553 move 963 999
42.573 move 966 999
42.593 move 969 999
42.603 move 972 999
42.623 move 975 999
42.633 move 978 999
42.653 move 981 999
42.913 click 4.5829015 1.9451613
43.153 enter
43.993 right
44.233 right
44.573 select non 5
45.103 start 4.0 1.0
45.103 move 870 852
45.113 move 873 852
45.133 move 876 852
45.153 move 879 852
45.163 move 882 852
45.183 move 885 852
45.193 move 888 852
45.233 move 891 852
45.243 move 894 852
45.263 move 897 852
45.273 move 900 852
45.293 move 903 852
45.313 move 906 852
45.323 move 909 852
45.343 move 912 852
45.353 move 915 852
45.373 move 918 852
45.393 move 921 852
45.403 move 924 852
45.423 move 927 852
45.433 move 930 852
45.453 move 933 852
45.473 move 936 852
45.483 move 939 852
45.503 move 942 852
45.533 move 945 852
45.553 move 948 852
45.563 move 951 852
45.583 move 954 852
45.593 move 957 852
45.633 move 960 852
45.643 move 963 852
45.663 move 966 852
45.673 move 969 852
45.693 move 972 852
45.713 move 975 852
45.723 move 978 852
45.743 move 981 852
45.753 move 984 852
45.793 move 987 852
45.803 move 990 852
45.823 move 993 852
45.833 move 996 852
45.853 move 999 852
45.883 move 1002 852
45.903 move 1005 852
45.913 move 1008 852
45.953 move 1011 852
46.073 click 4.738342 0.9967742
46.513 move 1011 850
46.523 move 1011 847
46.543 move 1011 844
46.553 move 1011 841
46.573 move 1011 838
46.593 move 1010 835
46.603 move 1010 832
46.623 move 1010 829
46.633 move 1010 826
46.653 move 1009 823
46.673 move 1009 820
46.683 move 1009 817
46.713 move 1009 814
46.733 move 1008 811
46.753 move 1008 808
46.763 move 1008 805
46.793 move 1008 802
46.813 move 1007 799
46.833 move 1007 796
46.843 move 1007 793
46.863 move 1007 790
46.873 move 1006 787
46.893 move 1006 784
46.913 move 1006 781
46.923 move 1006 778
46.943 move 1005 775
46.953 move 1005 772
46.973 move 1005 769
46.993 move 1005 766
47.003 move 1004 763
47.023 move 1004 760
47.033 move 1004 757
47.053 move 1004 754
47.073 move 1003 751
47.083 move 1003 748
47.103 move 1003 745
47.133 move 1003 742
47.153 move 1002 739
47.163 move 1002 736
47.273 click 4.69171 0.2483871
47.823 click 4.69171 0.2483871
48.393 click 4.69171 0.2483871
48.943 click 4.69171 0.2483871
49.313 click 4.69171 0.2483871
49.553 enter
51.453 nextPage
52.303 right
52.653 select profit 8
53.103 start 4.0 1.0
53.103 move 870 852
53.113 move 873 852
53.133 move 876 852
53.163 move 879 852
53.183 move 882 852
53.193 move 885 852
53.213 move 888 852
53.243 move 891 852
53.263 move 894 852
53.273 move 897 852
53.293 move 900 852
53.313 move 903 852
53.343 move 906 852
53.353 move 909 852
53.373 move 912 852
53.393 move 915 852
53.403 move 918 852
53.433 move 921 852
53.453 move 924 852
53.473 move 927 852
53.483 move 930 852
53.503 move 933 852
53.513 move 936 852
53.533 move 939 852
53.553 move 942 852
53.563 move 945 852
53.583 move 948 852
53.613 move 951 852
53.633 move 954 852
53.643 move 957 852
53.663 move 960 852
53.693 move 963 852
53.713 move 966 852
53.723 move 969 852
53.743 move 972 852
53.753 move 975 852
53.773 move 978 852
53.793 move 981 852
53.803 move 984 852
53.823 move 987 852
53.833 move 990 852
53.853 move 993 852
53.873 move 996 852
53.883 move 999 852
53.903 move 1002 852
53.913 move 1005 852
53.953 move 1008 852
53.963 move 1011 852
53.983 move 1014 852
54.113 click 4.753886 0.9967742
54.493 move 1014 850
54.523 move 1014 847
54.543 move 1014 844
54.553 move 1014 841
54.573 move 1014 838
54.593 move 1014 835
54.623 move 1014 832
54.633 move 1014 829
54.653 move 1014 826
54.673 move 1014 823
54.683 move 1014 820
54.703 move 1014 817
54.713 move 1014 814
54.733 move 1014 811
54.753 move 1014 808
54.763 move 1014 805
54.783 move 1014 802
54.793 move 1014 799
54.813 move 1014 796
54.833 move 1014 793
54.863 move 1014 790
54.873 move 1014 787
54.893 move 1014 784
54.913 move 1014 781
54.943 move 1014 778
54.983 move 1014 772
54.993 move 1014 769
55.003 move 1014 766
55.023 move 1014 763
55.033 move 1014 760
55.053 move 1014 757
55.073 move 1014 754
55.083 move 1014 751
55.113 move 1014 748
55.133 move 1014 745
55.153 move 1014 742
55.163 move 1014 739
55.183 move 1014 736
55.193 move 1014 733
55.213 move 1014 730
55.233 move 1014 727
55.243 move 1014 724
55.373 click 4.753886 0.17096776
55.673 move 1014 725
55.693 move 1014 728
55.713 move 1014 731
55.723 move 1014 734
55.743 move 1014 737
55.753 move 1014 740
55.773 move 1014 743
55.793 move 1014 746
55.803 move 1014 749
55.823 move 1014 752
55.833 move 1014 755
55.853 move 1014 758
55.873 move 1014 761
55.883 move 1014 764
55.903 move 1014 767
55.913 move 1014 770
55.933 move 1014 773
55.953 move 1014 776
55.963 move 1014 779
55.983 move 1014 782
55.993 move 1014 785
56.013 move 1014 788
56.033 move 1014 791
56.043 move 1014 794
56.063 move 1014 797
56.073 move 1014 800
56.093 move 1014 803
56.113 move 1014 806
56.123 move 1014 809
56.143 move 1014 812
56.153 move 1014 815
56.333 click 4.753886 0.7580645
56.944 click 4.753886 0.7580645
57.724 move 1014 817
57.744 move 1014 818
57.754 move 1014 821
57.774 move 1014 824
57.794 move 1014 827
57.804 move 1014 830
57.824 move 1014 833
57.834 move 1014 836
57.854 move 1014 839
57.874 move 1014 842
57.884 move 1014 845
57.904 move 1014 848
57.914 move 1014 851
57.934 move 1014 854
57.954 move 1014 857
57.964 move 1014 860
57.984 move 1014 863
57.994 move 1014 866
58.014 move 1014 869
58.034 move 1014 872
58.044 move 1014 875
58.064 move 1014 878
58.074 move 1014 881
58.094 move 1014 884
58.114 move 1014 887
58.124 move 1014 890
58.144 move 1014 893
58.154 move 1014 896
58.174 move 1014 899
58.194 move 1014 902
58.204 move 1014 905
58.224 move 1014 908
58.234 move 1014 911
58.254 move 1014 914
58.274 move 1014 917
58.284 move 1014 920
58.304 move 1014 923
58.314 move 1014 926
58.334 move 1014 929
58.354 move 1014 932
58.364 move 1014 935
58.394 move 1014 938
58.414 move 1014 941
58.434 move 1014 944
58.444 move 1014 947
58.464 move 1014 950
58.474 move 1014 953
58.494 move 1014 956
58.514 move 1014 959
58.524 move 1014 962
58.544 move 1014 965
58.574 move 1014 968
58.594 move 1014 971
58.604 move 1014 974
58.754 click 4.753886 1.7838709
59.294 click 4.753886 1.7838709
60.044 click 4.753886 1.7838709
60.494 click 4.753886 1.7838709
60.954 click 4.753886 1.7838709
61.374 click 4.753886 1.7838709
61.664 click 4.753886 1.7838709
62.044 click 4.753886 1.7838709
62.334 enter
62.624 select organization 1
63.944 phrase tell a lie and your nose will grow
65.244 start 4.0 1.0
65.254 click 3.9974093 0.9967742
65.644 move 868 850
65.664 move 868 847
65.674 move 868 844
65.694 move 868 841
65.714 move 868 838
65.724 move 866 835
65.744 move 864 832
65.754 move 861 829
65.774 move 858 826
65.794 move 855 823
65.824 move 852 820
65.834 move 849 817
65.854 move 846 814
65.874 move 843 811
65.884 move 840 808
65.904 move 837 805
65.914 move 834 802
65.934 move 831 799
65.954 move 828 796
65.964 move 825 793
65.984 move 822 790
65.994 move 819 787
66.014 move 816 784
66.034 move 813 784
66.044 move 810 784
66.064 move 807 783
66.094 move 804 783
66.114 move 801 782
66.124 move 798 782
66.144 move 795 781
66.174 move 792 781
66.194 move 789 780
66.204 move 786 780
66.224 move 783 779
66.234 move 780 779
66.254 move 777 778
66.274 move 774 778
66.284 move 771 777
66.304 move 768 777
66.314 move 765 776
66.354 move 762 776
66.364 move 759 775
66.384 move 756 775
66.394 move 753 774
66.414 move 750 774
66.434 move 747 773
66.464 move 744 773
66.474 move 741 773
66.494 move 738 772
66.514 move 735 771
66.524 move 732 771
66.794 click 3.292746 0.47419357
67.154 move 734 771
67.164 move 737 771
67.194 move 740 774
67.214 move 743 777
67.224 move 746 780
67.244 move 749 783
67.264 move 752 786
67.274 move 755 789
67.294 move 758 792
67.314 move 759 795
67.324 move 759 798
67.344 move 761 801
67.374 move 762 804
67.384 move 763 807
67.404 move 764 810
67.424 move 766 813
67.434 move 767 816
67.454 move 768 819
67.474 move 769 822
67.484 move 771 825
67.504 move 772 828
67.514 move 773 831
67.534 move 774 834
67.554 move 776 837
67.564 move 777 840
67.954 move 778 840
67.964 move 781 840
67.984 move 784 840
67.994 move 787 840
68.034 move 790 840
68.044 move 793 840
68.064 move 796 840
68.204 click 3.6243525 0.9193548
68.604 move 799 840
68.624 move 802 840
68.634 move 805 840
68.654 move 808 840
68.664 move 811 840
68.684 move 814 840
68.704 move 817 840
68.714 move 820 840
68.744 move 823 840
68.764 move 826 840
68.784 move 829 840
68.794 move 832 840
68.814 move 835 840
68.844 move 838 840
68.864 move 841 840
68.874 move 844 840
68.894 move 847 840
68.924 move 850 840
68.944 move 853 840
68.954 move 856 840
68.974 move 859 840
68.984 move 862 840
69.024 move 865 840
69.034 move 868 840
69.054 move 871 840
69.064 move 874 840
69.084 move 877 840
69.104 move 880 840
69.114 move 883 840
69.134 move 886 840
69.144 move 889 840
69.164 move 892 840
69.194 move 895 840
69.214 move 898 840
69.224 move 901 840
69.244 move 904 840
69.264 move 907 840
69.274 move 910 840
69.294 move 913 840
69.304 move 916 840
69.324 move 919 840
69.354 move 922 840
69.374 move 925 840
69.384 move 928 840
69.404 move 931 840
69.434 move 934 840
69.454 move 937 840
69.464 move 940 840
69.484 move 943 840
69.504 move 946 840
69.534 move 949 840
69.544 move 952 840
69.564 move 955 840
69.584 move 958 840
69.614 move 961 840
69.624 move 964 840
69.644 move 967 840
69.664 move 970 840
69.674 move 973 840
69.704 move 976 840
69.724 move 979 840
69.744 move 982 840
69.754 move 985 840
69.774 move 988 840
69.994 click 4.619171 0.9193548
70.264 enter
71.304 left
71.625 select tell 2
71.965 start 4.0 1.0
71.965 click 3.9974093 0.9967742
72.255 enter
72.555 select a 1
72.845 start 4.0 1.0
72.845 move 870 852
72.865 move 873 852
72.875 move 876 852
72.895 move 879 852
72.905 move 882 852
72.925 move 885 852
72.955 move 888 852
72.975 move 891 852
72.985 move 894 852
73.005 move 897 852
73.035 move 900 852
73.055 move 903 852
73.065 move 906 852
73.085 move 909 852
73.105 move 912 852
73.115 move 915 852
73.135 move 918 852
73.145 move 921 852
73.165 move 924 852
73.185 move 927 852
73.195 move 930 852
73.215 move 933 852
73.225 move 936 852
73.245 move 939 852
73.265 move 942 852
73.275 move 945 852
73.295 move 948 852
73.305 move 951 852
73.325 move 954 852
73.345 move 957 852
73.375 move 960 852
73.385 move 963 852
73.405 move 966 852
73.425 move 969 852
73.435 move 972 852
73.455 move 975 852
73.465 move 978 852
73.485 move 981 852
73.505 move 984 852
73.515 move 987 852
73.535 move 990 852
73.645 click 4.629534 0.9967742
74.105 move 992 852
74.145 move 995 852
74.155 move 998 852
74.175 move 1001 852
74.185 move 1004 852
74.205 move 1007 852
74.225 move 1010 852
74.235 move 1013 852
74.255 move 1016 852
74.265 move 1019 852
74.285 move 1022 852
74.305 move 1025 852
74.315 move 1028 852
74.335 move 1031 852
74.345 move 1034 852
74.365 move 1037 852
74.385 move 1040 852
74.395 move 1043 852
74.425 move 1046 852
74.465 move 1049 852
74.475 move 1052 852
74.505 move 1055 852
74.525 move 1058 852
74.545 move 1061 852
74.555 move 1064 852
74.575 move 1067 852
74.605 move 1070 852
74.625 move 1073 852
74.635 move 1076 852
74.655 move 1079 852
74.665 move 1082 852
74.685 move 1085 852
74.705 move 1088 852
74.715 move 1091 852
74.735 move 1094 852
74.745 move 1097 852
74.765 move 1100 852
74.785 move 1103 852
74.795 move 1106 852
74.815 move 1109 852
74.825 move 1112 852
74.845 move 1115 852
74.865 move 1118 852
74.875 move 1121 852
74.895 move 1124 852
74.905 move 1127 852
74.925 move 1130 852
74.945 move 1133 852
74.955 move 1136 852
74.975 move 1139 852
74.985 move 1142 852
75.025 move 1145 852
75.035 move 1148 852
75.055 move 1151 852
75.065 move 1154 852
75.085 move 1157 852
75.105 move 1160 852
75.115 move 1163 852
75.135 move 1166 852
75.145 move 1169 852
75.165 move 1172 852
75.195 move 1175 852
75.215 move 1178 852
75.225 move 1181 852
75.245 move 1184 852
75.265 move 1187 852
75.275 move 1190 852
75.295 move 1193 852
75.305 move 1196 852
75.325 move 1199 852
75.345 move 1202 852
75.515 click 5.727979 0.9967742
75.965 move 1202 850
75.985 move 1201 847
75.995 move 1200 845
76.015 move 1198 842
76.025 move 1197 840
76.045 move 1196 837
76.065 move 1195 835
76.075 move 1193 832
76.105 move 1192 830
76.125 move 1190 827
76.145 move 1188 825
76.155 move 1186 822
76.175 move 1183 820
76.185 move 1180 817
76.205 move 1177 815
76.225 move 1174 812
76.235 move 1171 810
76.255 move 1168 807
76.285 move 1165 805
76.305 move 1162 802
76.315 move 1159 800
76.335 move 1156 797
76.365 move 1153 795
76.385 move 1150 792
76.395 move 1147 790
76.415 move 1144 787
76.425 move 1141 785
76.445 move 1138 782
76.465 move 1135 780
76.475 move 1132 777
76.495 move 1129 777
76.505 move 1126 776
76.525 move 1123 776
76.545 move 1120 775
76.555 move 1117 774
76.575 move 1114 773
76.585 move 1111 773
76.605 move 1108 772
76.625 move 1105 771
76.635 move 1102 770
76.655 move 1099 769
76.665 move 1096 767
76.705 move 1093 766
76.715 move 1090 765
76.735 move 1087 764
76.745 move 1084 762
76.765 move 1081 761
76.785 move 1078 760
76.795 move 1075 759
77.035 click 5.069948 0.39677417
77.265 enter
78.155 nextPage
78.955 left
79.145 left
79.505 select lie 9
79.915 start 4.0 1.0
79.925 click 3.9974093 0.9967742
80.315 move 868 853
80.335 move 868 856
80.345 move 868 859
80.385 move 868 862
80.395 move 868 865
80.415 move 868 868
80.425 move 868 871
80.445 move 868 874
80.465 move 868 877
80.475 move 868 880
80.495 move 868 883
80.505 move 868 886
80.525 move 868 889
80.545 move 868 892
80.555 move 868 895
80.575 move 868 898
80.605 move 868 901
80.625 move 868 904
80.635 move 868 907
80.655 move 868 910
80.665 move 868 913
80.685 move 868 916
80.705 move 868 919
80.715 move 868 922
80.735 move 868 925
80.765 move 868 928
80.785 move 868 931
80.795 move 868 934
80.815 move 868 937
80.825 move 868 940
80.865 move 868 943
80.875 move 868 946
80.895 move 868 949
80.905 move 868 952
80.925 move 868 955
80.955 move 868 958
81.105 click 3.9974093 1.6806452
81.535 click 3.9974093 1.6806452
81.785 enter
82.075 select and 1
82.665 start 4.0 1.0
82.675 move 871 852
82.685 move 874 852
82.705 move 877 852
82.715 move 880 852
82.735 move 883 852
82.745 move 886 852
82.765 move 889 852
82.785 move 892 852
82.795 move 895 852
82.825 move 898 852
82.845 move 901 852
82.865 move 904 852
82.875 move 907 852
82.895 move 910 852
82.925 move 913 852
82.945 move 916 852
82.955 move 919 852
82.975 move 922 852
82.985 move 925 852
83.005 move 928 852
83.025 move 931 852
83.035 move 934 852
83.055 move 937 852
83.065 move 940 852
83.085 move 943 852
83.105 move 946 852
83.115 move 949 852
83.135 move 952 852
83.165 move 955 852
83.185 move 958 852
83.195 move 961 852
83.215 move 964 852
83.225 move 967 852
83.265 move 970 852
83.275 move 973 852
83.295 move 976 852
83.305 move 979 852
83.345 move 982 852
83.355 move 985 852
83.375 move 988 852
83.385 move 991 852
83.405 move 994 852
83.425 move 997 852
83.435 move 1000 852
83.455 move 1003 852
83.465 move 1006 852
83.505 move 1009 852
83.515 move 1012 852
83.535 move 1015 852
83.545 move 1018 852
83.565 move 1021 852
83.905 click 4.7901554 0.9967742
84.395 move 1022 852
84.415 move 1025 852
84.445 move 1028 852
84.465 move 1031 852
84.475 move 1034 852
84.495 move 1037 852
84.525 move 1040 852
84.545 move 1043 852
84.555 move 1046 852
84.585 move 1049 852
84.605 move 1052 852
84.625 move 1055 852
84.635 move 1058 852
84.655 move 1061 852
84.665 move 1064 852
84.685 move 1067 852
84.705 move 1070 852
84.715 move 1073 852
84.735 move 1076 852
84.745 move 1079 852
84.765 move 1082 852
84.785 move 1085 852
84.795 move 1088 852
84.815 move 1091 852
84.825 move 1094 852
84.845 move 1097 852
84.865 move 1100 852
84.875 move 1103 852
84.895 move 1106 852
84.925 move 1109 852
84.955 move 1112 852
84.975 move 1115 852
84.985 move 1118 852
85.005 move 1121 852
85.025 move 1124 852
85.035 move 1127 852
85.055 move 1130 852
85.065 move 1133 852
85.085 move 1136 852
85.105 move 1139 852
85.135 move 1142 852
85.145 move 1145 852
85.165 move 1148 852
85.185 move 1151 852
85.215 move 1154 852
85.225 move 1157 852
85.245 move 1160 852
85.265 move 1163 852
85.295 move 1166 852
85.305 move 1169 852
85.325 move 1172 852
85.345 move 1175 852
85.355 move 1178 852
85.375 move 1181 852
85.385 move 1184 852
85.405 move 1187 852
85.425 move 1190 852
85.435 move 1193 852
85.465 move 1196 852
85.485 move 1199 852
85.505 move 1202 852
85.515 move 1205 852
85.535 move 1208 852
85.565 move 1211 852
86.156 click 5.7746115 0.9967742
86.606 move 1211 851
86.636 move 1211 848
86.656 move 1211 845
86.666 move 1211 842
86.686 move 1211 839
86.706 move 1211 836
86.716 move 1211 833
86.736 move 1211 830
86.746 move 1211 827
86.766 move 1211 824
86.786 move 1211 821
86.796 move 1211 818
86.816 move 1211 815
86.826 move 1211 812
86.846 move 1211 809
86.876 move 1211 806
86.896 move 1211 803
86.906 move 1211 800
86.926 move 1211 797
86.946 move 1211 794
86.956 move 1211 791
86.976 move 1211 788
86.986 move 1211 785
87.006 move 1211 782
87.026 move 1211 779
87.036 move 1211 776
87.056 move 1211 773
87.066 move 1211 770
87.086 move 1211 767
87.106 move 1211 764
87.116 move 1211 761
87.136 move 1211 758
87.146 move 1211 755
87.166 move 1211 752
87.346 click 5.7746115 0.35161293
87.786 click 5.7746115 0.35161293
88.076 enter
88.336 select your 1
88.896 start 4.0 1.0
88.896 move 868 853
88.906 move 868 856
88.926 move 868 859
88.946 move 868 862
88.976 move 868 865
88.986 move 868 868
89.006 move 868 871
89.026 move 868 874
89.056 move 868 877
89.066 move 868 880
89.086 move 868 883
89.106 move 868 886
89.136 move 868 889
89.146 move 868 892
89.166 move 868 895
89.186 move 868 898
89.196 move 868 901
89.216 move 868 904
89.226 move 868 907
89.246 move 868 910
89.266 move 868 913
89.276 move 868 916
89.296 move 868 919
89.306 move 868 922
89.326 move 868 925
89.356 move 868 928
89.376 move 868 931
89.386 move 868 934
89.406 move 868 937
89.436 move 868 940
89.456 move 868 943
89.466 move 868 946
89.486 move 868 949
89.506 move 868 952
89.516 move 868 955
89.546 move 868 958
89.566 move 868 961
89.746 click 3.9974093 1.7
90.236 click 3.9974093 1.7
90.576 move 866 961
90.606 move 863 961
90.626 move 860 961
90.636 move 857 961
90.656 move 854 961
90.686 move 851 961
90.706 move 848 961
90.716 move 845 961
90.736 move 842 961
90.746 move 839 961
90.786 move 836 961
90.796 move 833 961
90.816 move 830 961
90.826 move 827 961
90.846 move 824 961
90.866 move 821 961
90.876 move 818 961
90.896 move 815 961
90.906 move 812 961
90.926 move 809 961
90.956 move 806 961
90.976 move 803 961
90.986 move 800 961
91.006 move 797 961
91.036 move 794 961
91.056 move 791 961
91.066 move 788 961
91.086 move 785 961
91.106 move 782 961
91.136 move 779 961
91.146 move 776 961
91.166 move 773 961
91.186 move 770 961
91.196 move 767 961
91.216 move 764 961
91.226 move 761 961
91.246 move 758 961
91.266 move 755 961
91.276 move 752 961
91.306 move 749 961
91.326 move 746 961
91.346 move 743 961
91.356 move 740 961
91.386 move 737 961
91.546 click 3.3186529 1.7
91.906 move 736 961
91.916 move 733 961
91.936 move 730 960
91.946 move 727 959
91.966 move 724 958
91.986 move 721 958
91.996 move 718 957
92.016 move 715 956
92.026 move 712 955
92.226 click 3.189119 1.6612904
92.526 enter
93.646 right
93.866 right
94.186 select nose 5
94.526 start 4.0 1.0
94.526 move 867 852
94.546 move 864 852
94.556 move 861 852
94.576 move 858 852
94.586 move 855 852
94.606 move 852 852
94.626 move 849 852
94.636 move 846 852
94.656 move 843 852
94.906 click 3.8678756 0.9967742
95.486 click 3.8678756 0.9967742
95.916 move 846 852
95.936 move 849 852
95.966 move 852 852
95.986 move 855 852
95.996 move 858 852
96.016 move 861 852
96.026 move 864 852
96.046 move 867 852
96.066 move 870 852
96.076 move 873 852
96.096 move 876 852
96.106 move 879 852
96.146 move 882 852
96.156 move 885 852
96.176 move 888 852
96.186 move 891 852
96.206 move 894 852
96.216 move 897 852
96.236 move 900 852
96.256 move 903 852
96.266 move 906 852
96.286 move 909 852
96.306 move 912 852
96.316 move 915 852
96.336 move 918 852
96.346 move 921 852
96.366 move 924 852
96.396 move 927 852
96.416 move 930 852
96.426 move 933 852
96.446 move 936 852
96.466 move 939 852
96.496 move 942 852
96.506 move 945 852
96.526 move 948 852
96.546 move 951 852
96.556 move 954 852
96.576 move 957 852
96.586 move 960 852
96.606 move 963 852
96.626 move 966 852
96.636 move 969 852
96.656 move 972 852
96.666 move 975 852
96.686 move 978 852
96.696 move 981 852
96.736 move 984 852
96.746 move 987 852
96.766 move 990 852
96.786 move 993 852
96.796 move 996 852
96.816 move 999 852
96.926 click 4.6761656 0.9967742
97.306 move 1001 852
97.326 move 1004 852
97.336 move 1007 852
97.356 move 1010 852
97.376 move 1013 852
97.386 move 1016 852
97.546 click 4.764249 0.9967742
97.916 enter
98.366 select will 1
98.956 start 4.0 1.0
98.956 click 3.9974093 0.9967742
99.356 move 866 852
99.376 move 863 852
99.386 move 860 852
99.406 move 857 852
99.436 move 854 852
99.456 move 851 852
99.466 move 848 852
99.486 move 845 852
99.496 move 842 852
99.516 move 839 852
99.536 move 836 852
99.546 move 833 852
99.566 move 830 851
99.596 move 827 850
99.616 move 824 849
99.626 move 821 847
99.656 move 818 845
99.676 move 815 843
99.696 move 812 840
99.706 move 809 838
99.726 move 806 835
99.736 move 803 833
99.756 move 800 830
99.776 move 797 828
99.786 move 794 825
99.806 move 791 823
99.816 move 788 820
99.856 move 785 818
99.866 move 782 815
99.886 move 779 813
99.896 move 776 810
99.936 move 774 808
99.946 move 772 805
99.966 move 771 803
99.976 move 769 800
99.996 move 767 798
100.016 move 765 795
100.026 move 763 793
100.046 move 761 790
100.056 move 759 788
100.076 move 757 785
100.096 move 755 783
100.106 move 753 780
100.126 move 751 778
100.136 move 749 775
100.156 move 747 773
100.186 move 745 770
100.206 move 743 768
100.216 move 741 765
100.236 move 739 763
100.266 move 737 760
100.286 move 735 758
100.296 move 733 756
100.316 move 731 754
100.336 move 729 752
100.527 click 3.2772021 0.35161293
101.137 click 3.2772021 0.35161293
101.597 move 728 752
101.617 move 725 752
101.627 move 722 752
101.647 move 719 752
101.657 move 716 752
101.677 move 713 752
101.697 move 710 752
101.707 move 707 752
101.727 move 704 752
101.737 move 701 752
101.757 move 698 752
101.777 move 695 752
101.787 move 692 752
101.817 move 689 752
101.837 move 686 752
101.857 move 683 752
101.867 move 680 752
101.887 move 677 752
101.897 move 674 752
101.917 move 671 752
101.937 move 668 752
101.947 move 665 752
101.977 move 662 752
101.997 move 659 752
102.017 move 656 752
102.027 move 653 752
102.047 move 650 752
102.077 move 647 752
102.097 move 644 752
102.107 move 641 752
102.127 move 638 752
102.137 move 635 752
102.157 move 632 752
102.177 move 629 752
102.187 move 626 752
102.207 move 623 752
102.217 move 620 752
102.237 move 617 752
102.257 move 614 752
102.267 move 611 752
102.287 move 608 752
102.297 move 605 752
102.317 move 602 752
102.337 move 599 752
102.347 move 596 752
102.367 move 593 752
102.377 move 590 752
102.417 move 587 752
102.427 move 584 752
102.447 move 581 752
102.457 move 578 752
102.477 move 575 752
102.497 move 572 752
102.507 move 569 752
102.527 move 566 752
102.537 move 563 752
102.557 move 560 752
102.577 move 557 752
102.587 move 554 752
102.607 move 551 752
102.617 move 548 752
102.637 move 545 752
102.657 move 542 752
102.667 move 539 752
102.687 move 536 752
102.697 move 533 752
102.717 move 530 752
102.737 move 527 752
102.747 move 524 752
102.767 move 521 752
102.777 move 518 752
102.817 move 515 752
102.827 move 512 752
102.847 move 509 752
102.857 move 506 752
102.877 move 503 752
102.897 move 500 752
102.907 move 497 752
102.927 move 494 752
102.937 move 491 752
102.957 move 488 752
102.977 move 485 752
102.987 move 482 752
103.007 move 479 752
103.017 move 476 752
103.037 move 473 752
103.067 move 470 752
103.087 move 467 752
103.097 move 464 752
103.117 move 461 752
103.137 move 458 752
103.147 move 455 752
103.167 move 452 752
103.177 move 449 752
103.197 move 446 752
103.217 move 443 752
103.247 move 440 752
103.257 move 437 752
103.277 move 434 752
103.297 move 431 752
103.327 move 428 752
103.337 move 425 752
103.357 move 422 752
103.377 move 419 752
103.387 move 416 752
103.407 move 413 752
103.417 move 410 752
103.437 move 407 752
103.457 move 404 752
103.467 move 401 752
103.497 move 398 752
103.517 move 395 752
103.537 move 392 752
103.547 move 389 752
103.567 move 386 752
103.597 move 383 752
103.617 move 380 752
103.627 move 377 752
103.647 move 374 752
103.657 move 371 752
103.677 move 368 752
103.697 move 365 752
103.707 move 362 752
103.727 move 359 752
103.757 move 356 752
103.777 move 353 752
103.787 move 350 752
103.807 move 347 752
104.047 click 1.2979275 0.35161293
104.557 enter
104.987 left
105.357 select grow 2
106.597 phrase teaching services will help
107.777 start 4.0 1.0
107.777 click 3.9974093 0.9967742
108.217 move 868 851
108.237 move 866 850
108.257 move 864 848
108.267 move 862 847
108.287 move 861 845
108.297 move 859 844
108.317 move 857 842
108.337 move 855 840
108.347 move 853 839
108.367 move 851 837
108.377 move 849 835
108.397 move 847 833
108.417 move 845 832
108.427 move 843 830
108.447 move 841 828
108.457 move 839 826
108.477 move 837 825
108.497 move 835 823
108.507 move 833 821
108.527 move 831 819
108.537 move 828 818
108.557 move 826 816
108.577 move 824 814
108.587 move 822 812
108.607 move 819 811
108.617 move 817 809
108.637 move 815 807
108.657 move 813 805
108.667 move 810 804
108.687 move 808 802
108.697 move 806 800
108.717 move 804 798
108.737 move 801 797
108.747 move 799 795
108.767 move 797 793
108.777 move 795 791
108.797 move 792 790
108.817 move 790 788
108.827 move 788 786
108.847 move 786 784
108.857 move 783 783
108.897 move 781 781
108.907 move 779 779
108.927 move 777 777
108.937 move 774 776
108.957 move 772 774
108.977 move 770 772
108.987 move 768 770
109.007 move 765 769
109.017 move 763 767
109.037 move 761 765
109.057 move 759 763
109.067 move 756 762
109.087 move 754 760
109.097 move 752 758
109.117 move 750 756
109.147 move 747 755
109.167 move 745 753
109.177 move 743 751
109.197 move 741 749
109.227 move 738 748
109.247 move 736 746
109.257 move 734 744
109.277 move 732 742
109.297 move 729 741
109.327 move 727 740
109.337 move 725 738
109.497 click 3.2564766 0.2612903
109.837 move 725 741
109.857 move 725 744
109.887 move 725 747
109.897 move 725 750
109.917 move 725 753
109.937 move 725 756
109.967 move 725 759
109.977 move 725 762
109.997 move 725 765
110.027 move 725 768
110.047 move 725 771
110.057 move 725 774
110.077 move 725 777
110.097 move 725 780
110.127 move 725 783
110.137 move 725 786
110.157 move 725 789
110.177 move 725 792
110.187 move 725 795
110.207 move 725 798
110.217 move 725 801
110.237 move 725 804
110.377 click 3.2564766 0.6870967
110.847 move 725 805
110.857 move 725 808
110.877 move 725 811
110.897 move 725 814
110.907 move 725 817
110.927 move 725 820
110.937 move 725 823
110.957 move 725 826
110.977 move 725 829
110.987 move 725 832
111.007 move 725 835
111.017 move 725 838
111.037 move 725 841
111.057 move 725 844
111.087 move 725 847
111.097 move 725 850
111.117 move 725 853
111.137 move 725 856
111.167 move 725 859
111.177 move 725 862
111.197 move 725 865
111.217 move 725 868
111.227 move 725 871
111.257 move 725 874
111.277 move 725 877
111.297 move 725 880
111.307 move 725 883
111.327 move 725 886
111.337 move 725 889
111.357 move 725 892
111.377 move 725 895
111.387 move 725 898
111.417 move 725 901
111.437 move 725 904
111.457 move 725 907
111.467 move 725 910
111.487 move 725 913
111.517 move 725 916
111.537 move 725 919
111.547 move 725 922
111.567 move 725 925
111.577 move 725 928
111.617 move 725 931
111.627 move 725 934
111.647 move 725 937
111.657 move 725 940
111.697 move 725 943
111.707 move 725 946
111.727 move 725 949
111.897 click 3.2564766 1.6225805
112.417 move 727 949
112.427 move 730 950
112.447 move 733 950
112.457 move 736 950
112.497 move 739 950
112.507 move 742 950
112.527 move 745 950
112.537 move 748 950
112.577 move 751 950
112.587 move 754 950
112.607 move 757 950
112.617 move 760 950
112.657 move 763 950
112.667 move 766 950
112.687 move 769 950
112.697 move 772 950
112.717 move 775 950
112.737 move 778 950
112.747 move 781 950
112.767 move 784 950
112.777 move 787 950
112.797 move 790 950
112.827 move 793 950
112.847 move 796 950
112.857 move 799 950
113.007 click 3.6398964 1.6290324
113.387 move 800 950
113.407 move 803 950
113.417 move 806 950
113.437 move 809 950
113.457 move 812 950
113.467 move 815 950
113.487 move 818 950
113.497 move 821 950
113.517 move 824 950
113.537 move 827 950
113.547 move 830 950
113.567 move 833 950
113.577 move 836 950
113.597 move 839 950
113.617 move 842 950
113.627 move 845 950
113.647 move 848 950
113.657 move 851 950
113.697 move 854 950
113.707 move 857 950
113.727 move 860 950
113.737 move 863 950
113.777 move 866 950
113.787 move 869 950
113.807 move 872 950
113.817 move 875 950
113.837 move 878 950
113.867 move 881 950
113.887 move 884 950
113.897 move 887 950
113.917 move 890 950
113.937 move 893 950
113.947 move 896 950
113.967 move 899 950
113.977 move 902 950
113.997 move 905 950
114.017 move 908 950
114.027 move 911 950
114.047 move 914 950
114.057 move 917 950
114.077 move 920 950
114.107 move 923 950
114.127 move 926 950
114.137 move 929 950
114.157 move 932 950
114.177 move 935 950
114.187 move 938 950
114.207 move 941 950
114.217 move 944 950
114.237 move 947 950
114.257 move 950 950
114.287 move 953 950
114.297 move 956 950
114.317 move 959 950
114.337 move 962 950
114.347 move 965 950
114.367 move 968 950
114.377 move 971 950
114.397 move 974 950
114.417 move 977 950
114.427 move 980 950
114.447 move 983 950
114.457 move 986 950
114.477 move 989 950
114.497 move 992 950
114.507 move 995 950
114.527 move 998 950
114.537 move 1001 950
114.717 click 4.6865287 1.6290324
115.098 click 4.6865287 1.6290324
115.518 click 4.6865287 1.6290324
115.758 enter
116.458 select teaching 1
117.058 start 4.0 1.0
117.058 click 3.9974093 0.9967742
117.418 move 866 852
117.438 move 863 852
117.458 move 860 851
117.468 move 857 851
117.488 move 854 849
117.498 move 851 848
117.538 move 848 846
117.548 move 845 843
117.568 move 842 841
117.578 move 839 839
117.598 move 836 837
117.618 move 833 834
117.628 move 830 832
117.648 move 827 830
117.658 move 824 828
117.678 move 821 825
117.698 move 818 823
117.708 move 815 821
117.728 move 812 819
117.738 move 809 816
117.758 move 806 814
117.778 move 803 811
117.788 move 800 809
117.808 move 797 806
117.818 move 794 804
117.838 move 791 801
117.858 move 788 799
117.868 move 785 796
117.888 move 782 794
117.898 move 779 791
117.918 move 776 789
117.938 move 773 786
117.948 move 770 784
117.968 move 767 781
117.978 move 764 779
117.998 move 761 776
118.018 move 758 774
118.028 move 755 771
118.048 move 752 769
118.058 move 750 766
118.078 move 749 764
118.098 move 748 761
118.108 move 747 759
118.128 move 745 756
118.138 move 744 754
118.158 move 743 751
118.178 move 742 749
118.188 move 740 746
118.208 move 739 744
118.218 move 738 741
118.238 move 737 738
118.268 move 735 735
118.458 click 3.3082902 0.24193549
118.898 click 3.3082902 0.24193549
119.378 move 735 736
119.388 move 735 737
119.408 move 735 740
119.418 move 735 743
119.438 move 735 746
119.458 move 735 749
119.468 move 735 752
119.488 move 735 755
119.498 move 735 758
119.518 move 735 761
119.548 move 735 764
119.568 move 735 767
119.578 move 735 770
119.598 move 735 773
119.618 move 735 776
119.628 move 735 779
119.658 move 735 782
119.678 move 735 785
119.698 move 735 788
119.708 move 735 791
119.728 move 735 794
119.738 move 735 797
119.758 move 735 800
119.778 move 735 803
119.788 move 735 806
119.808 move 735 809
119.838 move 735 812
120.158 click 3.3082902 0.7387097
121.468 move 735 810
121.488 move 735 807
121.498 move 735 804
121.518 move 735 801
121.538 move 735 798
121.548 move 735 795
121.578 move 735 792
121.618 move 735 789
121.628 move 735 786
121.648 move 735 783
121.658 move 735 780
121.698 move 735 777
121.708 move 735 774
121.728 move 735 771
121.738 move 735 768
121.778 move 735 765
121.788 move 735 762
121.808 move 735 759
122.078 click 3.3082902 0.39677417
122.418 move 735 762
122.428 move 735 765
122.448 move 735 768
122.458 move 735 771
122.478 move 735 774
122.498 move 735 777
122.508 move 735 780
122.528 move 735 783
122.698 click 3.3082902 0.55161285
123.358 click 3.3082902 0.55161285
123.818 click 3.3082902 0.55161285
124.078 enter
124.328 select services 1
124.878 start 4.0 1.0
124.878 click 3.9974093 0.9967742
125.448 click 3.9974093 0.9967742
125.918 move 870 852
125.928 move 873 852
125.948 move 876 852
125.978 move 879 852
125.998 move 882 852
126.008 move 885 852
126.028 move 888 852
126.058 move 891 852
126.078 move 894 852
126.088 move 897 852
126.108 move 900 852
126.128 move 903 852
126.158 move 906 852
126.168 move 909 852
126.188 move 912 852
126.208 move 915 852
126.238 move 918 852
126.248 move 921 852
126.268 move 924 852
126.288 move 927 852
126.318 move 930 852
126.328 move 933 852
126.348 move 936 852
126.368 move 939 852
126.378 move 942 852
126.408 move 945 852
126.428 move 948 852
126.448 move 951 852
126.458 move 954 852
126.478 move 957 852
126.488 move 960 852
126.508 move 963 852
126.528 move 966 852
126.538 move 969 852
126.558 move 972 852
126.588 move 975 852
126.608 move 978 852
126.618 move 981 852
126.638 move 984 852
126.648 move 987 852
126.668 move 990 852
126.688 move 993 852
126.698 move 996 852
126.718 move 999 852
126.908 click 4.6761656 0.9967742
127.518 click 4.6761656 0.9967742
127.818 enter
128.288 select will 1
128.748 start 4.0 1.0
128.748 move 871 852
128.768 move 874 852
128.778 move 877 852
128.798 move 880 852
128.808 move 883 852
128.828 move 886 852
128.848 move 889 852
128.858 move 892 852
128.878 move 895 852
128.888 move 898 852
128.908 move 901 852
128.928 move 904 852
128.938 move 907 852
128.968 move 910 852
128.988 move 913 852
129.008 move 916 852
129.018 move 919 852
129.048 move 922 852
129.068 move 925 852
129.088 move 928 852
129.098 move 931 852
129.118 move 934 852
129.148 move 937 852
129.168 move 940 852
129.178 move 943 852
129.198 move 946 852
129.228 move 949 852
129.248 move 952 852
129.258 move 955 852
129.278 move 958 852
129.308 move 961 852
129.328 move 964 852
129.338 move 967 852
129.358 move 970 852
129.368 move 973 852
129.388 move 976 852
129.408 move 979 852
129.418 move 982 852
129.438 move 985 852
129.468 move 988 852
129.488 move 991 852
129.499 move 994 852
129.519 move 997 852
129.529 move 1000 852
129.549 move 1003 852
129.729 click 4.6968913 0.9967742
130.109 move 1003 850
130.129 move 1003 847
130.139 move 1003 844
130.159 move 1003 841
130.169 move 1003 838
130.209 move 1003 835
130.219 move 1003 832
130.239 move 1003 829
130.249 move 1003 826
130.289 move 1003 823
130.299 move 1003 820
130.319 move 1003 817
130.329 move 1003 814
130.349 move 1003 811
130.379 move 1003 808
130.399 move 1003 805
130.409 move 1003 802
130.429 move 1003 799
130.449 move 1003 796
130.459 move 1003 793
130.479 move 1003 790
130.489 move 1003 787
130.509 move 1003 784
130.529 move 1003 781
130.539 move 1003 778
130.559 move 1003 775
130.569 move 1003 772
130.589 move 1003 769
130.609 move 1003 766
130.619 move 1003 763
130.639 move 1003 760
130.649 move 1003 757
131.229 click 4.6968913 0.38387096
131.739 move 1006 757
131.759 move 1009 757
131.769 move 1012 758
131.789 move 1015 759
131.809 move 1018 760
131.819 move 1021 760
131.839 move 1024 761
131.849 move 1027 762
131.869 move 1030 763
131.889 move 1033 763
131.899 move 1036 764
131.919 move 1039 765
131.929 move 1042 766
131.949 move 1045 766
131.969 move 1048 767
131.979 move 1051 768
132.009 move 1054 768
132.029 move 1057 768
132.049 move 1060 769
132.079 move 1063 769
132.089 move 1066 769
132.109 move 1069 769
132.129 move 1072 770
132.139 move 1075 770
132.169 move 1078 771
132.189 move 1081 771
132.209 move 1084 772
132.219 move 1087 772
132.249 move 1090 773
132.269 move 1093 773
132.289 move 1096 774
132.299 move 1099 774
132.329 move 1102 775
132.349 move 1105 775
132.369 move 1108 776
132.379 move 1111 776
132.399 move 1114 777
132.429 move 1117 777
132.449 move 1120 778
132.459 move 1123 778
132.479 move 1126 779
132.489 move 1129 779
132.529 move 1132 780
132.539 move 1135 780
132.559 move 1138 781
132.589 move 1141 781
132.609 move 1144 782
132.619 move 1147 782
132.639 move 1150 782
132.649 move 1153 783
132.689 move 1156 783
132.699 move 1159 783
132.719 move 1162 783
132.729 move 1165 784
132.749 move 1168 784
132.779 move 1171 784
132.799 move 1174 784
132.809 move 1177 785
132.849 move 1180 785
132.859 move 1183 785
132.879 move 1186 785
132.889 move 1189 786
132.909 move 1192 786
133.049 click 5.6761656 0.5709678
133.529 move 1192 783
133.549 move 1192 780
133.569 move 1192 777
133.579 move 1192 774
133.599 move 1192 771
133.609 move 1192 768
133.629 move 1192 765
133.649 move 1192 762
133.659 move 1192 759
133.679 move 1192 756
133.709 move 1192 753
133.729 move 1192 750
133.739 move 1192 747
133.899 click 5.6761656 0.31935483
134.109 enter
134.459 select help 1
135.419 phrase interactions between men and women
136.399 start 4.0 1.0
136.399 move 869 852
136.429 move 872 852
136.449 move 875 852
136.459 move 878 852
136.479 move 881 852
136.509 move 884 852
136.529 move 887 852
136.539 move 890 852
136.559 move 893 852
136.589 move 896 852
136.609 move 899 852
136.619 move 902 852
136.639 move 905 852
136.669 move 908 852
136.689 move 911 852
136.699 move 914 852
136.719 move 917 852
136.729 move 920 852
136.769 move 923 852
136.779 move 926 852
136.799 move 929 852
136.809 move 932 852
136.849 move 935 852
136.859 move 938 852
136.879 move 941 852
136.889 move 944 852
136.929 move 947 852
136.939 move 950 852
136.959 move 953 852
136.969 move 956 852
136.989 move 959 852
137.009 move 962 852
137.019 move 965 852
137.039 move 968 852
137.049 move 971 852
137.069 move 974 852
137.089 move 977 852
137.099 move 980 852
137.119 move 983 852
137.129 move 986 852
137.149 move 989 852
137.169 move 992 852
137.179 move 995 852
137.199 move 998 852
137.209 move 1001 852
137.229 move 1004 852
137.259 move 1007 852
137.449 click 4.7176166 0.9967742
137.769 move 1007 853
137.809 move 1007 856
137.819 move 1007 859
137.839 move 1007 862
137.859 move 1007 865
137.869 move 1007 868
137.889 move 1007 871
137.899 move 1007 874
137.919 move 1007 877
137.939 move 1007 880
137.969 move 1007 883
137.979 move 1007 886
137.999 move 1007 889
138.009 move 1007 892
138.029 move 1007 895
138.049 move 1007 898
138.059 move 1007 901
138.079 move 1007 904
138.089 move 1007 907
138.109 move 1007 910
138.129 move 1007 913
138.139 move 1007 916
138.159 move 1007 919
138.169 move 1007 922
138.189 move 1007 925
138.209 move 1007 928
138.219 move 1007 931
138.239 move 1007 934
138.249 move 1007 937
138.269 move 1007 940
138.289 move 1007 943
138.299 move 1007 946
138.319 move 1007 949
138.329 move 1007 952
138.349 move 1007 955
138.479 click 4.7176166 1.6612904
138.849 move 1007 953
138.859 move 1007 950
138.879 move 1007 947
138.889 move 1007 944
138.909 move 1006 941
138.939 move 1006 938
138.959 move 1005 935
138.969 move 1005 932
139.179 click 4.707254 1.5129032
139.739 click 4.707254 1.5129032
140.319 click 4.707254 1.5129032
140.799 click 4.707254 1.5129032
141.359 click 4.707254 1.5129032
141.839 move 1007 932
141.849 move 1010 932
141.869 move 1013 932
141.889 move 1016 932
141.899 move 1019 932
141.919 move 1022 932
141.929 move 1025 932
141.949 move 1028 932
141.969 move 1031 932
141.979 move 1034 932
141.999 move 1037 932
142.009 move 1040 932
142.029 move 1043 932
142.049 move 1046 932
142.059 move 1049 932
142.079 move 1052 932
142.089 move 1055 932
142.109 move 1058 932
142.129 move 1061 932
142.139 move 1064 932
142.159 move 1067 932
142.169 move 1070 932
142.189 move 1073 932
142.219 move 1076 932
142.239 move 1079 932
142.249 move 1082 932
142.269 move 1085 932
142.299 move 1088 932
142.319 move 1091 932
142.329 move 1094 932
142.349 move 1097 932
142.369 move 1100 932
142.379 move 1103 932
142.399 move 1106 932
142.409 move 1109 932
142.429 move 1112 932
142.459 move 1115 932
142.479 move 1118 932
142.489 move 1121 932
142.509 move 1124 932
142.529 move 1127 932
142.539 move 1130 932
142.559 move 1133 932
142.569 move 1136 932
142.589 move 1139 932
142.619 move 1142 932
142.639 move 1145 932
142.649 move 1148 932
142.669 move 1151 932
142.699 move 1154 932
142.719 move 1157 932
142.729 move 1160 932
142.749 move 1163 932
142.769 move 1166 932
142.779 move 1169 932
142.799 move 1172 932
142.809 move 1175 932
142.829 move 1178 932
142.859 move 1181 932
142.879 move 1184 932
142.889 move 1187 932
142.909 move 1190 932
142.929 move 1193 932
142.939 move 1196 932
142.959 move 1199 932
142.969 move 1202 932
142.989 move 1205 932
143.009 move 1208 932
143.039 move 1211 932
143.129 click 5.7746115 1.5129032
143.679 click 5.7746115 1.5129032
145.52 delete
145.74 delete
145.95 delete
146.14 delete
146.59 delete
146.8 delete
147.04 delete
147.26 delete
147.47 delete
147.73 delete
148.08 start 4.0 1.0
148.08 move 1211 929
148.09 move 1211 927
148.11 move 1211 924
148.13 move 1211 921
148.14 move 1211 918
148.16 move 1211 915
148.17 move 1211 912
148.19 move 1211 909
148.21 move 1211 906
148.22 move 1211 903
148.24 move 1211 900
148.25 move 1211 897
148.27 move 1211 894
148.29 move 1211 891
148.3 move 1211 888
148.32 move 1211 885
148.46 click 5.7746115 1.2096775
148.75 move 1211 888
148.77 move 1211 891
148.8 move 1211 894
148.81 move 1211 897
148.83 move 1211 900
148.85 move 1211 903
148.88 move 1211 906
148.89 move 1211 909
148.91 move 1211 912
148.93 move 1211 915
148.94 move 1211 918
148.96 move 1211 921
148.97 move 1211 924
148.99 move 1211 927
149.01 move 1211 930
149.02 move 1211 933
149.05 move 1211 936
149.07 move 1211 939
149.09 move 1211 942
149.1 move 1211 945
149.12 move 1211 948
149.34 click 5.7746115 1.6161289
149.95 click 5.7746115 1.6161289
150.27 move 1208 948
150.29 move 1205 948
150.3 move 1202 948
150.32 move 1199 948
150.33 move 1196 948
150.35 move 1193 948
150.37 move 1190 948
150.38 move 1187 948
150.4 move 1184 948
150.41 move 1181 948
150.43 move 1178 948
150.45 move 1175 948
150.46 move 1172 948
150.59 click 5.572539 1.6161289
151.02 click 5.572539 1.6161289
151.53 click 5.572539 1.6161289
151.92 move 1172 945
151.95 move 1172 942
151.97 move 1172 939
151.98 move 1172 936
152.0 move 1172 933
152.01 move 1172 930
152.03 move 1172 927
152.05 move 1172 924
152.06 move 1172 921
152.08 move 1172 918
152.09 move 1172 915
152.11 move 1172 912
152.13 move 1172 909
152.14 move 1172 906
152.16 move 1172 903
152.17 move 1172 900
152.19 move 1172 897
152.21 move 1172 894
152.22 move 1172 891
152.24 move 1172 888
152.25 move 1172 885
152.27 move 1172 882
152.29 move 1172 879
152.3 move 1172 876
152.32 move 1172 873
152.35 move 1172 870
152.37 move 1172 867
152.38 move 1172 864
152.4 move 1172 861
152.41 move 1172 858
152.43 move 1172 855
152.45 move 1172 852
152.46 move 1172 849
152.48 move 1172 846
152.49 move 1172 843
152.51 move 1172 840
152.53 move 1172 837
152.54 move 1172 834
152.56 move 1172 831
152.57 move 1172 828
152.61 move 1172 825
152.62 move 1172 822
152.64 move 1172 819
152.65 move 1172 816
152.67 move 1172 813
152.69 move 1172 810
152.7 move 1172 807
152.72 move 1172 804
152.73 move 1172 801
152.77 move 1172 798
152.78 move 1172 795
152.8 move 1172 792
152.81 move 1172 789
152.83 move 1172 786
152.85 move 1172 783
152.86 move 1172 780
152.88 move 1172 777
152.89 move 1172 774
152.91 move 1172 771
152.93 move 1172 768
152.94 move 1172 765
152.96 move 1172 762
152.97 move 1172 759
152.99 move 1172 756
153.0 move 1172 753
153.02 move 1172 750
153.04 move 1172 747
153.05 move 1172 744
153.07 move 1172 741
153.09 move 1172 738
153.12 move 1172 735
153.13 move 1172 732
153.28 click 5.572539 0.22258067
154.65 delete
155.02 move 1172 735
155.04 move 1172 738
155.07 move 1172 741
155.08 move 1172 744
155.1 move 1172 747
155.12 move 1172 750
155.15 move 1172 753
155.16 move 1172 756
155.18 move 1172 759
155.2 move 1172 762
155.21 move 1172 765
155.23 move 1172 768
155.24 move 1172 771
155.26 move 1172 774
155.28 move 1172 777
155.29 move 1172 780
155.31 move 1172 783
155.32 move 1172 786
155.34 move 1172 789
155.36 move 1172 792
155.37 move 1172 795
155.39 move 1172 798
155.4 move 1172 801
155.42 move 1172 804
155.44 move 1172 807
155.45 move 1172 810
155.47 move 1172 813
155.48 move 1172 816
155.5 move 1172 819
155.52 move 1172 822
155.53 move 1172 825
155.55 move 1172 828
155.56 move 1172 831
155.58 move 1172 834
155.6 move 1172 837
155.61 move 1172 840
155.63 move 1172 843
155.64 move 1172 846
155.66 move 1172 849
155.68 move 1172 852
155.69 move 1172 855
155.71 move 1172 858
155.72 move 1172 861
155.74 move 1172 864
155.76 move 1172 867
155.77 move 1172 870
155.79 move 1172 873
155.8 move 1172 876
155.82 move 1172 879
155.84 move 1172 882
155.85 move 1172 885
155.87 move 1172 888
155.88 move 1172 891
155.9 move 1172 894
155.92 move 1172 897
155.93 move 1172 900
155.95 move 1172 903
155.96 move 1172 906
155.98 move 1172 909
156.0 move 1172 912
156.01 move 1172 915
156.03 move 1172 918
156.04 move 1172 921
156.06 move 1172 924
156.08 move 1172 927
156.09 move 1172 930
156.11 move 1172 933
156.12 move 1172 936
156.14 move 1172 939
156.16 move 1172 942
156.17 move 1172 945
156.19 move 1172 948
156.2 move 1172 951
156.22 move 1172 954
156.24 move 1172 957
156.25 move 1172 960
156.27 move 1172 963
156.4 click 5.572539 1.7129033
156.83 click 5.572539 1.7129033
157.29 click 5.572539 1.7129033
157.8 click 5.572539 1.7129033
158.25 click 5.572539 1.7129033
159.071 click 5.572539 1.7129033
159.291 enter
159.601 select interactions 1
160.091 start 4.0 1.0
160.101 move 868 853
160.111 move 868 854
160.121 move 868 857
160.141 move 868 860
160.161 move 868 863
160.171 move 868 866
160.201 move 868 869
160.221 move 868 872
160.241 move 868 875
160.251 move 868 878
160.271 move 868 881
160.281 move 868 884
160.301 move 868 887
160.321 move 868 890
160.331 move 868 893
160.351 move 868 896
160.361 move 868 899
160.381 move 868 902
160.401 move 868 905
160.411 move 868 908
160.431 move 868 911
160.441 move 868 914
160.461 move 868 917
160.481 move 868 920
160.491 move 868 923
160.511 move 868 926
160.521 move 868 929
160.541 move 868 932
160.561 move 868 935
160.571 move 868 938
160.591 move 868 941
160.621 move 868 944
160.641 move 868 947
160.651 move 868 950
160.671 move 868 953
160.681 move 868 956
160.701 move 868 959
160.881 click 3.9974093 1.6870968
161.281 move 867 959
161.291 move 864 959
161.311 move 861 959
161.321 move 858 959
161.341 move 855 959
161.371 move 852 959
161.391 move 849 958
161.401 move 846 957
161.421 move 843 956
161.441 move 840 955
161.451 move 837 953
161.471 move 834 952
161.481 move 831 950
161.521 move 828 949
161.531 move 825 947
161.551 move 822 945
161.561 move 819 943
161.581 move 816 942
161.601 move 813 940
161.611 move 810 938
161.631 move 807 936
161.641 move 804 934
161.661 move 801 932
161.691 move 798 930
161.711 move 795 928
161.721 move 792 926
161.741 move 789 924
161.761 move 786 922
161.791 move 783 920
161.801 move 780 918
161.821 move 777 916
161.841 move 774 914
161.851 move 771 912
161.871 move 768 910
161.881 move 765 908
161.901 move 762 906
161.921 move 759 904
161.931 move 756 902
161.951 move 753 900
161.961 move 750 898
161.981 move 747 896
162.001 move 744 894
162.011 move 741 892
162.031 move 738 890
162.041 move 735 888
162.061 move 732 886
162.081 move 729 884
162.091 move 726 882
162.111 move 723 880
162.121 move 720 878
162.141 move 717 876
162.161 move 714 874
162.171 move 711 872
162.191 move 708 870
162.201 move 705 868
162.221 move 702 866
162.241 move 699 864
162.251 move 696 862
162.271 move 693 860
162.281 move 690 858
162.301 move 687 856
162.321 move 684 854
162.331 move 681 852
162.351 move 678 850
162.361 move 675 848
162.381 move 672 846
162.401 move 669 844
162.411 move 666 842
162.431 move 663 840
162.441 move 660 838
162.461 move 657 836
162.481 move 654 834
162.491 move 651 832
162.511 move 648 830
162.521 move 645 828
162.541 move 642 826
162.561 move 639 824
162.571 move 636 822
162.591 move 633 820
162.601 move 630 817
162.621 move 627 815
162.651 move 624 813
162.671 move 621 811
162.681 move 618 808
162.701 move 615 806
162.721 move 612 804
162.751 move 609 802
162.761 move 606 799
162.781 move 603 797
162.801 move 600 795
162.811 move 597 793
162.831 move 594 790
162.841 move 591 788
162.861 move 588 786
162.881 move 585 784
162.891 move 582 781
162.911 move 579 779
162.921 move 576 777
162.941 move 573 775
162.961 move 570 772
162.971 move 567 770
162.991 move 564 768
163.001 move 561 766
163.021 move 558 763
163.041 move 555 761
163.051 move 552 759
163.071 move 549 757
163.081 move 546 754
163.101 move 543 752
163.121 move 540 750
163.131 move 537 748
163.151 move 534 745
163.161 move 531 742
163.181 move 528 739
163.201 move 528 736
163.311 click 2.2357514 0.2483871
163.741 click 2.2357514 0.2483871
164.351 click 2.2357514 0.2483871
164.811 click 2.2357514 0.2483871
165.641 click 2.2357514 0.2483871
166.201 click 2.2357514 0.2483871
166.441 enter
166.721 select between 1
167.201 start 4.0 1.0
167.201 move 868 853
167.211 move 868 856
167.231 move 868 859
167.241 move 868 862
167.261 move 868 865
167.281 move 868 868
167.291 move 868 871
167.311 move 868 874
167.341 move 868 877
167.361 move 868 880
167.371 move 868 883
167.391 move 868 886
167.401 move 868 889
167.421 move 868 892
167.441 move 868 895
167.451 move 868 898
167.471 move 868 901
167.481 move 868 904
167.501 move 868 907
167.521 move 868 910
167.531 move 868 913
167.551 move 868 916
167.581 move 868 919
167.601 move 868 922
167.611 move 868 925
167.631 move 868 928
167.661 move 868 931
167.681 move 868 934
167.691 move 868 937
167.711 move 868 940
167.721 move 868 943
167.761 move 868 946
168.081 click 3.9974093 1.6032257
168.491 move 867 946
168.511 move 864 946
168.521 move 861 946
168.561 move 858 946
168.571 move 855 946
168.591 move 852 945
168.601 move 849 945
168.621 move 846 944
168.641 move 843 943
168.651 move 840 941
168.671 move 837 940
168.681 move 834 939
168.701 move 831 938
168.721 move 828 936
168.731 move 825 935
168.751 move 822 934
168.761 move 819 933
168.801 move 816 931
168.811 move 813 930
168.831 move 810 929
168.841 move 807 928
168.861 move 804 926
168.891 move 801 925
168.911 move 798 924
168.921 move 795 923
168.941 move 792 921
168.961 move 789 920
168.991 move 786 919
169.001 move 783 918
169.021 move 780 916
169.041 move 777 915
169.051 move 774 914
169.071 move 771 913
169.081 move 768 911
169.101 move 765 910
169.121 move 762 909
169.151 move 759 908
169.161 move 756 906
169.181 move 753 905
169.201 move 750 904
169.231 move 747 903
169.241 move 744 901
169.261 move 741 900
169.281 move 738 899
169.311 move 735 898
169.321 move 732 896
169.341 move 729 895
169.361 move 726 894
169.371 move 723 893
169.401 move 720 891
169.421 move 717 890
169.441 move 714 889
169.451 move 711 888
169.481 move 708 886
169.501 move 705 885
169.521 move 702 884
169.531 move 699 883
169.551 move 696 881
169.561 move 693 880
169.581 move 690 879
169.601 move 687 878
169.631 move 684 876
169.641 move 681 875
169.661 move 678 874
169.681 move 675 873
169.691 move 672 871
169.711 move 669 870
169.721 move 666 869
169.741 move 663 868
169.761 move 660 866
169.771 move 657 865
169.791 move 654 864
169.801 move 651 862
169.821 move 648 861
169.841 move 645 859
169.851 move 642 858
169.881 move 639 856
169.901 move 636 855
169.921 move 633 853
169.931 move 630 851
169.951 move 627 849
169.961 move 624 848
169.981 move 621 846
170.001 move 618 844
170.011 move 615 842
170.041 move 612 840
170.061 move 609 838
170.081 move 606 836
170.091 move 603 834
170.111 move 600 831
170.121 move 597 829
170.141 move 594 826
170.161 move 591 823
170.171 move 588 820
170.191 move 585 817
170.221 move 582 814
170.241 move 579 811
170.251 move 576 808
170.271 move 573 805
170.281 move 570 802
170.301 move 567 799
170.321 move 564 796
170.331 move 561 793
170.351 move 558 790
170.361 move 555 787
170.381 move 552 784
170.401 move 549 781
170.411 move 546 778
170.431 move 543 775
170.441 move 540 772
170.461 move 537 769
170.481 move 536 766
170.491 move 535 763
170.511 move 534 760
170.521 move 532 757
170.541 move 531 754
170.561 move 530 751
170.571 move 529 748
170.591 move 527 745
170.601 move 526 742
170.621 move 525 739
170.641 move 524 736
170.651 move 522 733
170.671 move 521 730
170.841 click 2.199482 0.2096774
171.471 click 2.199482 0.2096774
171.771 enter
172.161 select men 1
172.511 start 4.0 1.0
172.511 move 867 852
172.521 move 864 852
172.541 move 861 852
172.561 move 858 852
172.571 move 855 852
172.591 move 852 852
172.601 move 849 852
172.621 move 846 852
172.641 move 843 852
172.651 move 840 852
172.681 move 837 852
172.701 move 834 853
172.721 move 831 856
172.731 move 828 859
172.761 move 828 862
172.781 move 828 865
173.001 click 3.7901554 1.0806452
173.362 move 828 866
173.371 move 828 869
173.392 move 828 872
173.402 move 828 875
173.442 move 828 878
173.452 move 828 881
173.472 move 828 884
173.482 move 828 887
173.502 move 828 890
173.522 move 828 893
173.532 move 828 896
173.552 move 828 899
173.562 move 828 902
173.602 move 828 905
173.612 move 828 908
173.632 move 828 911
173.642 move 828 914
173.662 move 828 917
173.682 move 828 920
173.692 move 828 923
173.712 move 828 926
173.722 move 828 929
173.742 move 828 932
173.762 move 828 935
173.772 move 828 938
173.792 move 828 941
173.802 move 828 944
173.822 move 828 947
173.842 move 828 950
173.852 move 828 953
173.872 move 828 956
173.882 move 828 959
173.922 move 828 962
173.932 move 828 965
173.952 move 828 968
173.962 move 828 971
173.982 move 828 974
174.092 click 3.7901554 1.7838709
174.592 click 3.7901554 1.7838709
174.922 enter
175.292 select and 1
175.742 start 4.0 1.0
175.742 move 866 852
175.762 move 863 852
175.772 move 860 851
175.792 move 857 851
175.982 click 3.9404144 0.9903226
176.512 click 3.9404144 0.9903226
177.072 move 857 854
177.082 move 857 857
177.102 move 857 860
177.122 move 857 863
177.132 move 857 866
177.152 move 857 869
177.162 move 857 872
177.182 move 857 875
177.202 move 857 878
177.212 move 857 881
177.232 move 857 884
177.242 move 857 887
177.262 move 857 890
177.282 move 857 893
177.292 move 857 896
177.312 move 857 899
177.322 move 857 902
177.342 move 857 905
177.362 move 857 908
177.372 move 857 911
177.392 move 857 914
177.402 move 857 917
177.422 move 857 920
177.442 move 857 923
177.452 move 857 926
177.472 move 857 929
177.482 move 857 932
177.502 move 857 935
177.522 move 857 938
177.532 move 857 941
177.552 move 857 944
177.562 move 857 947
177.582 move 857 950
177.602 move 857 953
177.612 move 857 956
177.632 move 857 959
177.642 move 857 962
177.662 move 857 965
177.682 move 857 968
177.822 click 3.9404144 1.7451613
178.272 click 3.9404144 1.7451613
178.722 move 860 968
178.732 move 863 968
178.762 move 866 968
178.782 move 869 968
178.802 move 872 968
178.812 move 875 968
178.832 move 878 968
178.842 move 881 968
178.862 move 884 968
178.882 move 887 968
178.892 move 890 968
178.912 move 893 968
178.922 move 896 968
178.942 move 899 968
178.962 move 902 968
178.972 move 905 968
178.992 move 908 968
179.022 move 911 968
179.042 move 914 968
179.052 move 917 968
179.072 move 920 968
179.082 move 923 968
179.102 move 926 968
179.122 move 929 968
179.132 move 932 968
179.152 move 935 968
179.162 move 938 968
179.182 move 941 968
179.202 move 944 968
179.212 move 947 968
179.232 move 950 968
179.242 move 953 968
179.262 move 956 968
179.282 move 959 968
179.292 move 962 968
179.312 move 965 968
179.322 move 968 968
179.342 move 971 968
179.362 move 974 968
179.372 move 977 968
179.392 move 980 968
179.402 move 983 968
179.442 move 986 968
179.452 move 989 968
179.472 move 992 968
179.482 move 995 968
179.502 move 998 968
179.602 click 4.6709843 1.7451613
179.932 enter
180.332 select women 1
