0.0 session 1
0.0 phrase with each step forward
7.667 start 4.0 1.0
7.667 click 3.9974093 0.9967742
7.997 move 869 852
8.017 move 872 852
8.037 move 875 852
8.053 move 878 852
8.068 move 881 852
8.078 move 884 852
8.098 move 887 852
8.108 move 890 852
8.149 move 893 852
8.157 move 896 852
8.177 move 899 852
8.197 move 902 852
8.207 move 905 852
8.227 move 908 852
8.237 move 911 852
8.257 move 914 852
8.267 move 917 852
8.307 move 920 852
8.317 move 923 852
8.337 move 926 852
8.357 move 929 852
8.388 move 932 852
8.398 move 935 852
8.658 click 4.3445597 0.9967742
9.653 click 4.3445597 0.9967742
10.42 click 4.3445597 0.9967742
11.461 enter
11.812 select with 1
12.892 start 4.0 1.0
12.902 click 3.9974093 0.9967742
13.583 move 866 852
13.603 move 863 852
13.613 move 860 852
13.633 move 857 852
13.653 move 854 852
13.663 move 851 852
13.683 move 848 852
13.693 move 845 852
13.713 move 842 852
13.733 move 839 852
13.743 move 836 852
13.763 move 833 852
13.793 move 830 852
13.813 move 827 852
13.823 move 824 852
13.843 move 821 852
13.861 move 818 852
13.884 move 815 852
13.904 move 812 852
13.924 move 809 852
13.957 move 806 852
13.963 move 803 852
13.983 move 800 852
14.003 move 797 852
14.013 move 794 852
14.033 move 791 852
14.043 move 788 852
14.064 move 785 852
14.084 move 782 852
14.114 move 779 852
14.124 move 776 852
14.144 move 773 852
14.164 move 770 852
14.174 move 767 852
14.194 move 764 852
14.204 move 761 852
14.224 move 758 852
14.244 move 755 852
14.274 move 752 852
14.284 move 749 852
14.304 move 746 852
14.324 move 743 852
14.334 move 740 852
14.357 move 737 852
14.364 move 734 852
14.384 move 731 852
14.404 move 728 852
14.434 move 725 852
14.444 move 722 852
14.464 move 719 852
14.484 move 716 852
14.514 move 713 852
14.894 click 3.1943004 0.9967742
15.365 move 713 854
15.375 move 713 855
15.405 move 713 857
15.425 move 713 859
15.445 move 713 862
15.461 move 713 865
15.475 move 713 868
15.485 move 713 871
15.505 move 713 874
15.525 move 713 877
15.535 move 713 880
15.557 move 713 883
15.565 move 713 886
15.585 move 713 889
15.605 move 713 892
15.615 move 713 895
15.635 move 713 898
15.665 move 713 901
15.685 move 713 904
15.695 move 713 907
15.715 move 713 910
15.745 move 713 913
15.765 move 713 916
15.775 move 713 919
15.805 move 713 922
15.825 move 713 925
15.835 move 713 928
15.861 move 713 931
15.876 move 713 934
15.886 move 713 937
15.906 move 713 940
15.916 move 713 943
15.936 move 713 946
15.957 move 713 949
15.965 move 713 952
15.985 move 713 955
15.995 move 713 958
16.015 move 713 961
16.045 move 713 964
16.065 move 713 967
16.085 move 713 970
16.115 move 713 973
16.395 click 3.1943004 1.7774193
17.136 click 3.1943004 1.7774193
17.917 enter
18.477 select each 1
19.748 start 4.0 1.0
19.748 click 3.9974093 0.9967742
20.448 click 3.9974093 0.9967742
21.269 click 3.9974093 0.9967742
22.079 move 868 850
22.099 move 868 847
22.109 move 868 844
22.129 move 868 841
22.165 move 868 838
22.179 move 868 835
22.189 move 868 832
22.209 move 868 829
22.239 move 868 826
22.261 move 868 823
22.269 move 868 820
22.289 move 868 817
22.319 move 868 814
22.339 move 868 811
22.349 move 868 808
22.369 move 868 805
22.379 move 868 802
22.399 move 868 799
22.419 move 868 796
22.429 move 868 793
22.449 move 868 790
22.469 move 868 787
22.479 move 868 784
22.499 move 868 781
22.509 move 868 778
22.529 move 868 775
22.539 move 868 772
22.579 move 868 769
22.589 move 868 766
22.609 move 868 763
22.629 move 868 760
22.661 move 868 757
22.669 move 868 754
22.689 move 868 751
22.699 move 868 748
22.719 move 868 745
22.749 move 868 742
22.769 move 868 739
22.779 move 868 736
22.799 move 868 733
22.819 move 868 730
23.169 click 3.9974093 0.2096774
23.94 enter
24.19 right
24.811 select step 3
25.813 start 4.0 1.0
25.813 move 867 852
25.823 move 864 852
25.843 move 861 852
25.853 move 858 852
25.873 move 855 852
25.903 move 852 852
25.923 move 849 852
25.933 move 846 852
25.953 move 843 852
25.983 move 840 852
26.003 move 837 852
26.013 move 834 852
26.033 move 831 852
26.069 move 828 852
26.083 move 825 852
26.093 move 822 852
26.434 click 3.7590675 0.9967742
26.869 move 824 852
26.875 move 827 852
26.895 move 830 852
26.915 move 833 852
26.925 move 836 852
26.945 move 839 852
26.955 move 842 852
26.975 move 845 852
26.995 move 848 852
27.005 move 851 852
27.025 move 854 852
27.045 move 857 852
27.055 move 860 852
27.075 move 863 852
27.085 move 866 852
27.105 move 869 852
27.125 move 872 852
27.135 move 875 852
27.405 click 4.0336785 0.9967742
28.397 click 4.0336785 0.9967742
29.628 move 874 852
29.648 move 873 852
29.669 move 870 852
29.699 move 866 852
29.709 move 864 852
29.729 move 861 852
29.749 move 859 852
29.759 move 857 852
29.779 move 855 852
29.789 move 852 852
29.809 move 850 852
29.829 move 848 852
29.859 move 846 852
29.877 move 843 852
29.889 move 840 852
29.899 move 837 852
29.919 move 834 852
29.939 move 831 852
29.949 move 828 852
29.973 move 825 852
29.979 move 822 852
29.999 move 819 851
30.019 move 816 851
30.029 move 813 851
30.049 move 810 851
30.059 move 807 850
30.099 move 804 850
30.109 move 801 850
30.129 move 798 850
30.139 move 795 849
30.179 move 792 849
30.189 move 789 849
30.209 move 786 849
30.219 move 783 848
30.239 move 780 848
30.259 move 777 848
30.277 move 774 848
30.29 move 771 847
30.3 move 768 847
30.34 move 765 847
30.35 move 762 847
30.373 move 759 846
30.379 move 756 846
30.419 move 753 846
30.429 move 750 846
30.449 move 747 845
30.459 move 744 845
30.5 move 741 845
30.51 move 738 845
30.53 move 735 844
30.54 move 732 844
30.579 move 729 844
30.59 move 726 844
30.61 move 723 843
30.619 move 720 843
30.64 move 717 843
30.66 move 714 843
30.677 move 711 842
30.69 move 708 842
30.7 move 705 842
30.74 move 702 842
30.75 move 699 841
30.773 move 696 841
30.799 move 693 841
30.819 move 690 841
30.829 move 687 840
30.849 move 684 840
30.859 move 681 840
30.9 move 678 840
30.91 move 675 839
30.93 move 672 839
30.94 move 669 839
30.979 move 666 839
30.99 move 663 838
31.01 move 660 838
31.02 move 657 838
31.04 move 654 838
31.077 move 651 837
31.09 move 648 837
31.1 move 645 837
31.12 move 642 837
31.14 move 639 836
31.15 move 636 836
31.173 move 633 836
31.179 move 630 836
31.199 move 627 835
31.229 move 624 835
31.249 move 621 835
31.259 move 618 835
31.279 move 615 834
31.299 move 612 834
31.309 move 609 834
31.329 move 606 834
31.339 move 603 833
31.359 move 600 833
31.389 move 597 833
31.409 move 594 833
31.419 move 591 832
31.439 move 588 832
31.477 move 585 832
31.49 move 582 832
31.5 move 579 831
31.52 move 576 831
31.54 move 573 831
31.55 move 570 831
31.573 move 567 830
31.58 move 564 830
31.6 move 561 830
31.62 move 558 830
31.63 move 555 829
31.65 move 552 829
31.66 move 549 829
31.68 move 546 829
31.7 move 543 828
31.71 move 540 828
31.73 move 537 828
31.74 move 534 828
31.76 move 531 827
31.78 move 528 827
31.81 move 525 827
31.82 move 522 827
31.84 move 519 826
31.877 move 516 826
31.891 move 513 826
31.901 move 510 826
31.921 move 507 825
31.94 move 504 825
31.951 move 501 825
31.973 move 498 825
31.98 move 495 824
32.0 move 492 824
32.02 move 489 824
32.03 move 486 824
32.05 move 483 823
32.06 move 480 823
32.08 move 477 823
32.1 move 474 823
32.11 move 471 822
32.13 move 468 822
32.14 move 465 822
32.16 move 462 822
32.18 move 459 821
32.21 move 456 821
32.22 move 453 821
32.24 move 450 821
32.26 move 447 820
32.291 move 444 820
32.301 move 441 820
32.321 move 438 820
32.341 move 435 819
32.351 move 432 819
32.373 move 429 819
32.38 move 426 819
32.401 move 423 818
32.421 move 420 818
32.451 move 417 818
32.461 move 414 818
32.481 move 411 817
32.491 move 408 817
32.531 move 405 817
32.541 move 402 817
32.561 move 399 816
32.581 move 396 816
32.611 move 393 816
32.621 move 390 816
32.641 move 387 815
32.661 move 384 815
32.691 move 381 815
32.701 move 378 815
32.721 move 375 814
32.731 move 372 814
32.773 move 369 814
32.781 move 366 814
32.801 move 363 813
32.811 move 360 813
32.831 move 357 812
32.861 move 354 812
32.881 move 351 811
32.892 move 348 811
32.912 move 345 809
32.942 move 342 808
32.962 move 339 807
32.981 move 336 805
32.992 move 333 803
33.012 move 330 800
33.022 move 327 797
33.042 move 324 794
33.052 move 321 791
33.092 move 318 788
33.102 move 315 785
33.122 move 312 782
33.132 move 309 779
33.173 move 306 776
33.182 move 303 773
33.202 move 300 770
33.212 move 297 767
33.252 move 294 764
33.262 move 291 761
33.283 move 288 758
33.293 move 285 755
33.313 move 282 752
33.333 move 279 749
33.343 move 276 746
33.363 move 273 743
33.381 move 270 740
33.413 move 267 737
33.423 move 264 734
33.443 move 261 731
33.453 move 258 728
33.493 move 255 725
33.502 move 252 722
33.763 click 0.80569947 0.15806454
34.114 move 252 723
34.124 move 252 726
34.144 move 252 729
34.164 move 252 732
34.18 move 252 735
34.194 move 252 738
34.204 move 252 741
34.224 move 252 744
34.244 move 252 747
34.254 move 252 750
34.604 click 0.80569947 0.33870965
35.886 click 0.80569947 0.33870965
37.748 click 0.80569947 0.33870965
38.448 enter
38.749 select forward 1
41.685 phrase life is but a dream
44.225 start 4.0 1.0
44.225 move 869 852
44.255 move 872 852
44.275 move 875 852
44.292 move 878 852
44.306 move 881 852
44.336 move 884 852
44.356 move 887 852
44.366 move 890 852
44.389 move 893 852
44.395 move 896 852
44.435 move 899 852
44.445 move 902 852
44.465 move 905 852
44.475 move 908 852
44.515 move 911 852
44.525 move 914 852
44.545 move 917 852
44.555 move 920 852
44.595 move 923 852
44.605 move 926 852
44.625 move 929 852
44.635 move 932 852
44.655 move 935 852
44.675 move 938 852
44.693 move 941 852
44.706 move 944 852
44.716 move 947 852
44.736 move 950 852
44.756 move 953 852
44.766 move 956 852
44.789 move 959 852
44.796 move 962 852
44.816 move 965 852
44.836 move 968 852
44.846 move 971 852
44.866 move 974 852
44.876 move 977 852
44.916 move 980 852
44.926 move 983 852
44.946 move 986 852
44.976 move 989 852
44.996 move 992 852
45.006 move 995 852
45.026 move 998 852
45.036 move 1001 852
45.056 move 1004 852
45.076 move 1007 852
45.093 move 1010 852
45.106 move 1013 852
45.326 click 4.7487044 0.9967742
45.937 move 1014 852
45.957 move 1017 852
45.967 move 1020 852
45.989 move 1023 852
45.996 move 1026 852
46.017 move 1029 852
46.036 move 1032 852
46.047 move 1035 852
46.067 move 1038 852
46.077 move 1041 852
46.096 move 1044 852
46.117 move 1047 852
46.127 move 1050 852
46.147 move 1053 852
46.157 move 1056 852
46.177 move 1059 852
46.196 move 1062 852
46.207 move 1065 852
46.227 move 1068 852
46.237 move 1071 852
46.257 move 1074 852
46.276 move 1077 852
46.293 move 1080 852
46.307 move 1083 852
46.317 move 1086 852
46.337 move 1089 852
46.357 move 1092 852
46.367 move 1095 852
46.389 move 1098 852
46.397 move 1101 852
46.417 move 1104 852
46.437 move 1107 852
46.447 move 1110 852
46.467 move 1113 852
46.477 move 1116 852
46.497 move 1119 852
46.507 move 1122 852
46.527 move 1125 852
46.547 move 1128 852
46.557 move 1131 852
46.577 move 1134 852
46.597 move 1137 852
46.608 move 1140 852
46.628 move 1143 852
46.638 move 1146 852
46.658 move 1149 852
46.668 move 1152 852
46.692 move 1155 852
46.708 move 1158 852
46.718 move 1161 852
46.738 move 1164 852
46.748 move 1167 852
46.768 move 1170 852
46.789 move 1173 852
46.798 move 1176 852
46.818 move 1179 852
46.828 move 1182 852
46.848 move 1185 852
46.868 move 1188 852
46.878 move 1191 852
46.898 move 1194 852
46.908 move 1197 852
46.928 move 1200 852
46.948 move 1203 852
46.958 move 1206 852
46.978 move 1209 852
46.996 move 1212 852
47.009 move 1215 852
47.029 move 1218 852
47.039 move 1221 852
47.329 click 5.826425 0.9967742
48.45 click 5.826425 0.9967742
49.171 move 1220 852
49.181 move 1219 852
49.201 move 1216 851
49.231 move 1213 850
49.251 move 1210 850
49.261 move 1207 849
49.281 move 1204 848
49.311 move 1201 847
49.331 move 1198 847
49.341 move 1195 846
49.361 move 1192 845
49.397 move 1189 844
49.411 move 1186 844
49.421 move 1183 843
49.441 move 1180 842
49.451 move 1177 841
49.471 move 1174 841
49.493 move 1171 840
49.502 move 1168 839
49.532 move 1165 838
49.552 move 1162 838
49.572 move 1159 837
49.582 move 1156 836
49.611 move 1153 835
49.631 move 1150 835
49.651 move 1147 834
49.661 move 1144 833
49.701 move 1141 832
49.712 move 1138 832
49.732 move 1135 831
49.742 move 1132 830
49.762 move 1129 829
49.772 move 1126 829
49.796 move 1123 828
49.812 move 1120 827
49.822 move 1117 826
49.842 move 1114 826
49.852 move 1111 825
49.872 move 1108 824
49.893 move 1105 823
49.901 move 1102 823
49.922 move 1099 822
49.952 move 1096 821
49.972 move 1093 820
49.982 move 1090 820
50.002 move 1087 819
50.012 move 1084 818
50.032 move 1081 817
50.052 move 1078 817
50.062 move 1075 816
50.082 move 1072 815
50.101 move 1069 814
50.112 move 1066 814
50.132 move 1063 813
50.142 move 1060 812
50.172 move 1057 811
50.197 move 1054 811
50.212 move 1051 810
50.222 move 1048 809
50.242 move 1045 808
50.272 move 1042 808
50.293 move 1039 807
50.302 move 1036 806
50.322 move 1033 805
50.352 move 1030 805
50.372 move 1027 804
50.382 move 1024 803
50.402 move 1021 802
50.433 move 1018 802
50.453 move 1015 801
50.463 move 1012 800
50.483 move 1009 799
50.501 move 1006 799
50.512 move 1003 798
50.532 move 1000 797
50.542 move 997 796
50.572 move 994 796
50.597 move 991 795
50.612 move 988 794
50.622 move 985 793
50.652 move 982 793
50.672 move 979 792
50.693 move 976 791
50.702 move 973 790
50.722 move 970 790
50.752 move 967 789
50.772 move 964 788
50.782 move 961 787
50.802 move 958 787
50.832 move 955 786
50.852 move 952 785
50.862 move 949 784
50.882 move 946 784
50.912 move 943 783
50.932 move 940 782
50.942 move 937 781
50.962 move 934 781
50.972 move 931 780
50.996 move 928 779
51.012 move 925 778
51.022 move 922 778
51.042 move 919 777
51.072 move 916 776
51.093 move 913 775
51.102 move 910 775
51.122 move 907 774
51.152 move 904 773
51.172 move 901 772
51.182 move 898 772
51.202 move 895 771
51.212 move 892 770
51.232 move 889 769
51.252 move 886 769
51.262 move 883 768
51.282 move 880 768
51.313 move 877 768
51.333 move 874 768
51.343 move 871 767
51.363 move 868 767
51.396 move 865 767
51.413 move 862 767
51.423 move 859 766
51.443 move 856 766
51.453 move 853 766
51.473 move 850 766
51.493 move 847 765
51.503 move 844 765
51.523 move 841 765
51.533 move 838 765
51.553 move 835 764
51.563 move 832 764
51.583 move 829 764
51.603 move 826 764
51.613 move 823 763
51.633 move 820 763
51.653 move 817 763
51.663 move 814 763
51.683 move 811 762
51.701 move 808 762
51.713 move 805 762
51.723 move 802 762
51.743 move 799 761
51.763 move 796 761
51.773 move 793 761
51.797 move 790 761
51.813 move 787 760
51.823 move 784 760
51.843 move 781 760
51.853 move 778 760
51.873 move 775 759
51.883 move 772 759
51.903 move 769 759
51.923 move 766 759
51.953 move 763 758
51.963 move 760 758
51.983 move 757 758
52.003 move 754 758
52.013 move 751 757
52.033 move 748 757
52.043 move 745 757
52.063 move 742 757
52.083 move 739 756
52.101 move 736 756
52.114 move 733 756
52.124 move 730 756
52.144 move 727 756
52.164 move 724 756
52.484 click 3.2512953 0.37741935
53.265 enter
53.476 left
54.116 select life 2
55.076 start 4.0 1.0
55.076 move 869 852
55.106 move 872 852
55.116 move 875 852
55.136 move 878 852
55.156 move 881 852
55.166 move 884 852
55.186 move 887 852
55.205 move 890 852
55.217 move 893 852
55.237 move 896 852
55.247 move 899 852
55.277 move 902 852
55.301 move 905 852
55.316 move 908 852
55.326 move 911 852
55.356 move 914 852
55.376 move 917 852
55.396 move 920 852
55.406 move 923 852
55.426 move 926 852
55.436 move 929 852
55.456 move 932 852
55.476 move 935 852
55.486 move 938 852
55.517 move 941 852
55.537 move 944 852
55.547 move 947 852
55.567 move 950 852
55.604 move 953 852
55.617 move 956 852
55.627 move 959 852
55.647 move 962 852
55.667 move 965 852
55.701 move 968 852
55.717 move 971 852
55.727 move 974 852
55.747 move 977 852
55.757 move 980 852
55.777 move 983 852
55.797 move 986 852
55.807 move 989 852
55.837 move 992 852
55.857 move 995 852
55.877 move 998 852
55.887 move 1001 852
55.907 move 1004 852
55.917 move 1007 852
55.937 move 1010 852
56.157 click 4.7331605 0.9967742
57.088 click 4.7331605 0.9967742
58.068 enter
58.449 left
58.99 select is 2
59.981 start 4.0 1.0
59.991 move 868 853
60.005 move 868 855
60.012 move 868 858
60.032 move 868 861
60.052 move 868 864
60.082 move 868 867
60.092 move 868 870
60.112 move 868 873
60.132 move 868 876
60.162 move 868 879
60.172 move 868 882
60.192 move 868 885
60.212 move 868 888
60.242 move 868 891
60.252 move 868 894
60.272 move 868 897
60.292 move 868 900
60.309 move 868 903
60.322 move 868 906
60.332 move 868 909
60.352 move 868 912
60.372 move 868 915
60.405 move 868 918
60.412 move 868 921
60.432 move 868 924
60.452 move 868 927
60.482 move 868 930
60.492 move 868 933
60.512 move 868 936
60.532 move 868 939
60.562 move 868 942
60.572 move 868 945
60.592 move 868 948
60.612 move 868 951
60.622 move 868 954
60.652 move 868 957
60.672 move 868 960
60.692 move 868 963
60.709 move 868 966
60.732 move 868 969
61.012 click 3.9974093 1.7516129
61.712 click 3.9974093 1.7516129
62.573 click 3.9974093 1.7516129
63.394 enter
63.855 select but 1
65.108 start 4.0 1.0
65.112 click 3.9974093 0.9967742
65.787 enter
66.148 select a 1
67.278 start 4.0 1.0
67.278 click 3.9974093 0.9967742
67.938 move 867 852
67.988 move 865 852
67.998 move 864 852
68.019 move 863 852
68.029 move 862 852
68.049 move 860 852
68.059 move 859 852
68.079 move 857 852
68.099 move 854 851
68.116 move 851 850
68.129 move 848 849
68.139 move 845 847
68.159 move 842 845
68.179 move 839 843
68.189 move 836 841
68.228 move 833 839
68.238 move 830 837
68.258 move 827 835
68.268 move 824 833
68.308 move 821 831
68.319 move 818 829
68.339 move 815 827
68.349 move 812 825
68.369 move 809 823
68.389 move 806 821
68.399 move 803 819
68.419 move 800 817
68.429 move 797 815
68.449 move 794 813
68.469 move 791 811
68.479 move 788 809
68.499 move 785 806
68.517 move 782 804
68.529 move 779 802
68.549 move 776 800
68.559 move 773 797
68.579 move 770 795
68.589 move 767 793
68.613 move 764 791
68.619 move 761 788
68.639 move 758 786
68.659 move 755 784
68.669 move 752 782
68.689 move 749 779
68.699 move 746 777
68.719 move 743 775
68.739 move 740 773
68.749 move 737 770
68.769 move 734 768
68.789 move 731 766
68.799 move 728 764
68.82 move 725 761
68.83 move 722 759
68.85 move 719 757
68.86 move 716 755
68.88 move 713 752
68.9 move 710 750
68.917 move 707 748
68.93 move 704 746
68.94 move 701 743
68.96 move 698 741
68.98 move 695 739
68.99 move 692 737
69.012 move 689 734
69.02 move 686 732
69.04 move 686 730
69.317 click 3.0544043 0.2096774
70.351 click 3.0544043 0.2096774
71.022 move 685 730
71.052 move 684 730
71.073 move 682 730
71.092 move 680 730
71.102 move 677 730
71.122 move 674 731
71.132 move 671 731
71.152 move 668 732
71.172 move 665 732
71.182 move 662 733
71.202 move 659 733
71.221 move 656 734
71.233 move 653 734
71.243 move 650 735
71.263 move 647 735
71.283 move 644 736
71.293 move 641 736
71.317 move 638 737
71.323 move 635 737
71.343 move 632 738
71.363 move 629 738
71.373 move 626 739
71.393 move 623 739
71.403 move 620 740
71.423 move 617 740
71.443 move 614 741
71.453 move 611 741
71.473 move 608 742
71.493 move 605 742
71.503 move 602 743
71.523 move 599 743
71.533 move 596 744
71.553 move 593 744
71.563 move 590 745
71.603 move 587 745
71.621 move 584 746
71.633 move 581 746
71.643 move 578 747
71.663 move 575 747
71.683 move 572 748
71.693 move 569 748
71.716 move 566 749
71.723 move 563 749
71.763 move 560 750
71.773 move 557 750
71.793 move 554 751
71.803 move 551 752
71.843 move 548 753
71.853 move 545 754
71.873 move 542 755
71.883 move 539 757
71.903 move 536 758
71.933 move 533 759
71.953 move 530 760
71.963 move 527 762
71.983 move 524 763
72.003 move 521 765
72.021 move 518 766
72.034 move 515 768
72.044 move 512 770
72.084 move 509 771
72.094 move 506 773
72.117 move 503 775
72.123 move 500 777
72.164 move 497 779
72.174 move 495 781
72.194 move 493 784
72.204 move 491 786
72.223 move 489 788
72.253 move 487 790
72.273 move 485 793
72.283 move 483 795
72.654 click 2.0025907 0.62903225
73.795 move 483 797
73.805 move 483 800
73.845 move 483 803
73.855 move 483 806
73.875 move 483 809
73.885 move 483 812
73.925 move 483 815
73.935 move 483 818
73.955 move 483 821
73.965 move 483 824
73.995 move 483 827
74.021 move 483 830
74.035 move 483 833
74.065 move 483 836
74.085 move 483 839
74.095 move 483 842
74.116 move 483 845
74.125 move 483 848
74.145 move 483 851
74.155 move 483 854
74.175 move 483 857
74.195 move 483 860
74.205 move 483 863
74.225 move 483 866
74.255 move 483 869
74.275 move 483 872
74.285 move 483 875
74.305 move 483 878
74.324 move 483 881
74.336 move 483 884
74.356 move 483 887
74.366 move 483 890
74.386 move 483 893
74.396 move 483 896
74.421 move 483 899
74.435 move 483 902
74.445 move 483 905
74.465 move 483 908
74.475 move 483 911
74.495 move 483 914
74.516 move 483 917
74.525 move 483 920
74.545 move 483 923
74.555 move 483 926
74.595 move 483 929
74.605 move 483 932
74.626 move 483 935
74.636 move 483 938
74.656 move 483 941
74.676 move 483 944
74.686 move 483 947
74.706 move 483 950
74.724 move 483 953
74.756 move 483 956
74.766 move 483 959
75.076 click 2.0025907 1.6870968
75.956 enter
76.324 select dream 1
78.339 phrase good jobs for those with education
82.354 start 4.0 1.0
82.354 click 3.9974093 0.9967742
82.725 move 871 852
82.735 move 874 852
82.755 move 877 852
82.765 move 880 852
82.785 move 883 852
82.795 move 886 852
82.815 move 889 852
82.845 move 892 852
82.865 move 895 852
82.885 move 898 852
82.895 move 901 852
82.915 move 904 852
82.933 move 907 852
82.945 move 910 852
83.165 click 4.215026 0.9967742
83.806 move 912 852
83.836 move 915 852
83.856 move 918 852
83.876 move 921 851
83.886 move 924 848
83.906 move 927 845
83.916 move 930 842
83.936 move 933 839
83.956 move 935 836
83.966 move 938 833
83.996 move 941 830
84.016 move 944 827
84.036 move 947 824
84.046 move 950 821
84.066 move 953 818
84.096 move 956 815
84.116 move 959 812
84.132 move 962 809
84.146 move 965 806
84.176 move 968 803
84.196 move 971 800
84.206 move 974 797
84.228 move 977 794
84.256 move 980 791
84.276 move 983 788
84.286 move 986 785
84.306 move 989 782
84.337 move 992 779
84.357 move 995 776
84.367 move 998 773
84.387 move 1001 770
84.417 move 1004 767
84.436 move 1007 764
84.446 move 1010 761
84.466 move 1013 758
84.496 move 1016 755
84.516 move 1019 752
84.533 move 1022 749
84.546 move 1025 746
84.576 move 1028 743
84.596 move 1031 740
84.606 move 1034 737
84.636 move 1037 734
84.657 move 1040 731
84.676 move 1043 728
84.687 move 1046 725
84.707 move 1049 722
85.029 click 4.935233 0.15806454
85.698 move 1049 723
85.708 move 1049 725
85.732 move 1049 727
85.748 move 1048 730
85.758 move 1048 733
85.778 move 1047 736
85.808 move 1046 739
85.829 move 1045 742
85.837 move 1045 745
85.857 move 1044 748
85.867 move 1043 751
85.887 move 1042 754
85.907 move 1042 757
85.917 move 1041 760
85.937 move 1040 763
85.947 move 1039 766
85.967 move 1039 769
85.987 move 1038 772
85.997 move 1037 775
86.017 move 1036 778
86.037 move 1036 781
86.048 move 1035 784
86.068 move 1034 787
86.078 move 1033 790
86.098 move 1033 793
86.108 move 1032 796
86.132 move 1031 799
86.148 move 1030 802
86.158 move 1030 805
86.178 move 1029 808
86.188 move 1028 811
86.208 move 1027 814
86.229 move 1027 817
86.508 click 4.8212433 0.7709677
87.139 enter
87.439 left
87.921 select good 2
88.721 start 4.0 1.0
88.721 move 870 852
88.74 move 873 852
88.771 move 876 852
88.781 move 879 852
88.801 move 882 852
88.811 move 885 852
88.837 move 888 852
88.861 move 891 852
88.881 move 894 852
88.891 move 897 852
88.933 move 900 852
88.941 move 903 852
88.962 move 906 852
88.972 move 909 852
88.992 move 912 852
89.022 move 915 852
89.041 move 918 852
89.052 move 921 852
89.072 move 924 852
89.102 move 927 852
89.122 move 930 852
89.14 move 933 852
89.152 move 936 852
89.172 move 939 852
89.182 move 942 852
89.202 move 945 852
89.212 move 948 852
89.237 move 951 852
89.252 move 954 852
89.262 move 957 852
89.282 move 960 852
89.292 move 963 852
89.312 move 966 852
89.342 move 969 852
89.362 move 972 852
89.372 move 975 852
89.392 move 978 852
89.412 move 981 852
89.442 move 984 852
89.452 move 987 852
89.472 move 990 852
89.492 move 993 852
89.522 move 996 852
89.541 move 999 852
89.732 click 4.6761656 0.9967742
90.253 move 1000 852
90.273 move 1003 852
90.283 move 1006 852
90.323 move 1009 852
90.341 move 1012 852
90.353 move 1015 852
90.383 move 1018 852
90.403 move 1021 852
90.413 move 1024 852
90.436 move 1027 852
90.443 move 1030 852
90.483 move 1033 852
90.493 move 1036 852
90.513 move 1039 852
90.523 move 1042 852
90.563 move 1045 852
90.573 move 1048 852
90.593 move 1051 852
90.603 move 1054 852
90.623 move 1057 852
90.643 move 1060 852
90.653 move 1063 852
90.673 move 1066 852
90.683 move 1069 852
90.723 move 1072 852
90.741 move 1075 852
90.754 move 1078 852
90.764 move 1081 852
90.804 move 1084 852
90.814 move 1087 852
90.836 move 1090 852
90.843 move 1093 852
90.863 move 1096 852
90.893 move 1099 852
90.913 move 1102 852
90.923 move 1105 852
90.964 move 1108 852
90.974 move 1111 852
90.994 move 1114 852
91.004 move 1117 852
91.024 move 1120 852
91.053 move 1123 852
91.073 move 1126 852
91.083 move 1129 852
91.103 move 1132 852
91.14 move 1135 852
91.154 move 1138 852
91.164 move 1141 852
91.184 move 1144 852
91.204 move 1147 852
91.237 move 1150 852
91.244 move 1153 852
91.264 move 1156 852
91.294 move 1159 852
91.314 move 1162 852
91.324 move 1165 852
91.344 move 1168 852
91.364 move 1171 852
91.374 move 1174 852
91.394 move 1177 852
91.404 move 1180 852
91.424 move 1183 852
91.444 move 1186 852
91.454 move 1189 852
91.474 move 1192 852
91.484 move 1195 852
91.504 move 1198 852
91.524 move 1201 852
91.541 move 1204 852
91.554 move 1207 852
91.564 move 1210 852
91.584 move 1213 852
91.614 move 1216 852
91.855 click 5.800518 0.9967742
92.437 move 1216 853
92.445 move 1216 856
92.466 move 1216 859
92.476 move 1216 862
92.496 move 1216 865
92.516 move 1216 868
92.526 move 1216 871
92.546 move 1216 874
92.556 move 1216 877
92.596 move 1216 880
92.606 move 1216 883
92.626 move 1216 886
92.644 move 1215 889
92.656 move 1215 892
92.676 move 1215 895
92.686 move 1215 898
92.706 move 1214 901
92.716 move 1214 904
92.741 move 1213 907
92.766 move 1212 910
92.786 move 1210 913
92.796 move 1208 916
92.816 move 1207 919
92.836 move 1205 922
92.846 move 1203 925
92.866 move 1200 928
92.876 move 1197 931
92.897 move 1194 934
92.927 move 1191 937
92.946 move 1188 940
92.956 move 1185 943
92.976 move 1182 946
92.996 move 1179 949
93.006 move 1176 952
93.026 move 1173 955
93.044 move 1170 958
93.057 move 1167 961
93.067 move 1164 964
93.107 move 1161 967
93.117 move 1158 970
93.141 move 1155 973
93.157 move 1152 976
93.167 move 1149 979
93.187 move 1146 982
93.197 move 1143 985
93.217 move 1140 988
93.246 move 1137 991
93.267 move 1134 991
93.277 move 1131 991
93.297 move 1128 991
93.327 move 1125 991
93.347 move 1122 991
93.357 move 1119 991
93.377 move 1116 991
93.397 move 1113 991
93.407 move 1110 991
93.427 move 1107 991
93.444 move 1104 991
93.457 move 1101 991
93.467 move 1098 991
93.487 move 1095 991
93.697 click 5.173575 1.8935485
94.528 click 5.173575 1.8935485
95.228 enter
95.388 right
96.109 select jobs 3
97.25 start 4.0 1.0
97.25 click 3.9974093 0.9967742
97.651 move 869 852
97.661 move 871 852
97.681 move 873 852
97.691 move 876 852
97.711 move 878 852
97.731 move 880 852
97.748 move 882 852
97.761 move 885 852
97.771 move 887 852
98.031 click 4.0958548 0.9967742
98.948 click 4.0958548 0.9967742
99.803 enter
99.983 left
100.574 select for 2
101.748 start 4.0 1.0
101.753 click 3.9974093 0.9967742
101.986 move 869 852
101.996 move 872 852
102.016 move 875 852
102.036 move 878 852
102.052 move 881 852
102.066 move 880 853
102.076 move 879 853
102.076 move 880 853
102.086 move 879 854
102.096 move 880 854
102.106 move 879 854
102.116 move 881 854
102.116 move 881 855
102.126 move 882 855
102.156 move 884 855
102.176 move 887 855
102.196 move 890 855
102.206 move 893 855
102.236 move 893 856
102.252 move 892 856
102.276 move 891 856
102.286 move 890 857
102.452 click 4.111399 1.0290322
102.526 move 887 858
102.536 move 885 858
102.548 move 883 859
102.556 move 882 859
102.556 move 880 860
102.566 move 878 861
102.576 move 877 862
102.586 move 876 862
103.116 move 876 860
103.136 move 876 857
103.156 move 877 854
103.166 move 879 851
103.186 move 881 848
103.196 move 883 845
103.216 move 885 842
103.236 move 888 839
103.252 move 890 836
103.277 move 893 833
103.297 move 896 830
103.316 move 899 827
103.327 move 902 824
103.349 move 905 821
103.376 move 908 818
103.396 move 911 815
103.406 move 914 812
103.426 move 917 809
103.456 move 920 806
103.476 move 923 803
103.486 move 926 800
103.506 move 929 797
103.516 move 932 794
103.536 move 935 791
103.556 move 938 788
103.566 move 941 785
103.586 move 944 782
103.596 move 947 779
103.636 move 950 776
103.652 move 953 773
103.666 move 956 770
103.676 move 959 767
103.716 move 962 764
103.726 move 965 762
103.748 move 968 761
103.756 move 971 760
103.777 move 974 759
103.796 move 977 757
103.807 move 980 756
103.827 move 983 755
103.837 move 986 754
103.856 move 989 752
103.876 move 992 751
103.886 move 995 750
103.906 move 998 749
103.916 move 1001 747
103.936 move 1004 746
103.956 move 1007 745
103.966 move 1010 744
103.986 move 1013 742
103.996 move 1016 741
104.016 move 1019 740
104.036 move 1022 739
104.053 move 1025 737
104.066 move 1028 736
104.316 click 4.826425 0.2483871
105.037 move 1028 738
105.057 move 1028 741
105.067 move 1028 744
105.107 move 1028 747
105.117 move 1028 750
105.137 move 1028 753
105.157 move 1027 756
105.167 move 1027 759
105.197 move 1026 762
105.217 move 1026 765
105.227 move 1025 768
105.253 move 1025 771
105.267 move 1024 774
105.277 move 1024 777
105.297 move 1023 780
105.307 move 1023 783
105.327 move 1022 786
105.348 move 1022 789
105.358 move 1021 792
105.378 move 1021 795
105.388 move 1020 798
105.408 move 1020 801
105.428 move 1019 804
105.438 move 1019 807
105.458 move 1018 810
105.468 move 1018 813
105.488 move 1017 816
105.508 move 1017 819
105.538 move 1016 822
105.556 move 1016 825
105.568 move 1015 828
105.588 move 1015 831
105.939 click 4.7590675 0.86129034
106.61 move 1013 831
106.62 move 1010 831
106.64 move 1007 831
106.66 move 1004 831
106.69 move 1001 831
106.7 move 998 831
106.72 move 995 831
106.74 move 992 830
106.756 move 989 830
106.77 move 986 830
106.78 move 983 830
106.8 move 980 829
106.82 move 977 829
106.83 move 974 828
106.86 move 971 827
106.88 move 968 827
106.9 move 965 825
106.91 move 962 824
106.94 move 959 823
106.96 move 956 820
106.98 move 953 817
106.99 move 950 814
107.01 move 947 811
107.02 move 944 808
107.04 move 941 805
107.059 move 938 802
107.07 move 935 799
107.1 move 932 796
107.12 move 929 793
107.14 move 926 790
107.157 move 923 787
107.18 move 920 784
107.2 move 917 781
107.22 move 914 778
107.23 move 911 775
107.252 move 908 772
107.28 move 905 769
107.3 move 902 766
107.31 move 899 763
107.33 move 896 760
107.34 move 893 757
107.36 move 890 754
107.38 move 887 751
107.39 move 884 748
107.42 move 881 745
107.44 move 878 742
107.46 move 875 739
107.47 move 872 736
107.5 move 869 733
107.52 move 866 730
107.54 move 863 727
107.86 click 3.9715028 0.19032258
108.691 enter
109.312 select those 1
110.733 start 4.0 1.0
110.743 click 3.9974093 0.9967742
111.404 click 3.9974093 0.9967742
112.356 click 3.9974093 0.9967742
112.964 click 3.9974093 0.9967742
114.398 enter
114.819 select with 1
115.809 start 4.0 1.0
115.809 click 3.9974093 0.9967742
116.42 move 866 852
116.43 move 863 852
116.45 move 860 852
116.481 move 857 852
116.501 move 854 852
116.511 move 851 852
116.531 move 848 852
116.564 move 845 852
116.58 move 842 852
116.59 move 839 852
116.61 move 836 852
116.64 move 833 852
116.66 move 830 852
116.67 move 827 852
116.69 move 824 852
116.72 move 821 852
116.74 move 818 852
116.75 move 815 852
116.771 move 812 852
116.781 move 809 852
116.801 move 806 852
116.811 move 803 852
116.831 move 800 852
116.851 move 797 852
116.868 move 794 852
116.881 move 791 852
116.891 move 788 852
116.911 move 785 852
116.931 move 782 852
116.941 move 779 852
116.971 move 776 852
116.991 move 773 852
117.011 move 770 852
117.021 move 767 852
117.041 move 764 852
117.051 move 761 852
117.071 move 758 852
117.091 move 755 852
117.101 move 752 852
117.121 move 749 852
117.131 move 746 852
117.151 move 743 852
117.171 move 740 852
117.181 move 737 852
117.201 move 734 852
117.211 move 731 852
117.231 move 728 852
117.251 move 725 852
117.269 move 722 852
117.282 move 719 852
117.292 move 716 852
117.312 move 713 852
117.332 move 710 852
117.612 click 3.1787565 0.9967742
118.772 click 3.1787565 0.9967742
119.668 move 710 855
119.675 move 710 858
119.695 move 710 861
119.715 move 710 864
119.725 move 710 867
119.745 move 710 870
119.755 move 710 873
119.775 move 710 876
119.795 move 710 879
119.805 move 710 882
119.825 move 710 885
119.835 move 710 888
119.855 move 710 891
119.875 move 710 894
119.885 move 710 897
119.915 move 710 900
119.935 move 710 903
119.955 move 710 906
119.972 move 710 909
119.985 move 710 912
119.995 move 710 915
120.015 move 710 918
120.035 move 710 921
120.045 move 710 924
120.075 move 710 927
120.095 move 710 930
120.115 move 710 933
120.125 move 710 936
120.145 move 710 939
120.155 move 710 942
120.175 move 710 945
120.195 move 710 948
120.205 move 710 951
120.225 move 710 954
120.235 move 710 957
120.255 move 710 960
120.275 move 710 963
120.285 move 710 966
120.305 move 710 969
120.315 move 710 972
120.335 move 710 975
120.355 move 710 978
120.373 move 710 981
120.386 move 710 984
120.606 click 3.1787565 1.848387
121.276 click 3.1787565 1.848387
122.017 click 3.1787565 1.848387
122.747 move 710 981
122.773 move 710 978
122.787 move 710 975
122.797 move 710 972
122.827 move 710 969
122.847 move 710 966
122.868 move 710 963
122.877 move 710 960
122.898 move 710 957
122.908 move 710 954
122.928 move 710 951
122.948 move 710 948
122.958 move 710 945
122.988 move 710 942
123.008 move 710 939
123.028 move 710 936
123.038 move 710 933
123.058 move 710 930
123.076 move 710 927
123.088 move 710 924
123.108 move 710 921
123.118 move 710 918
123.138 move 710 915
123.148 move 710 912
123.172 move 710 909
123.188 move 710 906
123.198 move 710 903
123.218 move 710 900
123.228 move 710 897
123.248 move 710 894
123.278 move 710 891
123.298 move 710 888
123.308 move 710 885
123.328 move 710 882
123.348 move 710 879
123.378 move 710 876
123.388 move 710 873
123.408 move 710 870
123.428 move 710 867
123.458 move 710 864
123.476 move 710 861
123.489 move 710 858
123.499 move 710 855
123.539 move 710 852
123.549 move 710 849
123.572 move 710 846
123.588 move 710 843
123.598 move 710 840
123.618 move 710 837
123.628 move 710 834
123.648 move 710 831
123.669 move 710 828
123.678 move 710 825
123.698 move 710 822
123.708 move 710 819
123.728 move 710 816
123.748 move 710 813
123.778 move 710 810
123.788 move 710 807
123.808 move 710 804
123.828 move 710 801
123.838 move 710 798
123.858 move 710 795
123.876 move 710 792
123.888 move 710 789
123.908 move 710 786
123.918 move 710 783
123.938 move 710 780
123.948 move 710 777
123.973 move 710 774
123.979 move 710 771
123.999 move 710 768
124.019 move 710 765
124.029 move 710 762
124.049 move 710 759
124.069 move 710 756
124.078 move 710 753
124.098 move 710 750
124.108 move 710 747
124.128 move 710 744
124.148 move 710 741
124.158 move 710 738
124.178 move 710 735
124.188 move 710 732
124.208 move 710 729
124.228 move 710 726
124.258 move 710 723
124.276 move 710 720
124.508 click 3.1787565 0.14516127
125.118 click 3.1787565 0.14516127
125.599 click 3.1787565 0.14516127
126.189 enter
126.739 select education 1
129.475 phrase a much higher risk of getting cancer
131.997 start 4.0 1.0
132.007 click 3.9974093 0.9967742
132.467 enter
133.008 select a 1
134.049 start 4.0 1.0
134.049 move 868 853
134.059 move 868 855
134.085 move 868 856
134.099 move 868 857
134.109 move 868 858
134.289 move 868 859
134.459 move 868 860
134.499 move 868 861
134.509 move 868 864
134.529 move 868 867
134.539 move 868 870
134.559 move 868 873
134.581 move 868 876
134.589 move 868 879
134.609 move 868 882
134.619 move 868 885
134.639 move 868 888
134.659 move 868 891
134.669 move 868 894
134.689 move 868 897
134.699 move 868 900
134.739 move 868 903
134.749 move 868 906
134.769 move 868 909
134.788 move 868 912
134.8 move 868 915
134.82 move 868 918
134.83 move 868 921
134.85 move 868 924
134.86 move 868 927
134.899 move 868 930
134.909 move 868 933
134.929 move 868 936
134.939 move 868 939
134.98 move 868 942
134.99 move 868 945
135.01 move 868 948
135.02 move 868 951
135.06 move 868 954
135.07 move 868 957
135.09 move 868 960
135.1 move 868 963
135.14 move 868 966
135.15 move 868 969
135.17 move 868 972
135.188 move 868 975
135.49 click 3.9974093 1.7903225
136.141 click 3.9974093 1.7903225
136.971 move 867 975
136.992 move 864 975
137.012 move 861 975
137.022 move 858 975
137.052 move 855 975
137.072 move 852 975
137.091 move 849 975
137.101 move 846 975
137.121 move 843 975
137.131 move 840 975
137.151 move 837 975
137.171 move 834 975
137.188 move 831 975
137.201 move 828 975
137.211 move 825 975
137.231 move 822 975
137.251 move 819 975
137.261 move 816 975
137.291 move 813 975
137.311 move 810 975
137.331 move 807 975
137.341 move 804 975
137.361 move 801 975
137.371 move 798 975
137.392 move 795 975
137.412 move 792 975
137.422 move 789 975
137.442 move 786 975
137.472 move 783 975
137.492 move 780 975
137.502 move 777 975
137.522 move 774 975
137.552 move 771 975
137.572 move 768 975
137.589 move 765 975
138.142 click 3.4637306 1.7903225
138.703 move 767 975
138.723 move 770 975
138.733 move 773 975
138.753 move 776 975
138.763 move 779 975
138.788 move 782 975
138.803 move 785 975
138.813 move 788 975
138.833 move 791 975
138.843 move 794 975
138.863 move 797 975
138.884 move 800 975
138.892 move 803 975
138.913 move 806 975
138.932 move 809 975
138.943 move 812 975
138.963 move 815 975
139.523 click 3.7227979 1.7903225
140.624 enter
141.075 left
141.955 select must 2
142.956 start 4.0 1.0
142.966 move 871 852
142.976 move 874 852
142.996 move 877 852
143.026 move 880 852
143.036 move 883 852
143.056 move 886 852
143.076 move 889 852
143.092 move 892 852
143.116 move 895 852
143.136 move 898 852
143.156 move 901 852
143.166 move 904 852
143.188 move 907 852
143.196 move 910 852
143.217 move 913 852
143.236 move 916 852
143.247 move 919 852
143.277 move 922 852
143.296 move 925 852
143.316 move 928 852
143.326 move 931 852
143.356 move 934 852
143.376 move 937 852
143.396 move 940 852
143.406 move 943 852
143.436 move 946 852
143.456 move 949 852
143.476 move 952 852
143.492 move 955 852
143.517 move 958 852
143.537 move 961 852
143.547 move 964 852
143.567 move 967 852
143.597 move 970 852
143.617 move 973 852
143.627 move 976 852
143.647 move 979 852
143.667 move 982 852
143.697 move 985 852
143.707 move 988 852
143.727 move 991 852
143.747 move 994 852
143.777 move 997 852
143.796 move 1000 852
143.807 move 1003 852
143.827 move 1006 852
143.837 move 1009 852
143.857 move 1012 852
143.867 move 1015 852
143.892 move 1018 852
144.267 click 4.7746115 0.9967742
144.818 move 1021 852
144.828 move 1024 852
144.848 move 1027 852
144.868 move 1030 852
144.878 move 1033 852
144.898 move 1036 852
144.908 move 1039 852
144.928 move 1042 852
144.948 move 1045 852
144.958 move 1048 852
144.978 move 1051 852
144.996 move 1054 852
145.008 move 1057 852
145.028 move 1060 852
145.038 move 1063 852
145.058 move 1066 852
145.068 move 1069 852
145.092 move 1072 852
145.108 move 1075 852
145.118 move 1078 852
145.138 move 1081 852
145.148 move 1084 852
145.168 move 1087 852
145.188 move 1090 852
145.198 move 1093 852
145.218 move 1096 852
145.228 move 1099 852
145.248 move 1102 852
145.268 move 1105 852
145.278 move 1108 852
145.298 move 1111 852
145.308 move 1114 852
145.328 move 1117 852
145.348 move 1120 852
145.358 move 1123 852
145.378 move 1126 852
145.396 move 1129 852
145.409 move 1132 852
145.419 move 1135 852
145.439 move 1138 852
145.459 move 1141 852
145.469 move 1144 852
145.492 move 1147 852
145.499 move 1150 852
145.519 move 1153 852
145.539 move 1156 852
145.549 move 1159 852
145.569 move 1162 852
145.599 move 1165 852
145.619 move 1168 852
145.629 move 1171 852
145.649 move 1174 852
145.659 move 1177 852
145.679 move 1180 852
145.7 move 1183 852
145.71 move 1186 852
145.73 move 1189 852
145.74 move 1192 852
145.76 move 1195 852
145.78 move 1198 852
145.796 move 1201 852
145.81 move 1204 852
145.82 move 1207 852
145.84 move 1210 852
145.86 move 1213 852
145.87 move 1216 852
145.892 move 1219 852
145.899 move 1222 852
146.1 click 5.8316064 0.9967742
146.82 click 5.8316064 0.9967742
147.3 click 5.8316064 0.9967742
148.382 click 5.8316064 0.9967742
148.996 move 1222 850
149.004 move 1222 847
149.024 move 1222 844
149.044 move 1222 841
149.074 move 1222 838
149.084 move 1222 835
149.103 move 1222 832
149.123 move 1222 829
149.153 move 1222 826
149.163 move 1222 823
149.183 move 1222 820
149.203 move 1222 817
149.233 move 1222 814
149.243 move 1222 811
149.263 move 1222 808
149.283 move 1222 805
149.313 move 1222 802
149.323 move 1222 799
149.343 move 1222 796
149.363 move 1222 793
149.396 move 1222 790
149.403 move 1222 787
149.424 move 1222 784
149.444 move 1222 781
149.454 move 1222 778
149.474 move 1222 775
149.484 move 1222 772
149.504 move 1222 769
149.524 move 1222 766
149.534 move 1222 763
149.554 move 1222 760
149.564 move 1222 757
149.584 move 1222 754
149.603 move 1222 751
149.614 move 1222 748
149.634 move 1222 745
149.644 move 1222 742
149.664 move 1222 739
149.684 move 1222 736
149.7 move 1222 733
149.714 move 1222 730
149.724 move 1222 727
149.744 move 1222 724
149.764 move 1222 721
149.774 move 1222 718
149.796 move 1222 715
149.804 move 1222 712
149.824 move 1222 709
150.101 click 5.8316064 0.07419354
150.755 enter
151.455 select higher 1
153.277 start 4.0 1.0
153.287 click 3.9974093 0.9967742
153.988 click 3.9974093 0.9967742
155.23 move 865 852
155.25 move 862 852
155.26 move 859 852
155.28 move 856 852
155.31 move 853 852
155.33 move 850 852
155.34 move 847 852
155.36 move 844 852
155.39 move 841 852
155.41 move 838 852
155.42 move 835 852
155.44 move 832 852
155.46 move 829 852
155.47 move 826 852
155.49 move 823 852
155.508 move 820 852
155.521 move 817 852
155.531 move 814 852
155.551 move 811 852
155.571 move 808 852
155.581 move 805 852
155.604 move 802 852
155.62 move 799 852
155.631 move 796 852
155.651 move 793 852
155.661 move 790 852
155.681 move 787 852
155.7 move 784 852
155.71 move 781 852
155.73 move 778 852
155.76 move 775 852
155.78 move 772 852
155.79 move 769 852
155.811 move 766 852
155.821 move 763 852
155.841 move 760 852
155.851 move 757 852
155.871 move 754 852
155.891 move 751 852
155.908 move 748 852
155.921 move 745 852
155.931 move 742 852
155.951 move 739 852
155.971 move 736 852
155.981 move 733 852
156.004 move 730 852
156.011 move 727 852
156.031 move 724 852
156.051 move 721 852
156.061 move 718 852
156.081 move 715 852
156.091 move 712 852
156.111 move 709 852
156.131 move 706 852
156.141 move 703 852
156.161 move 700 852
156.171 move 697 852
156.191 move 694 852
156.211 move 691 852
156.221 move 688 852
156.242 move 685 852
156.252 move 682 852
156.272 move 679 852
156.292 move 676 852
156.308 move 673 852
156.322 move 670 852
156.332 move 667 852
156.352 move 664 852
156.372 move 661 852
156.382 move 658 852
156.404 move 655 852
156.431 move 652 852
156.451 move 649 852
156.461 move 646 852
156.481 move 643 852
156.491 move 640 852
156.512 move 637 852
156.532 move 634 852
156.542 move 631 852
156.562 move 628 852
156.572 move 625 852
156.592 move 622 852
156.612 move 619 852
156.622 move 616 852
156.642 move 613 852
156.652 move 610 852
156.672 move 607 852
156.692 move 604 852
156.708 move 601 852
156.722 move 598 852
156.732 move 595 852
156.772 move 592 852
156.782 move 589 852
156.804 move 586 852
156.832 move 583 852
156.852 move 580 852
156.862 move 577 852
156.882 move 574 852
156.912 move 571 852
156.932 move 568 852
156.942 move 565 852
156.962 move 562 852
156.972 move 559 852
156.992 move 556 852
157.012 move 553 852
157.022 move 550 852
157.042 move 547 852
157.052 move 544 852
157.092 move 541 852
157.108 move 538 852
157.122 move 535 852
157.132 move 532 852
157.152 move 529 852
157.172 move 526 852
157.182 move 523 852
157.204 move 520 852
157.212 move 517 852
157.233 move 514 852
157.252 move 511 852
157.263 move 508 852
157.283 move 505 852
157.293 move 502 852
157.312 move 499 852
157.332 move 496 852
157.343 move 493 852
157.363 move 490 852
157.373 move 487 852
157.412 move 484 852
157.423 move 481 852
157.443 move 478 852
157.453 move 475 852
157.483 move 472 852
157.508 move 469 852
157.523 move 466 852
157.533 move 463 852
157.563 move 460 852
157.583 move 457 852
157.604 move 454 852
157.613 move 451 852
157.643 move 448 852
157.663 move 445 852
157.683 move 442 852
157.693 move 439 852
157.723 move 436 852
157.743 move 433 852
157.763 move 430 852
157.773 move 427 852
157.812 move 424 852
157.824 move 421 852
157.844 move 418 852
157.854 move 415 852
157.884 move 412 852
157.908 move 409 852
157.923 move 406 852
157.933 move 403 852
157.953 move 400 852
157.983 move 397 852
158.004 move 394 852
158.013 move 391 852
158.033 move 388 852
158.043 move 385 852
158.063 move 382 852
158.083 move 379 852
158.093 move 376 852
158.113 move 373 852
158.123 move 370 852
158.143 move 367 852
158.163 move 364 852
158.173 move 361 852
158.193 move 358 852
158.212 move 355 852
158.224 move 352 852
158.244 move 349 852
158.254 move 346 852
158.274 move 343 852
158.284 move 340 852
158.308 move 337 852
158.324 move 334 852
158.334 move 331 852
158.734 click 1.2150259 0.9967742
159.185 move 334 852
159.195 move 337 852
159.215 move 340 852
159.235 move 343 852
159.265 move 346 852
159.275 move 349 852
159.295 move 352 852
159.315 move 355 852
159.325 move 358 852
159.345 move 361 852
159.355 move 364 852
159.375 move 367 852
159.412 move 370 852
159.425 move 373 852
159.435 move 376 852
159.455 move 379 852
159.485 move 382 852
159.508 move 385 852
159.515 move 388 852
159.535 move 391 852
159.555 move 394 852
159.565 move 397 852
159.585 move 400 852
159.595 move 403 852
159.615 move 406 852
159.645 move 409 852
159.665 move 412 852
159.675 move 415 852
159.695 move 418 852
159.725 move 421 852
159.745 move 424 852
159.755 move 427 852
159.775 move 430 852
159.812 move 433 852
159.825 move 436 852
159.835 move 439 852
159.855 move 442 852
159.875 move 445 852
159.885 move 448 852
159.908 move 451 852
159.915 move 454 852
159.935 move 457 852
159.955 move 460 852
159.965 move 463 852
159.985 move 466 852
159.995 move 469 852
160.015 move 472 852
160.035 move 475 852
160.045 move 478 852
160.065 move 481 852
160.075 move 484 852
160.095 move 487 852
160.115 move 490 852
160.125 move 493 852
160.145 move 496 852
160.155 move 499 852
160.175 move 502 852
160.195 move 505 852
160.212 move 508 852
160.226 move 511 852
160.236 move 514 852
160.256 move 517 852
160.276 move 520 852
160.286 move 523 852
160.308 move 526 852
160.316 move 529 852
160.336 move 532 852
160.356 move 535 852
160.366 move 538 852
160.386 move 541 852
160.396 move 544 852
160.416 move 547 852
160.436 move 550 852
160.466 move 553 852
160.476 move 556 852
160.496 move 559 852
160.516 move 562 852
160.546 move 565 852
160.556 move 568 852
160.576 move 571 852
160.596 move 574 852
160.612 move 577 852
160.626 move 580 852
160.636 move 583 852
160.656 move 586 852
160.676 move 589 852
160.686 move 592 852
160.708 move 595 852
160.716 move 598 852
160.736 move 601 852
160.756 move 604 852
160.766 move 607 852
160.796 move 610 852
160.816 move 613 852
160.836 move 616 852
160.846 move 619 852
160.866 move 622 852
160.876 move 625 852
160.896 move 628 852
160.916 move 631 852
160.926 move 634 852
160.946 move 637 852
160.956 move 640 852
160.976 move 643 852
160.996 move 646 852
161.012 move 649 852
161.027 move 652 852
161.037 move 655 852
161.057 move 658 852
161.067 move 661 852
161.087 move 664 852
161.108 move 667 852
161.137 move 670 852
161.147 move 673 852
161.167 move 676 852
161.187 move 679 852
161.197 move 682 852
161.217 move 685 852
161.227 move 688 852
161.247 move 691 852
161.267 move 694 852
161.277 move 697 852
161.297 move 700 852
161.316 move 703 852
161.327 move 706 852
161.347 move 709 852
161.377 move 712 852
161.388 move 715 852
161.412 move 718 852
161.427 move 721 852
161.437 move 724 852
161.457 move 727 852
161.467 move 730 852
161.487 move 733 852
161.508 move 736 852
161.517 move 739 852
161.547 move 742 852
161.567 move 745 852
161.587 move 748 852
161.597 move 751 852
161.617 move 754 852
161.627 move 757 852
161.647 move 760 852
161.667 move 763 852
161.677 move 766 852
161.697 move 769 852
161.716 move 772 852
161.728 move 775 852
161.748 move 778 852
161.758 move 781 852
161.788 move 784 852
161.812 move 787 852
161.828 move 790 852
161.838 move 793 852
161.858 move 796 852
161.868 move 799 852
161.888 move 802 852
161.908 move 805 852
161.917 move 808 852
161.948 move 811 852
161.968 move 814 852
161.988 move 817 852
161.998 move 820 852
162.018 move 823 852
162.028 move 826 852
162.048 move 829 852
162.068 move 832 852
162.078 move 835 852
162.116 move 838 852
162.128 move 841 852
162.148 move 844 852
162.158 move 847 852
162.178 move 850 852
162.188 move 853 852
162.212 move 856 852
162.228 move 859 852
162.238 move 862 852
162.258 move 865 852
162.288 move 871 852
162.308 move 874 852
162.318 move 877 852
162.338 move 880 852
162.348 move 883 852
162.368 move 886 852
162.388 move 889 852
162.398 move 892 852
162.418 move 895 852
162.428 move 898 852
162.448 move 901 852
162.468 move 904 852
162.478 move 907 852
162.516 move 910 852
162.529 move 913 852
162.539 move 916 852
162.628 move 928 852
162.638 move 931 852
162.658 move 934 852
162.668 move 937 852
162.688 move 940 852
162.708 move 943 852
162.719 move 946 852
162.739 move 949 852
162.749 move 952 852
162.769 move 955 852
162.779 move 958 852
162.799 move 961 852
162.818 move 964 852
162.828 move 967 852
162.848 move 970 852
162.868 move 973 852
162.878 move 976 852
162.898 move 979 852
162.929 move 982 852
162.948 move 985 852
162.959 move 988 852
162.979 move 991 852
163.013 move 994 852
163.019 move 997 852
163.039 move 1000 852
163.059 move 1003 852
163.069 move 1006 852
163.089 move 1009 852
163.099 move 1012 852
163.119 move 1015 852
163.139 move 1018 852
163.149 move 1021 852
163.169 move 1024 852
163.179 move 1027 852
163.199 move 1030 852
163.219 move 1033 852
163.229 move 1036 852
163.249 move 1039 852
163.259 move 1042 852
163.279 move 1045 852
163.299 move 1048 852
163.316 move 1051 852
163.33 move 1054 852
163.34 move 1057 852
163.36 move 1060 852
163.38 move 1063 852
163.39 move 1066 852
163.412 move 1069 852
163.419 move 1072 852
163.439 move 1075 852
163.459 move 1078 852
163.469 move 1081 852
163.489 move 1084 852
163.499 move 1087 852
163.519 move 1090 852
163.54 move 1093 852
163.55 move 1096 852
163.57 move 1099 852
163.58 move 1102 852
163.6 move 1105 852
163.619 move 1108 852
163.629 move 1111 852
163.649 move 1114 852
163.659 move 1117 852
163.679 move 1120 852
163.699 move 1123 852
163.716 move 1126 852
163.73 move 1129 852
163.74 move 1132 852
163.76 move 1135 852
163.78 move 1138 852
163.79 move 1141 852
163.82 move 1144 852
163.84 move 1147 852
163.86 move 1150 852
163.87 move 1153 852
163.9 move 1156 852
163.92 move 1159 852
163.94 move 1162 852
163.95 move 1165 852
163.97 move 1168 852
163.98 move 1171 852
164.0 move 1174 852
164.02 move 1177 852
164.03 move 1180 852
164.05 move 1183 852
164.08 move 1186 852
164.1 move 1189 852
164.116 move 1192 852
164.13 move 1195 852
164.16 move 1198 852
164.18 move 1201 852
164.19 move 1204 852
164.212 move 1207 852
164.22 move 1210 852
164.24 move 1213 852
164.26 move 1216 852
164.62 click 5.800518 0.9967742
165.371 enter
165.792 select risk 1
166.703 start 4.0 1.0
166.703 move 869 852
166.724 move 871 852
166.734 move 874 852
166.754 move 877 852
166.764 move 880 852
166.784 move 883 852
166.804 move 886 852
166.82 move 889 852
166.844 move 892 852
166.864 move 895 852
166.884 move 898 852
166.894 move 901 852
166.923 move 904 852
166.943 move 907 852
166.963 move 910 852
166.973 move 913 852
166.993 move 916 852
167.003 move 919 852
167.024 move 922 852
167.044 move 925 852
167.054 move 928 852
167.074 move 931 852
167.084 move 934 852
167.104 move 937 852
167.123 move 940 852
167.133 move 943 852
167.153 move 946 852
167.183 move 949 852
167.203 move 952 852
167.22 move 955 852
167.234 move 958 852
167.264 move 961 852
167.284 move 964 852
167.294 move 967 852
167.316 move 970 852
167.324 move 973 852
167.344 move 976 852
167.364 move 979 852
167.374 move 982 852
167.394 move 985 852
167.424 move 988 852
167.444 move 991 852
167.454 move 994 852
167.474 move 997 852
167.484 move 1000 852
167.524 move 1003 852
167.534 move 1006 852
167.554 move 1009 852
167.584 move 1012 852
167.604 move 1015 852
167.62 move 1018 852
167.634 move 1021 852
167.644 move 1024 852
167.664 move 1027 852
167.854 click 4.8212433 0.9967742
168.595 click 4.8212433 0.9967742
169.317 enter
169.696 select of 1
170.724 start 4.0 1.0
170.728 click 3.9974093 0.9967742
171.279 move 868 850
171.299 move 868 847
171.309 move 867 844
171.339 move 866 841
171.359 move 865 838
171.379 move 865 835
171.389 move 864 832
171.409 move 863 829
171.428 move 862 826
171.439 move 862 823
171.459 move 861 820
171.469 move 860 817
171.489 move 859 814
171.499 move 859 811
171.524 move 858 808
171.539 move 857 805
171.549 move 856 802
171.569 move 855 799
171.579 move 854 796
171.599 move 853 793
171.62 move 851 790
171.629 move 850 787
171.649 move 848 784
171.659 move 846 781
171.679 move 844 778
171.699 move 842 775
171.709 move 840 772
171.729 move 838 769
171.74 move 836 766
171.76 move 834 763
171.78 move 832 760
171.79 move 830 757
171.81 move 828 754
171.828 move 826 751
171.839 move 824 748
171.859 move 822 745
171.869 move 820 742
171.899 move 817 739
171.924 move 815 736
171.939 move 813 733
171.949 move 811 730
171.969 move 808 727
171.979 move 806 724
171.999 move 804 721
172.02 move 802 718
172.029 move 799 715
172.049 move 797 712
172.059 move 795 709
172.079 move 793 706
172.099 move 790 703
172.109 move 788 700
172.139 move 786 697
172.159 move 784 694
172.179 move 781 691
172.189 move 779 688
172.228 move 777 685
172.239 move 775 682
172.259 move 772 679
172.269 move 770 676
172.299 move 768 673
172.324 move 765 670
172.339 move 763 667
172.349 move 760 664
172.369 move 757 661
172.388 move 754 658
172.399 move 751 655
172.42 move 748 652
172.429 move 745 649
172.459 move 742 646
172.479 move 739 643
172.499 move 736 640
172.509 move 733 637
172.539 move 730 634
172.559 move 727 631
172.579 move 724 628
172.589 move 721 628
172.609 move 718 628
172.799 click 3.2202072 -0.4483871
173.124 move 719 630
173.139 move 721 631
173.169 move 723 633
173.179 move 726 634
173.199 move 729 636
173.221 move 732 637
173.229 move 735 639
173.249 move 738 640
173.259 move 741 641
173.279 move 744 642
173.299 move 747 642
173.309 move 750 643
173.329 move 753 644
173.339 move 756 645
173.359 move 759 646
173.379 move 762 647
173.389 move 765 648
173.409 move 768 650
173.428 move 771 651
173.63 click 3.4948187 -0.3
174.051 click 3.4948187 -0.3
174.881 click 3.4948187 -0.3
175.572 move 771 652
175.602 move 771 654
175.612 move 771 657
175.632 move 771 660
175.652 move 771 663
175.662 move 771 666
175.692 move 771 669
175.712 move 771 672
175.732 move 771 675
175.742 move 771 678
175.772 move 771 681
175.792 move 771 684
175.812 move 771 687
175.828 move 771 690
175.842 move 771 693
175.852 move 771 696
175.872 move 771 699
175.892 move 771 702
175.902 move 771 705
175.932 move 771 708
175.952 move 771 711
175.972 move 771 714
175.982 move 771 717
176.002 move 771 720
176.033 move 771 723
176.043 move 771 726
176.063 move 771 729
176.083 move 771 732
176.113 move 771 735
176.132 move 771 738
176.143 move 771 741
176.163 move 771 744
176.193 move 771 747
176.203 move 771 750
176.228 move 771 753
176.244 move 771 756
176.254 move 771 759
176.274 move 771 762
176.284 move 771 765
176.304 move 771 768
176.324 move 771 771
176.334 move 771 774
176.354 move 771 777
176.364 move 771 780
176.384 move 771 783
176.404 move 771 786
176.434 move 771 789
176.444 move 771 792
176.464 move 771 795
176.484 move 771 798
176.814 click 3.4948187 0.6483871
177.428 click 3.4948187 0.6483871
178.495 enter
179.566 select getting 1
180.607 start 4.0 1.0
180.607 move 868 853
180.628 move 868 855
180.637 move 868 857
180.657 move 868 860
180.667 move 868 863
180.687 move 867 866
180.707 move 866 869
180.717 move 864 872
180.737 move 862 875
180.747 move 860 878
180.787 move 857 881
180.797 move 855 884
180.817 move 852 887
180.836 move 850 890
180.847 move 847 893
180.867 move 845 896
180.877 move 842 899
180.897 move 840 902
180.907 move 837 905
180.932 move 834 908
180.947 move 831 911
180.957 move 828 914
180.977 move 825 917
180.987 move 822 920
181.007 move 819 923
181.028 move 816 926
181.037 move 813 929
181.057 move 810 932
181.067 move 807 935
181.087 move 804 938
181.117 move 801 941
181.137 move 798 944
181.147 move 795 947
181.167 move 792 950
181.187 move 789 953
181.197 move 786 956
181.217 move 783 959
181.236 move 780 962
181.248 move 777 965
181.268 move 774 968
181.298 move 771 971
181.308 move 768 971
181.332 move 765 971
181.347 move 762 972
181.357 move 759 972
181.377 move 756 972
181.387 move 753 972
181.407 move 750 973
181.437 move 747 973
181.458 move 744 973
181.468 move 741 973
181.487 move 738 973
181.508 move 735 973
181.537 move 732 973
181.547 move 729 973
181.567 move 726 973
181.597 move 723 973
181.617 move 720 973
181.636 move 717 973
181.648 move 714 973
181.678 move 711 973
181.698 move 708 973
181.708 move 705 973
181.732 move 702 973
181.758 move 699 973
182.132 click 3.1217616 1.7774193
182.659 move 698 973
182.669 move 695 973
182.689 move 692 973
182.699 move 689 973
182.719 move 686 973
182.739 move 683 973
182.749 move 680 973
182.769 move 677 973
182.779 move 674 973
182.799 move 671 973
182.819 move 668 973
182.836 move 665 973
182.849 move 662 973
182.859 move 659 973
182.879 move 656 973
182.899 move 653 973
182.909 move 650 973
182.932 move 647 973
182.939 move 644 973
182.959 move 641 973
182.979 move 638 973
182.989 move 635 973
183.009 move 632 973
183.019 move 629 973
183.059 move 626 973
183.069 move 623 973
183.089 move 620 973
183.099 move 617 973
183.139 move 614 973
183.149 move 611 973
183.169 move 608 973
183.199 move 605 973
183.219 move 602 973
183.236 move 599 973
183.25 move 596 973
183.26 move 593 973
183.28 move 590 973
183.3 move 587 973
183.31 move 584 973
183.332 move 581 973
183.339 move 578 973
183.359 move 575 973
183.379 move 572 973
183.389 move 569 973
183.409 move 566 973
183.419 move 563 973
183.44 move 560 973
183.47 move 557 973
183.49 move 554 973
183.5 move 551 973
183.52 move 548 973
183.55 move 545 973
183.57 move 542 973
183.58 move 539 973
183.6 move 536 973
183.636 move 533 973
183.65 move 530 973
183.66 move 527 973
183.68 move 524 973
183.71 move 521 973
183.732 move 518 973
183.74 move 515 973
183.98 click 2.1683939 1.7774193
184.851 click 2.1683939 1.7774193
186.412 click 2.1683939 1.7774193
187.203 click 2.1683939 1.7774193
187.664 move 516 973
187.684 move 519 973
187.694 move 522 973
187.714 move 525 973
187.724 move 528 973
187.743 move 531 973
187.774 move 534 973
187.794 move 537 973
187.804 move 540 973
187.824 move 543 973
187.844 move 546 973
187.874 move 549 973
187.884 move 552 973
187.904 move 555 973
187.924 move 558 973
187.954 move 561 973
187.964 move 564 973
187.984 move 567 973
188.004 move 570 973
188.014 move 573 973
188.036 move 576 973
188.044 move 579 973
188.064 move 582 973
188.084 move 585 973
188.094 move 588 973
188.124 move 591 973
188.144 move 594 973
188.154 move 597 973
188.174 move 600 973
188.204 move 603 973
188.224 move 606 973
188.244 move 609 973
188.254 move 612 973
188.274 move 615 973
188.284 move 618 973
188.304 move 621 973
188.324 move 624 973
188.34 move 627 973
188.354 move 630 973
188.785 click 2.7642486 1.7774193
189.426 enter
189.996 select cancer 1
193.51 phrase the kids are very excited
196.432 start 4.0 1.0
196.432 click 3.9974093 0.9967742
197.073 click 3.9974093 0.9967742
197.652 move 869 852
197.684 move 872 852
197.694 move 875 852
197.714 move 878 851
197.748 move 881 851
197.764 move 884 850
197.774 move 887 849
197.794 move 890 848
197.804 move 893 848
197.844 move 896 847
197.854 move 899 846
197.874 move 902 845
197.884 move 905 845
197.924 move 908 844
197.934 move 911 843
197.954 move 914 842
197.964 move 917 842
198.004 move 920 841
198.014 move 923 840
198.034 move 926 839
198.052 move 929 839
198.075 move 932 838
198.095 move 935 837
198.115 move 938 836
198.125 move 941 836
198.164 move 944 834
198.174 move 947 833
198.194 move 950 832
198.204 move 953 830
198.224 move 956 829
198.244 move 959 827
198.255 move 962 826
198.275 move 965 824
198.305 move 968 823
198.315 move 971 821
198.335 move 974 820
198.354 move 977 818
198.365 move 980 817
198.385 move 983 815
198.395 move 986 814
198.415 move 989 812
198.435 move 992 811
198.452 move 995 809
198.475 move 998 808
198.495 move 1001 806
198.515 move 1004 805
198.525 move 1007 803
198.555 move 1010 802
198.575 move 1013 800
198.595 move 1016 799
198.605 move 1019 797
198.635 move 1022 796
198.655 move 1025 794
198.675 move 1028 793
198.685 move 1031 791
198.705 move 1034 790
198.715 move 1037 788
198.735 move 1040 787
198.755 move 1043 785
198.765 move 1046 784
198.785 move 1049 782
198.815 move 1052 781
198.835 move 1055 779
198.852 move 1058 778
198.865 move 1061 776
198.875 move 1064 775
198.895 move 1067 773
198.915 move 1070 772
198.925 move 1073 770
198.948 move 1076 769
198.975 move 1079 767
198.995 move 1082 765
199.005 move 1085 763
199.025 move 1085 760
199.055 move 1085 758
199.165 move 1084 758
199.185 move 1081 758
199.215 move 1078 758
199.235 move 1075 757
199.252 move 1072 757
199.266 move 1069 757
199.276 move 1066 757
199.296 move 1063 756
199.316 move 1060 756
199.326 move 1057 756
199.348 move 1054 756
199.355 move 1051 756
199.375 move 1048 756
199.395 move 1045 756
199.405 move 1042 756
199.425 move 1039 756
199.455 move 1036 756
199.475 move 1033 756
199.485 move 1030 756
199.515 move 1027 756
199.535 move 1024 756
199.555 move 1021 756
199.565 move 1018 756
199.585 move 1015 756
199.595 move 1012 756
199.635 move 1009 756
199.652 move 1006 756
199.665 move 1003 756
199.675 move 1000 756
199.695 move 997 756
199.715 move 994 756
199.725 move 991 756
199.748 move 988 756
199.755 move 985 756
199.795 move 982 756
199.805 move 979 756
199.825 move 976 756
199.835 move 973 756
199.875 move 970 756
199.885 move 967 756
199.905 move 964 756
199.915 move 961 756
199.935 move 958 756
199.955 move 955 756
199.965 move 952 756
199.985 move 949 756
199.995 move 946 756
200.035 move 943 756
200.052 move 940 756
200.066 move 937 756
200.076 move 934 756
200.096 move 931 756
200.126 move 928 756
200.416 click 4.30829 0.37741935
201.056 enter
201.487 select the 1
202.208 start 4.0 1.0
202.208 move 869 852
202.238 move 872 852
202.258 move 875 852
202.268 move 878 852
202.288 move 881 852
202.308 move 884 852
202.318 move 887 852
202.338 move 890 852
202.356 move 893 852
202.368 move 896 852
202.388 move 899 852
202.398 move 902 852
202.418 move 905 852
202.428 move 908 852
202.452 move 911 852
202.468 move 914 852
202.478 move 917 852
202.498 move 920 852
202.508 move 923 852
202.528 move 926 852
202.548 move 929 852
202.558 move 932 852
202.578 move 935 852
202.588 move 938 852
202.608 move 941 852
202.638 move 944 852
202.659 move 947 852
202.669 move 950 852
202.689 move 953 852
202.699 move 956 852
202.719 move 959 852
202.739 move 962 852
202.756 move 965 852
202.769 move 968 852
202.779 move 971 852
202.799 move 974 852
202.819 move 977 852
202.829 move 980 852
202.852 move 983 852
202.858 move 986 852
202.878 move 989 852
202.898 move 992 852
202.908 move 995 852
202.928 move 998 852
202.959 move 1001 852
202.979 move 1004 852
202.989 move 1007 852
203.28 click 4.7176166 0.9967742
203.82 move 1008 852
203.84 move 1011 852
203.86 move 1014 852
203.87 move 1017 852
203.89 move 1020 852
203.9 move 1023 852
203.92 move 1026 852
203.94 move 1029 852
203.956 move 1032 852
203.981 move 1035 852
204.001 move 1038 852
204.021 move 1041 852
204.031 move 1044 852
204.06 move 1047 852
204.08 move 1050 852
204.09 move 1053 852
204.11 move 1056 852
204.13 move 1059 852
204.14 move 1062 852
204.16 move 1065 852
204.171 move 1068 852
204.191 move 1071 852
204.211 move 1074 852
204.221 move 1077 852
204.241 move 1080 852
204.26 move 1083 852
204.271 move 1086 852
204.291 move 1089 852
204.301 move 1092 852
204.321 move 1095 852
204.331 move 1098 852
204.356 move 1101 852
204.371 move 1104 852
204.381 move 1107 852
204.401 move 1110 852
204.411 move 1113 852
204.431 move 1116 852
204.452 move 1119 852
204.46 move 1122 852
204.481 move 1125 852
204.491 move 1128 852
204.511 move 1131 852
204.541 move 1134 852
204.561 move 1137 852
204.571 move 1140 852
204.591 move 1143 852
204.611 move 1146 852
204.621 move 1149 852
204.641 move 1152 852
204.66 move 1155 852
204.671 move 1158 852
204.691 move 1161 852
204.721 move 1164 852
204.731 move 1167 852
204.756 move 1170 852
204.771 move 1173 852
204.801 move 1176 852
204.811 move 1179 852
204.831 move 1182 852
204.852 move 1185 852
204.861 move 1188 852
204.891 move 1191 852
204.911 move 1194 852
204.931 move 1197 852
204.961 move 1200 852
204.971 move 1203 852
205.282 click 5.7331605 0.9967742
206.033 click 5.7331605 0.9967742
206.863 click 5.7331605 0.9967742
207.604 enter
208.074 left
208.635 select kids 2
209.726 start 4.0 1.0
209.736 click 3.9974093 0.9967742
210.446 move 867 852
210.466 move 866 851
210.476 move 865 849
210.496 move 863 847
210.506 move 862 845
210.526 move 860 842
210.546 move 859 839
210.577 move 857 836
210.587 move 856 833
210.607 move 854 830
210.627 move 853 827
210.66 move 851 824
210.667 move 850 821
210.687 move 849 818
210.707 move 848 815
210.717 move 846 812
210.737 move 845 809
210.747 move 844 806
210.767 move 842 803
210.797 move 841 800
210.817 move 839 797
210.827 move 838 794
210.847 move 836 791
210.866 move 834 788
210.877 move 832 785
210.897 move 831 782
210.907 move 829 779
210.927 move 827 776
210.947 move 825 773
210.964 move 824 770
210.977 move 822 767
210.987 move 820 764
211.007 move 818 761
211.027 move 817 758
211.037 move 815 755
211.06 move 813 752
211.067 move 811 749
211.087 move 810 746
211.107 move 808 743
211.117 move 806 740
211.137 move 804 737
211.147 move 802 734
211.167 move 800 731
211.187 move 798 728
211.197 move 796 725
211.217 move 794 722
211.227 move 792 719
211.247 move 789 716
211.277 move 787 713
211.297 move 784 710
211.327 move 781 707
211.347 move 778 704
211.364 move 775 701
211.378 move 772 698
211.388 move 769 695
211.408 move 766 692
211.428 move 763 689
211.438 move 760 686
211.46 move 757 683
211.468 move 754 680
211.488 move 751 677
211.508 move 748 674
211.518 move 745 671
211.538 move 742 668
211.548 move 739 665
211.568 move 736 662
211.588 move 733 659
211.598 move 730 656
211.618 move 727 653
211.628 move 724 650
211.648 move 721 647
211.668 move 718 644
211.678 move 715 641
211.698 move 712 638
211.708 move 709 638
212.188 click 3.1735752 -0.38387096
212.739 click 3.1735752 -0.38387096
213.46 enter
214.11 select are 1
215.171 start 4.0 1.0
215.171 move 868 853
215.181 move 868 855
215.201 move 868 858
215.211 move 868 861
215.231 move 868 864
215.251 move 868 867
215.268 move 868 870
215.281 move 868 873
215.291 move 868 876
215.311 move 868 879
215.331 move 868 882
215.341 move 868 885
215.364 move 868 888
215.371 move 868 891
215.391 move 868 894
215.411 move 868 897
215.421 move 868 900
215.441 move 868 903
215.451 move 868 906
215.471 move 868 909
215.491 move 868 912
215.501 move 868 915
215.521 move 868 918
215.531 move 868 921
215.551 move 868 924
215.571 move 868 927
215.581 move 868 930
215.601 move 868 933
215.611 move 868 936
215.631 move 868 939
215.651 move 868 942
215.668 move 868 945
215.681 move 868 948
215.691 move 868 951
215.711 move 868 954
215.731 move 868 957
215.741 move 868 960
215.764 move 868 963
215.771 move 868 966
215.811 move 868 969
215.821 move 868 972
215.841 move 868 975
215.851 move 868 978
215.871 move 868 981
215.891 move 868 984
215.901 move 868 987
215.921 move 868 990
216.301 click 3.9974093 1.8870969
216.892 move 866 990
216.912 move 864 989
216.932 move 862 988
216.942 move 860 987
216.964 move 857 986
216.972 move 855 984
216.992 move 853 983
217.012 move 851 982
217.022 move 848 981
217.052 move 846 979
217.072 move 844 978
217.083 move 842 977
217.103 move 839 976
217.123 move 837 974
217.133 move 835 973
217.153 move 833 972
217.172 move 830 971
217.203 move 828 969
217.213 move 826 968
217.233 move 824 967
217.243 move 821 966
217.283 move 819 964
217.293 move 817 963
217.313 move 815 962
217.323 move 812 961
217.343 move 810 959
217.364 move 808 958
217.373 move 806 957
217.393 move 803 956
217.403 move 801 954
217.423 move 799 953
217.443 move 797 952
217.453 move 794 951
217.483 move 792 949
217.503 move 790 948
217.523 move 788 947
217.533 move 785 946
217.553 move 783 944
217.572 move 781 943
217.604 move 779 942
217.614 move 776 941
217.634 move 774 939
217.644 move 772 938
217.684 move 770 937
217.694 move 767 936
217.714 move 765 934
217.724 move 763 933
217.764 move 761 932
217.774 move 758 931
217.794 move 756 929
217.804 move 754 928
217.824 move 752 927
217.844 move 749 926
217.854 move 747 924
217.874 move 745 923
217.884 move 743 922
217.904 move 740 921
217.924 move 738 919
217.934 move 736 918
217.954 move 734 917
217.972 move 731 916
217.984 move 729 914
218.004 move 727 913
218.014 move 725 912
218.034 move 722 911
218.044 move 720 909
218.084 move 718 908
218.094 move 716 906
218.114 move 713 904
218.124 move 711 902
218.164 move 709 900
218.174 move 707 898
218.194 move 704 896
218.224 move 702 893
218.244 move 700 891
218.254 move 698 889
218.274 move 695 887
218.304 move 693 884
218.324 move 691 882
218.334 move 689 880
218.354 move 686 878
218.384 move 684 875
218.404 move 682 873
218.414 move 680 871
218.434 move 677 869
218.468 move 675 866
218.474 move 673 864
218.494 move 671 862
218.514 move 668 860
218.524 move 666 857
218.544 move 664 855
218.554 move 662 853
218.574 move 659 851
218.604 move 657 848
218.624 move 655 846
218.644 move 653 844
218.654 move 650 842
218.685 move 648 839
218.705 move 646 837
218.715 move 644 835
218.735 move 641 833
218.772 move 639 830
218.785 move 637 828
218.795 move 635 826
218.815 move 632 824
218.835 move 630 821
218.845 move 628 819
218.868 move 626 817
218.874 move 623 815
218.894 move 621 812
218.914 move 619 810
218.924 move 617 808
218.944 move 614 806
218.954 move 612 803
218.974 move 610 801
219.005 move 608 799
219.025 move 605 797
219.035 move 603 794
219.055 move 601 792
219.075 move 599 790
219.085 move 596 788
219.105 move 594 785
219.115 move 592 783
219.135 move 590 781
219.155 move 587 779
219.172 move 585 776
219.185 move 583 774
219.195 move 581 772
219.215 move 578 770
219.235 move 576 767
219.245 move 574 765
219.268 move 572 763
219.276 move 569 761
219.296 move 567 758
219.316 move 565 756
219.326 move 563 754
219.346 move 560 752
219.356 move 558 749
219.375 move 556 747
219.395 move 554 745
219.405 move 551 743
219.425 move 549 740
219.435 move 547 738
219.455 move 545 736
219.475 move 542 734
219.485 move 540 731
219.505 move 538 729
219.515 move 536 726
219.535 move 533 723
219.555 move 531 720
219.585 move 531 717
219.986 click 2.2512953 0.12580645
220.676 click 2.2512953 0.12580645
221.757 click 2.2512953 0.12580645
222.498 enter
223.059 select very 1
224.11 start 4.0 1.0
224.11 click 3.9974093 0.9967742
225.052 move 868 853
225.092 move 867 856
225.102 move 867 859
225.122 move 866 862
225.132 move 865 865
225.172 move 863 868
225.181 move 862 871
225.202 move 860 874
225.212 move 858 877
225.252 move 857 880
225.262 move 855 883
225.281 move 853 886
225.292 move 851 889
225.332 move 850 892
225.342 move 848 895
225.362 move 846 898
225.38 move 844 901
225.412 move 842 904
225.422 move 839 907
225.442 move 836 910
225.452 move 833 913
225.476 move 830 916
225.482 move 827 919
225.502 move 824 922
225.522 move 821 925
225.532 move 818 928
225.552 move 815 931
225.562 move 812 931
225.582 move 809 931
225.602 move 806 931
225.612 move 803 931
225.632 move 800 931
225.652 move 797 931
225.662 move 794 931
225.682 move 791 931
225.692 move 788 931
225.712 move 785 931
225.722 move 782 931
225.742 move 779 931
225.762 move 776 931
225.78 move 773 931
225.793 move 770 931
225.823 move 767 931
225.843 move 764 931
225.853 move 761 931
225.876 move 758 931
225.902 move 755 931
225.922 move 752 931
225.932 move 749 931
225.952 move 746 931
225.972 move 743 931
225.982 move 740 931
226.002 move 737 931
226.012 move 734 931
226.032 move 731 931
226.052 move 728 931
226.062 move 725 931
226.082 move 722 931
226.092 move 719 931
226.112 move 716 931
226.142 move 713 931
226.162 move 710 931
226.18 move 707 931
226.193 move 704 931
226.203 move 701 931
226.223 move 698 931
226.243 move 695 931
226.923 click 3.1010363 1.5064516
227.994 click 3.1010363 1.5064516
228.896 click 3.1010363 1.5064516
229.947 move 696 931
229.967 move 699 931
229.987 move 702 931
229.997 move 705 931
230.017 move 708 931
230.047 move 711 931
230.067 move 714 931
230.084 move 717 931
230.097 move 720 931
230.107 move 723 931
230.127 move 726 931
230.147 move 729 931
230.157 move 732 931
230.18 move 735 931
230.206 move 738 931
230.226 move 741 931
230.236 move 744 931
230.256 move 747 931
230.286 move 750 931
230.306 move 753 931
230.316 move 756 931
230.336 move 759 931
230.356 move 762 931
230.366 move 765 931
230.386 move 768 931
230.397 move 771 931
230.417 move 774 931
230.427 move 777 931
230.447 move 780 931
230.467 move 783 931
230.484 move 786 931
230.497 move 789 931
230.507 move 792 931
230.527 move 795 931
230.547 move 798 931
230.557 move 801 931
230.58 move 804 931
230.587 move 807 931
230.627 move 810 931
230.637 move 813 931
230.657 move 816 931
230.957 click 3.7279792 1.5064516
231.648 move 814 931
231.668 move 812 929
231.684 move 809 928
231.698 move 807 927
231.708 move 804 926
231.728 move 802 924
231.748 move 799 923
231.758 move 797 922
231.787 move 794 921
231.807 move 792 919
231.827 move 789 918
231.837 move 787 917
231.867 move 784 916
231.887 move 782 914
231.908 move 779 913
231.918 move 777 912
231.938 move 774 911
231.948 move 772 909
231.968 move 769 908
231.988 move 767 907
231.998 move 764 906
232.018 move 762 904
232.028 move 759 903
232.048 move 757 902
232.068 move 754 901
232.084 move 752 899
232.098 move 749 898
232.108 move 747 897
232.128 move 744 896
232.148 move 742 894
232.158 move 739 893
232.18 move 737 892
232.188 move 734 891
232.208 move 732 889
232.228 move 729 888
232.238 move 727 887
232.258 move 724 886
232.268 move 722 884
232.288 move 719 883
232.308 move 717 882
232.318 move 714 881
232.338 move 712 879
232.348 move 709 878
232.368 move 707 877
232.388 move 704 876
232.398 move 702 874
232.418 move 699 873
232.428 move 697 872
232.448 move 694 871
232.468 move 692 869
232.484 move 689 868
232.498 move 687 867
232.508 move 684 866
232.528 move 682 864
232.548 move 679 863
232.558 move 677 862
232.58 move 674 861
232.608 move 672 859
232.628 move 669 858
232.638 move 667 857
232.658 move 664 856
232.668 move 662 854
232.688 move 659 853
232.708 move 657 852
232.718 move 654 851
232.738 move 652 849
232.768 move 649 848
232.788 move 647 847
232.798 move 644 846
232.818 move 642 844
232.848 move 639 843
232.868 move 637 842
232.884 move 634 841
232.898 move 632 839
232.928 move 629 838
232.948 move 627 837
232.958 move 624 836
232.98 move 622 834
233.008 move 619 833
233.028 move 617 832
233.038 move 614 831
233.058 move 612 829
233.068 move 609 828
233.088 move 607 827
233.108 move 604 826
233.118 move 602 824
233.138 move 599 823
233.168 move 597 822
233.188 move 594 821
233.198 move 592 819
233.218 move 589 818
233.248 move 587 816
233.268 move 584 814
233.284 move 582 812
233.308 move 579 810
233.328 move 577 808
233.348 move 574 806
233.358 move 572 803
233.388 move 569 800
233.408 move 567 797
233.428 move 564 794
233.438 move 562 791
233.458 move 559 788
233.468 move 557 785
233.488 move 554 782
233.508 move 552 779
233.518 move 549 776
233.548 move 547 773
233.568 move 544 770
233.588 move 542 767
233.599 move 539 764
233.619 move 537 761
233.629 move 534 758
233.649 move 532 755
233.659 move 529 752
233.684 move 527 749
233.699 move 524 746
233.709 move 522 743
233.729 move 519 740
233.739 move 517 737
233.759 move 514 734
233.78 move 512 731
233.789 move 509 728
233.809 move 507 725
233.819 move 504 722
233.839 move 502 719
234.06 click 2.1010363 0.13870966
234.769 click 2.1010363 0.13870966
235.44 enter
235.87 select excited 1
