0.001 session 1
0.002 phrase insurance is important for bad drivers
0.24 start 4.0 1.0
0.261 move 866 852
0.264 move 866 852
0.277 move 865 852
0.289 move 864 852
0.315 move 863 852
0.328 move 862 852
0.341 move 861 853
0.377 move 860 853
0.388 move 859 854
0.399 move 857 855
0.411 move 856 856
0.422 move 855 856
0.433 move 855 857
0.444 move 854 857
0.459 move 853 858
0.487 move 852 859
0.515 move 851 860
0.555 move 851 861
0.568 move 850 861
0.71 move 851 861
0.739 move 854 861
0.748 move 855 861
0.76 move 856 861
0.774 move 858 861
0.786 move 859 861
0.799 move 860 861
0.812 move 861 861
0.825 move 862 861
0.837 move 863 861
3.514 move 865 861
3.53 move 868 861
3.546 move 871 861
3.578 move 874 861
3.594 move 877 861
3.61 move 880 861
3.626 move 883 861
3.642 move 886 861
3.658 move 889 861
3.69 move 892 861
3.706 move 895 861
3.722 move 898 861
3.738 move 901 861
3.77 move 904 861
3.786 move 907 861
3.802 move 910 861
3.818 move 913 861
3.834 move 916 861
3.866 move 919 861
3.882 move 922 861
3.898 move 925 861
3.914 move 928 861
3.946 move 931 861
3.962 move 934 861
3.978 move 937 861
4.01 move 940 861
4.026 move 943 861
4.042 move 946 861
4.058 move 949 861
4.075 move 952 861
4.107 move 955 861
4.123 move 958 861
4.139 move 961 861
4.155 move 964 861
4.171 move 967 861
4.203 move 970 861
4.219 move 973 861
4.235 move 976 861
4.251 move 979 861
4.267 move 982 861
4.283 move 985 861
4.299 move 988 861
4.315 move 991 861
4.331 move 994 861
4.363 move 997 861
4.379 move 1000 861
6.875 click 4.6813474 1.0548387
7.163 move 1000 862
7.194 move 1000 865
7.211 move 1000 868
7.227 move 1000 871
7.242 move 1000 874
7.258 move 1000 877
7.274 move 1000 880
7.29 move 1000 883
7.306 move 1000 886
7.322 move 1000 889
7.354 move 1000 892
7.37 move 1000 895
7.386 move 1000 898
7.402 move 1000 901
7.418 move 1000 904
7.434 move 1000 907
7.45 move 1000 910
7.466 move 1000 913
7.482 move 1000 916
7.498 move 1000 919
7.514 move 1000 922
7.53 move 1000 925
7.546 move 1000 928
7.562 move 1000 931
7.579 move 1000 934
7.595 move 1000 937
7.61 move 1000 940
7.626 move 1000 943
7.642 move 1002 946
7.658 move 1003 949
7.69 move 1006 952
7.706 move 1008 955
7.722 move 1011 958
7.738 move 1013 961
7.77 move 1016 964
7.786 move 1018 966
7.802 move 1021 967
7.818 move 1023 968
7.834 move 1026 970
8.138 click 4.816062 1.7580645
8.347 move 1026 967
8.363 move 1025 964
8.379 move 1024 961
8.395 move 1024 958
8.427 move 1023 955
8.443 move 1022 952
8.475 move 1021 949
8.507 move 1019 946
8.523 move 1017 943
8.539 move 1015 940
8.555 move 1013 939
8.587 move 1011 938
8.603 move 1008 937
8.619 move 1005 935
8.635 move 1002 934
8.651 move 999 933
8.667 move 996 932
8.682 move 993 930
8.698 move 990 929
8.714 move 987 928
8.747 move 984 927
8.786 move 981 925
9.066 click 4.5829015 1.467742
10.442 move 983 925
10.458 move 986 925
10.474 move 989 925
10.49 move 992 925
10.506 move 995 925
10.522 move 998 925
10.538 move 1001 925
10.57 move 1004 925
10.586 move 1007 925
10.602 move 1010 925
10.618 move 1013 925
10.634 move 1016 925
10.65 move 1019 925
10.666 move 1022 925
10.682 move 1025 925
10.698 move 1028 925
10.714 move 1031 925
10.73 move 1034 925
10.746 move 1037 925
10.762 move 1040 925
10.778 move 1043 925
10.794 move 1046 925
10.81 move 1049 925
10.826 move 1052 925
10.842 move 1055 925
10.858 move 1058 925
10.89 move 1061 925
10.906 move 1064 925
10.922 move 1067 925
10.938 move 1070 925
10.954 move 1073 925
10.97 move 1076 925
10.986 move 1079 925
11.002 move 1082 925
11.018 move 1085 925
11.034 move 1088 925
11.051 move 1091 925
11.083 move 1094 925
11.099 move 1097 925
11.115 move 1100 925
11.147 move 1103 925
11.163 move 1106 925
11.179 move 1109 925
11.195 move 1112 925
11.211 move 1115 925
11.243 move 1118 925
11.259 move 1121 925
11.275 move 1124 925
11.291 move 1127 925
11.323 move 1130 925
11.339 move 1133 925
11.355 move 1136 925
11.371 move 1139 925
11.403 move 1142 925
11.418 move 1145 925
11.434 move 1148 925
11.466 move 1151 925
11.483 move 1154 925
11.498 move 1157 925
11.514 move 1160 925
11.53 move 1163 925
11.562 move 1166 925
11.578 move 1169 925
11.594 move 1172 925
11.61 move 1175 925
11.642 move 1178 925
11.658 move 1181 925
11.674 move 1184 925
11.69 move 1187 925
11.706 move 1190 925
11.722 move 1193 925
11.738 move 1196 925
11.754 move 1199 925
11.77 move 1202 925
11.786 move 1205 925
11.802 move 1208 925
11.818 move 1211 925
12.042 click 5.7746115 1.467742
12.298 move 1208 925
12.314 move 1205 925
12.33 move 1202 925
12.346 move 1199 925
12.362 move 1196 925
12.379 move 1193 925
12.395 move 1190 925
12.411 move 1187 925
12.427 move 1184 925
12.443 move 1181 925
12.459 move 1178 925
12.475 move 1175 925
12.491 move 1172 925
12.507 move 1169 925
12.523 move 1166 925
12.555 move 1163 925
12.571 move 1160 925
12.587 move 1157 925
12.603 move 1154 925
12.618 move 1151 924
12.635 move 1148 922
12.651 move 1145 921
12.667 move 1142 919
12.683 move 1139 918
12.714 move 1136 916
12.73 move 1133 915
12.746 move 1130 913
12.762 move 1127 912
12.778 move 1124 910
12.794 move 1121 908
12.81 move 1118 906
12.826 move 1115 904
12.842 move 1112 902
12.858 move 1109 900
12.89 move 1106 898
12.906 move 1103 896
12.922 move 1100 894
13.162 click 5.199482 1.2677419
14.17 click 5.199482 1.2677419
14.826 move 1102 894
14.842 move 1105 894
14.858 move 1108 894
14.874 move 1111 894
14.89 move 1114 894
14.906 move 1117 894
14.922 move 1120 894
14.938 move 1123 894
14.954 move 1126 894
14.97 move 1129 894
14.986 move 1132 894
15.002 move 1135 894
15.034 move 1138 894
15.05 move 1141 894
15.066 move 1144 894
15.098 move 1147 894
15.114 move 1150 894
15.13 move 1153 894
15.146 move 1156 894
15.162 move 1159 894
15.178 move 1162 894
15.195 move 1165 894
15.211 move 1168 894
15.243 move 1171 894
15.259 move 1174 894
15.291 move 1177 894
15.307 move 1180 894
15.323 move 1183 894
15.339 move 1186 894
15.37 move 1189 894
15.387 move 1192 894
15.403 move 1195 894
15.419 move 1198 894
15.434 move 1201 894
15.451 move 1204 894
15.467 move 1207 894
15.722 click 5.753886 1.2677419
15.978 move 1206 894
15.995 move 1204 894
16.01 move 1201 894
16.026 move 1198 894
16.042 move 1195 894
16.058 move 1192 894
16.074 move 1189 894
16.09 move 1186 894
16.106 move 1183 894
16.122 move 1180 894
16.138 move 1177 894
16.154 move 1174 894
16.17 move 1171 894
16.186 move 1168 894
16.202 move 1165 894
16.234 move 1162 894
16.25 move 1159 894
16.266 move 1156 894
16.282 move 1153 894
16.298 move 1150 894
16.314 move 1147 894
16.33 move 1144 894
16.346 move 1141 894
16.362 move 1138 894
16.378 move 1135 894
16.394 move 1132 894
16.41 move 1129 894
16.426 move 1126 894
16.442 move 1123 894
16.458 move 1120 894
16.474 move 1117 894
16.49 move 1114 894
16.506 move 1111 894
16.522 move 1108 894
16.538 move 1105 894
16.554 move 1102 894
16.57 move 1099 894
16.586 move 1096 894
16.762 click 5.1787567 1.2677419
17.162 move 1095 894
17.178 move 1092 894
17.194 move 1089 894
17.21 move 1086 894
17.226 move 1083 894
17.242 move 1080 894
17.258 move 1077 894
17.275 move 1074 894
17.307 move 1071 894
17.322 move 1068 894
17.338 move 1065 894
17.354 move 1062 894
17.386 move 1059 894
17.402 move 1056 894
17.419 move 1053 894
17.434 move 1050 894
17.466 move 1047 894
17.482 move 1044 894
17.498 move 1041 894
17.514 move 1038 894
17.53 move 1035 894
17.546 move 1032 894
17.562 move 1029 894
17.578 move 1026 894
17.594 move 1023 894
17.626 move 1020 894
17.642 move 1017 894
17.658 move 1014 894
17.674 move 1011 894
17.69 move 1008 894
17.706 move 1005 894
17.722 move 1002 894
17.738 move 999 894
17.754 move 996 894
17.786 move 993 894
17.802 move 990 894
17.818 move 987 894
17.834 move 984 894
17.866 move 981 894
17.882 move 978 894
17.898 move 975 894
17.914 move 972 894
17.93 move 969 894
17.962 move 966 894
17.978 move 963 894
17.994 move 960 894
18.01 move 957 894
18.043 move 954 894
18.059 move 951 894
18.075 move 948 894
18.091 move 945 894
18.107 move 942 894
18.123 move 939 894
18.139 move 936 894
18.155 move 933 894
18.171 move 930 894
18.187 move 927 894
18.202 move 924 894
18.218 move 921 894
18.234 move 918 894
18.25 move 915 894
18.282 move 912 894
18.298 move 909 894
18.314 move 906 894
18.33 move 903 894
18.362 move 900 894
18.378 move 897 894
18.394 move 894 894
18.41 move 891 894
18.426 move 888 894
18.442 move 885 894
18.458 move 882 894
18.474 move 879 894
18.506 move 876 894
18.522 move 873 894
18.538 move 870 894
18.554 move 867 894
18.57 move 864 894
18.586 move 861 894
18.602 move 858 894
18.618 move 855 894
18.634 move 852 894
18.65 move 849 894
18.667 move 846 894
18.682 move 843 894
18.698 move 840 894
18.714 move 837 894
18.73 move 834 894
18.746 move 831 894
18.762 move 828 894
18.778 move 825 894
18.794 move 822 894
18.81 move 819 894
18.826 move 816 894
18.858 move 813 894
18.874 move 810 894
18.89 move 807 894
18.906 move 804 894
18.938 move 801 894
18.954 move 798 894
18.97 move 795 894
18.986 move 792 894
19.002 move 789 894
19.018 move 786 894
19.034 move 783 894
19.05 move 780 894
19.066 move 777 894
19.098 move 774 894
19.114 move 771 894
19.13 move 768 894
19.146 move 765 894
19.162 move 762 894
19.178 move 759 894
19.194 move 756 894
19.21 move 753 894
19.226 move 750 894
19.483 click 3.3860104 1.2677419
20.346 enter
20.746 select insurance 1
21.386 start 4.0 1.0
21.389 move 870 852
21.402 move 873 852
21.434 move 876 852
21.45 move 879 852
21.466 move 882 852
21.482 move 885 852
21.498 move 888 852
21.53 move 891 852
21.546 move 894 852
21.562 move 897 852
21.578 move 900 852
21.594 move 903 852
21.61 move 906 852
21.626 move 909 852
21.642 move 912 852
21.658 move 915 852
21.69 move 918 852
21.706 move 921 852
21.722 move 924 852
21.738 move 927 852
21.754 move 930 852
21.77 move 933 852
21.786 move 936 852
21.802 move 939 852
21.834 move 942 852
21.851 move 945 852
21.866 move 948 852
21.882 move 951 852
21.914 move 954 852
21.93 move 957 852
21.946 move 960 852
21.962 move 963 852
21.994 move 966 852
22.01 move 969 852
22.026 move 972 852
22.042 move 975 852
22.074 move 978 852
22.091 move 981 852
22.107 move 984 852
22.123 move 987 852
22.298 click 4.61399 0.9967742
22.474 move 984 852
22.49 move 981 852
22.506 move 978 852
22.538 move 975 852
22.554 move 972 852
22.57 move 969 852
22.586 move 966 852
22.618 move 963 852
22.634 move 960 852
22.65 move 957 852
22.666 move 954 852
22.698 move 951 852
22.714 move 948 852
22.73 move 945 852
23.082 click 4.3963733 0.9967742
24.01 enter
24.362 left
24.73 select is 2
25.131 start 4.0 1.0
25.134 move 871 852
25.162 move 874 852
25.178 move 877 852
25.194 move 880 852
25.21 move 883 852
25.226 move 886 852
25.259 move 889 852
25.274 move 892 852
25.29 move 895 852
25.306 move 898 852
25.339 move 901 852
25.354 move 904 852
25.37 move 907 852
25.386 move 910 852
25.418 move 913 852
25.434 move 916 852
25.45 move 919 852
25.466 move 922 852
25.498 move 925 852
25.514 move 928 852
25.531 move 931 852
25.546 move 934 852
25.562 move 937 852
25.594 move 940 852
25.61 move 943 852
25.626 move 946 852
25.642 move 949 852
25.674 move 952 852
25.69 move 955 852
25.706 move 958 852
25.722 move 961 852
25.754 move 964 852
25.77 move 967 852
25.786 move 970 852
25.802 move 973 852
25.818 move 976 852
25.834 move 979 852
25.85 move 982 852
25.866 move 985 852
25.882 move 988 852
25.898 move 991 852
25.914 move 994 852
25.93 move 997 852
25.946 move 1000 852
25.962 move 1003 852
25.978 move 1006 852
25.994 move 1009 852
26.026 move 1012 852
26.042 move 1015 852
26.251 click 4.7590675 0.9967742
26.459 move 1015 855
26.474 move 1015 858
26.49 move 1015 861
26.507 move 1015 864
26.522 move 1015 867
26.538 move 1015 870
26.57 move 1015 873
26.586 move 1015 876
26.602 move 1015 879
26.619 move 1015 882
26.634 move 1015 885
26.65 move 1015 888
26.666 move 1015 891
26.682 move 1015 894
26.698 move 1015 897
26.73 move 1015 900
26.746 move 1015 903
26.762 move 1015 906
26.778 move 1015 909
26.794 move 1015 912
26.81 move 1015 915
26.826 move 1015 918
26.842 move 1015 921
26.858 move 1016 924
26.874 move 1018 927
26.906 move 1020 930
26.922 move 1022 933
26.938 move 1024 936
26.954 move 1027 939
26.97 move 1029 942
26.986 move 1031 945
27.002 move 1033 948
27.019 move 1036 950
27.034 move 1038 951
27.066 move 1040 953
27.082 move 1042 954
27.098 move 1045 956
27.114 move 1047 957
27.146 move 1049 959
27.162 move 1052 960
27.178 move 1055 962
27.194 move 1058 963
27.21 move 1061 965
27.226 move 1064 966
27.242 move 1067 968
27.258 move 1070 969
27.274 move 1073 969
27.29 move 1076 969
27.322 move 1079 969
27.338 move 1082 969
27.354 move 1085 969
27.37 move 1088 969
27.402 move 1091 969
27.418 move 1094 969
27.434 move 1097 969
27.45 move 1100 969
27.466 move 1103 969
27.482 move 1106 969
27.498 move 1109 969
27.514 move 1112 969
27.53 move 1115 969
27.546 move 1118 969
27.578 move 1121 969
27.594 move 1124 969
27.627 move 1127 969
27.659 move 1130 969
27.675 move 1133 969
27.691 move 1136 969
27.707 move 1139 969
27.739 move 1142 969
27.755 move 1145 969
27.771 move 1148 969
27.786 move 1151 969
27.803 move 1154 969
27.819 move 1157 969
27.835 move 1160 969
27.851 move 1163 969
27.867 move 1166 969
27.898 move 1169 969
27.914 move 1172 969
27.931 move 1175 969
27.946 move 1178 969
27.962 move 1181 969
27.978 move 1184 969
27.994 move 1187 969
28.011 move 1190 969
28.026 move 1193 969
28.042 move 1196 969
28.074 move 1199 969
28.09 move 1202 969
28.106 move 1205 969
28.122 move 1208 969
28.138 move 1211 969
28.154 move 1214 969
28.17 move 1217 969
28.186 move 1220 969
28.202 move 1223 969
28.234 move 1226 969
28.25 move 1229 969
28.266 move 1232 969
28.282 move 1235 969
28.314 move 1238 969
28.33 move 1241 969
28.346 move 1244 969
28.362 move 1247 969
28.378 move 1250 969
28.41 move 1253 969
28.426 move 1256 969
28.442 move 1259 969
28.458 move 1262 969
28.474 move 1265 969
28.49 move 1268 969
28.506 move 1271 969
28.522 move 1274 969
28.538 move 1277 969
28.554 move 1280 969
28.57 move 1283 969
28.587 move 1286 969
28.618 move 1289 969
28.65 move 1292 969
28.666 move 1295 969
28.682 move 1298 969
28.698 move 1301 969
28.73 move 1304 969
28.746 move 1307 969
28.778 move 1310 969
28.794 move 1313 969
28.81 move 1316 969
28.826 move 1319 969
28.842 move 1322 969
28.858 move 1325 969
28.874 move 1328 969
28.89 move 1331 969
28.906 move 1334 970
28.922 move 1337 970
28.938 move 1340 970
28.954 move 1343 970
28.97 move 1346 971
28.986 move 1349 971
29.003 move 1352 971
29.034 move 1355 971
29.051 move 1358 972
29.067 move 1361 972
29.083 move 1364 972
29.099 move 1367 972
29.115 move 1370 973
29.131 move 1373 973
29.147 move 1376 973
29.163 move 1379 973
29.195 move 1382 974
29.211 move 1385 974
29.227 move 1388 974
29.243 move 1391 975
29.259 move 1394 975
29.274 move 1397 975
29.498 click 6.738342 1.7903225
29.658 move 1395 975
29.674 move 1392 975
29.69 move 1389 975
29.722 move 1386 975
29.738 move 1383 975
29.754 move 1380 975
29.77 move 1377 975
29.786 move 1374 975
29.802 move 1371 975
29.818 move 1368 975
29.834 move 1365 975
29.85 move 1362 975
29.866 move 1359 975
29.898 move 1356 975
29.914 move 1353 975
29.93 move 1350 975
29.947 move 1347 975
29.963 move 1344 975
29.978 move 1341 975
29.994 move 1338 975
30.01 move 1335 975
30.026 move 1332 975
30.043 move 1329 975
30.074 move 1326 975
30.09 move 1323 975
30.106 move 1320 975
30.122 move 1317 975
30.138 move 1314 975
30.154 move 1311 975
30.17 move 1308 975
30.186 move 1305 975
30.202 move 1302 975
30.234 move 1299 975
30.25 move 1296 975
30.282 move 1293 975
30.298 move 1290 975
30.314 move 1287 975
30.33 move 1284 975
30.346 move 1281 975
30.362 move 1278 975
30.379 move 1275 975
30.395 move 1272 975
30.411 move 1269 975
30.427 move 1266 974
30.459 move 1263 974
30.475 move 1260 974
30.491 move 1258 974
30.507 move 1255 973
30.539 move 1252 973
30.555 move 1249 971
30.571 move 1246 970
30.588 move 1246 968
30.603 move 1246 967
30.634 move 1247 967
30.65 move 1250 967
30.666 move 1253 967
30.683 move 1256 967
30.698 move 1259 967
30.715 move 1262 967
30.73 move 1265 967
30.746 move 1268 967
30.762 move 1271 967
30.778 move 1274 967
30.81 move 1277 967
30.827 move 1280 967
30.842 move 1283 967
30.858 move 1286 967
30.874 move 1289 967
30.89 move 1292 967
30.906 move 1295 967
30.922 move 1298 967
30.938 move 1301 967
30.954 move 1304 967
30.97 move 1307 967
30.986 move 1310 967
31.002 move 1313 967
31.018 move 1316 967
31.034 move 1319 967
31.066 move 1322 967
31.082 move 1325 967
31.098 move 1328 967
31.114 move 1331 967
31.13 move 1334 967
31.146 move 1337 967
31.162 move 1340 967
31.178 move 1343 967
31.194 move 1346 967
31.21 move 1349 967
31.243 move 1352 967
31.26 move 1355 967
31.276 move 1358 967
31.291 move 1361 967
31.323 move 1364 967
31.338 move 1367 967
31.354 move 1370 967
31.37 move 1373 967
31.403 move 1376 967
31.419 move 1379 967
31.434 move 1382 967
31.978 click 6.6606216 1.7387097
32.442 move 1385 967
32.458 move 1388 967
32.474 move 1391 967
32.506 move 1394 967
32.522 move 1397 967
32.538 move 1400 967
32.554 move 1403 967
32.586 move 1406 967
32.602 move 1409 967
32.618 move 1412 967
32.634 move 1415 967
32.65 move 1418 967
32.682 move 1421 967
32.698 move 1424 967
32.714 move 1427 967
32.73 move 1430 967
32.746 move 1433 967
32.762 move 1436 967
32.778 move 1439 967
32.795 move 1442 967
32.81 move 1445 967
32.842 move 1448 967
32.858 move 1451 967
32.874 move 1454 967
32.89 move 1457 967
32.922 move 1460 967
32.938 move 1463 967
32.97 move 1466 967
32.986 move 1469 967
33.002 move 1472 967
33.018 move 1475 967
33.035 move 1478 967
33.051 move 1481 967
33.083 move 1484 967
33.099 move 1487 967
33.115 move 1490 967
33.131 move 1493 967
33.163 move 1496 967
33.179 move 1499 967
33.195 move 1502 967
33.211 move 1505 967
33.227 move 1508 967
33.258 move 1511 967
33.274 move 1514 967
33.29 move 1517 967
33.306 move 1520 967
33.338 move 1523 967
33.354 move 1526 967
33.37 move 1529 967
33.402 move 1532 967
33.418 move 1535 967
33.434 move 1538 967
33.45 move 1541 967
33.482 move 1544 967
33.498 move 1547 967
33.515 move 1550 967
33.53 move 1553 967
33.546 move 1556 967
33.578 move 1559 967
33.594 move 1562 967
33.61 move 1565 967
33.626 move 1568 967
33.642 move 1571 967
33.658 move 1574 967
33.674 move 1577 967
33.69 move 1580 967
33.706 move 1583 967
33.946 click 7.702072 1.7387097
34.379 move 1582 967
34.395 move 1579 967
34.411 move 1576 967
34.427 move 1573 967
34.459 move 1570 967
34.475 move 1567 967
34.491 move 1564 967
34.506 move 1561 967
34.523 move 1558 967
34.539 move 1555 967
34.555 move 1552 967
34.571 move 1549 967
34.587 move 1546 967
34.618 move 1543 967
34.634 move 1540 967
34.65 move 1537 967
34.666 move 1534 967
34.682 move 1531 967
34.699 move 1528 967
34.714 move 1525 967
34.73 move 1522 967
34.746 move 1519 967
34.762 move 1516 967
34.778 move 1513 967
34.794 move 1510 967
34.81 move 1507 967
34.826 move 1504 967
34.842 move 1501 967
34.858 move 1498 967
34.874 move 1495 967
34.89 move 1492 967
34.922 move 1489 967
34.938 move 1486 967
34.954 move 1483 967
34.986 move 1480 967
35.002 move 1477 967
35.018 move 1474 967
35.034 move 1471 967
35.05 move 1468 967
35.066 move 1465 967
35.082 move 1462 967
35.098 move 1459 967
35.114 move 1456 967
35.13 move 1453 967
35.162 move 1450 967
35.178 move 1447 967
35.194 move 1444 967
35.21 move 1441 967
35.53 click 6.9663215 1.7387097
36.106 click 6.9663215 1.7387097
37.067 move 1438 967
37.083 move 1435 967
37.099 move 1432 967
37.131 move 1429 967
37.146 move 1426 967
37.162 move 1423 967
37.178 move 1420 967
37.194 move 1417 967
37.21 move 1414 967
37.226 move 1411 967
37.242 move 1408 967
37.258 move 1405 967
37.274 move 1402 967
37.306 move 1399 967
37.322 move 1396 967
37.338 move 1393 967
37.354 move 1390 967
37.386 move 1387 967
38.49 click 6.6865287 1.7387097
38.682 click 6.6865287 1.7387097
39.13 click 6.6865287 1.7387097
39.69 enter
39.994 select important 1
40.586 start 4.0 1.0
40.589 move 867 852
40.618 move 866 852
40.634 move 865 852
40.65 move 863 852
40.666 move 860 852
40.682 move 857 851
40.698 move 854 851
40.714 move 851 851
40.73 move 848 851
40.746 move 845 850
40.762 move 842 850
40.778 move 839 850
40.794 move 836 850
40.81 move 833 850
41.018 click 3.816062 0.983871
41.211 move 836 850
41.243 move 839 850
41.259 move 842 850
41.275 move 845 850
41.307 move 848 850
41.322 move 851 850
41.339 move 854 850
41.355 move 857 850
41.37 move 860 850
41.386 move 863 850
41.403 move 866 850
41.418 move 869 850
41.434 move 872 850
41.45 move 875 850
41.482 move 878 850
41.77 click 4.049223 0.983871
41.882 move 876 850
41.898 move 873 850
41.914 move 870 850
41.93 move 867 850
41.946 move 864 850
41.962 move 861 850
41.978 move 858 850
41.994 move 855 850
42.026 move 852 849
42.042 move 849 849
42.058 move 846 849
42.09 move 843 849
42.106 move 840 848
42.122 move 837 848
42.138 move 834 848
42.154 move 831 847
42.186 move 828 846
42.202 move 825 845
42.218 move 822 845
42.234 move 819 844
42.25 move 816 843
42.266 move 813 842
42.282 move 810 842
42.298 move 807 840
42.314 move 804 839
42.33 move 801 838
42.346 move 798 837
42.362 move 795 835
42.378 move 792 834
42.571 click 3.6036267 0.88064516
43.498 enter
43.658 left
44.026 select for 2
45.275 start 4.0 1.0
45.277 move 868 853
45.29 move 868 856
45.323 move 868 859
45.339 move 868 862
45.355 move 868 865
45.371 move 868 868
45.386 move 868 871
45.403 move 868 874
45.418 move 868 877
45.434 move 868 880
45.45 move 868 883
45.482 move 868 886
45.498 move 868 889
45.514 move 868 892
45.53 move 868 895
45.546 move 868 898
45.562 move 868 901
45.578 move 868 904
45.594 move 868 907
45.61 move 868 910
45.642 move 868 913
45.658 move 868 916
45.674 move 868 919
45.69 move 868 922
45.706 move 868 925
45.722 move 868 928
45.738 move 868 931
45.754 move 868 934
45.77 move 868 937
45.786 move 868 940
45.818 move 868 943
45.834 move 868 946
45.85 move 868 949
45.866 move 868 952
45.882 move 868 955
45.898 move 868 958
45.914 move 868 961
45.931 move 868 964
46.186 click 3.9974093 1.7193549
46.442 move 868 961
46.458 move 868 958
46.474 move 868 955
46.49 move 868 952
46.506 move 868 949
46.538 move 868 946
46.554 move 868 943
46.57 move 868 940
46.602 move 868 937
46.618 move 868 934
46.634 move 868 931
46.65 move 868 928
46.666 move 868 925
46.699 move 868 922
46.715 move 868 919
46.731 move 868 916
46.747 move 868 913
46.763 move 868 910
46.859 move 866 910
46.891 move 863 910
46.906 move 860 910
46.922 move 857 910
46.938 move 854 910
46.954 move 851 910
46.97 move 848 910
46.986 move 845 910
47.002 move 842 910
47.034 move 839 910
47.05 move 836 910
47.066 move 833 910
47.082 move 830 910
47.114 move 827 910
47.13 move 824 910
47.146 move 821 910
47.178 move 818 910
47.194 move 815 910
47.21 move 812 910
47.226 move 809 910
47.258 move 806 910
47.274 move 803 910
47.29 move 800 910
47.306 move 797 910
47.322 move 794 910
47.354 move 791 910
47.37 move 788 910
47.386 move 785 910
47.402 move 782 910
47.418 move 779 910
47.434 move 776 910
47.45 move 773 910
47.466 move 770 910
47.482 move 767 910
47.498 move 764 910
47.514 move 761 910
47.53 move 758 910
47.546 move 755 910
47.562 move 752 910
47.578 move 749 910
47.594 move 746 910
47.61 move 743 910
47.626 move 740 910
47.642 move 737 910
47.674 move 734 910
47.69 move 731 910
47.706 move 728 910
47.866 click 3.2720208 1.3709677
48.426 move 725 910
48.442 move 722 910
48.458 move 719 910
48.474 move 716 910
48.49 move 713 910
48.506 move 710 910
48.522 move 707 910
48.554 move 704 910
48.57 move 701 910
48.586 move 698 910
48.602 move 695 910
48.634 move 692 910
48.65 move 689 910
48.666 move 686 910
48.682 move 683 910
48.698 move 680 910
48.73 move 677 910
48.746 move 674 910
48.762 move 671 910
48.778 move 668 910
48.794 move 665 910
48.81 move 662 910
48.826 move 659 910
48.842 move 656 910
48.858 move 653 910
48.874 move 650 910
48.89 move 647 910
48.906 move 644 910
48.938 move 641 910
48.954 move 638 910
48.97 move 635 910
48.986 move 632 910
49.002 move 629 910
49.018 move 626 910
49.05 move 623 910
49.066 move 620 910
49.082 move 617 910
49.098 move 614 910
49.114 move 611 910
49.13 move 608 910
49.146 move 605 910
49.162 move 602 910
49.194 move 599 910
49.21 move 596 910
49.226 move 593 910
49.242 move 590 910
49.274 move 587 910
49.29 move 584 910
49.306 move 581 910
49.322 move 578 910
49.354 move 575 910
49.37 move 572 910
49.386 move 569 910
49.402 move 566 910
49.434 move 563 910
49.45 move 560 910
49.466 move 557 910
49.482 move 554 910
49.498 move 551 910
49.531 move 548 910
49.658 click 2.3393784 1.3709677
50.186 enter
50.41 right
50.826 left
51.178 select bad 1
52.379 start 4.0 1.0
52.382 click 3.9974093 0.9967742
52.89 move 865 852
52.906 move 862 852
52.922 move 859 852
52.938 move 856 852
52.97 move 853 852
52.986 move 850 852
53.002 move 847 852
53.018 move 844 852
53.05 move 841 852
53.066 move 838 852
53.082 move 835 852
53.098 move 832 852
53.114 move 829 852
53.13 move 826 852
53.146 move 823 852
53.162 move 820 852
53.178 move 817 851
53.194 move 814 851
53.21 move 811 851
53.227 move 808 850
53.243 move 805 850
53.259 move 802 849
53.275 move 799 848
53.307 move 796 847
53.323 move 793 845
53.338 move 790 844
53.354 move 787 842
53.386 move 784 840
53.403 move 781 838
53.419 move 778 835
53.434 move 775 832
53.451 move 772 829
53.466 move 769 826
53.482 move 766 823
53.498 move 763 820
53.514 move 760 817
53.53 move 757 814
53.562 move 754 811
53.578 move 751 808
53.594 move 748 805
53.61 move 745 802
53.626 move 742 799
53.642 move 739 796
53.658 move 736 793
53.674 move 733 790
53.69 move 730 787
53.722 move 727 784
53.738 move 724 781
53.755 move 721 778
53.771 move 718 775
53.787 move 715 772
53.803 move 712 769
53.819 move 709 766
53.835 move 706 763
53.851 move 703 760
53.883 move 700 757
53.899 move 697 754
53.915 move 694 751
53.931 move 691 748
53.946 move 688 745
53.962 move 685 742
53.978 move 682 739
53.994 move 679 736
54.01 move 676 733
54.026 move 673 730
54.234 click 2.9870467 0.2096774
54.906 move 676 730
54.922 move 679 730
54.938 move 682 730
54.954 move 685 730
54.97 move 688 730
54.986 move 691 730
55.002 move 694 730
55.018 move 697 730
55.034 move 700 730
55.066 move 703 730
55.082 move 706 730
55.098 move 709 730
55.114 move 712 730
55.146 move 715 730
55.163 move 718 730
55.179 move 721 730
55.195 move 724 730
55.211 move 727 730
55.243 move 730 730
55.259 move 733 730
55.275 move 736 730
55.434 click 3.3134716 0.2096774
55.658 move 736 732
55.674 move 736 734
55.69 move 736 737
55.706 move 736 740
55.722 move 736 743
55.738 move 736 746
55.77 move 736 749
55.786 move 736 752
55.802 move 736 755
55.834 move 736 758
55.85 move 736 761
55.866 move 736 764
55.882 move 736 767
55.898 move 736 770
55.93 move 736 773
55.946 move 736 776
55.962 move 736 779
55.978 move 736 782
56.01 move 736 785
56.026 move 736 788
56.042 move 736 791
56.058 move 736 794
56.074 move 736 797
56.09 move 736 800
56.106 move 736 803
56.122 move 736 806
56.138 move 736 809
56.154 move 736 812
56.186 move 736 815
56.202 move 736 818
56.65 click 3.3134716 0.7774193
56.986 move 736 816
57.018 move 734 813
57.034 move 733 810
57.05 move 732 807
57.066 move 731 804
57.098 move 729 801
57.114 move 728 798
57.13 move 727 795
57.146 move 726 792
57.178 move 724 789
57.194 move 723 786
57.21 move 722 783
57.226 move 722 780
57.242 move 720 777
57.258 move 719 774
57.274 move 717 771
57.29 move 715 768
57.307 move 712 765
57.338 move 709 762
57.354 move 706 759
57.37 move 703 756
57.386 move 700 753
57.418 move 697 750
57.434 move 694 747
57.45 move 691 744
57.466 move 688 741
57.498 move 685 738
57.514 move 682 735
57.53 move 679 732
57.546 move 676 729
57.562 move 673 726
57.594 move 670 723
57.61 move 667 723
57.626 move 664 723
57.642 move 661 723
57.658 move 658 723
57.674 move 655 723
57.69 move 652 723
57.706 move 649 723
57.722 move 646 723
57.738 move 643 723
57.754 move 640 723
57.77 move 637 723
57.787 move 634 723
57.819 move 631 723
57.835 move 628 723
57.851 move 625 723
57.867 move 622 723
57.883 move 619 723
57.915 move 616 723
57.93 move 613 723
57.946 move 610 723
57.962 move 607 723
57.978 move 604 723
57.995 move 601 723
58.01 move 598 723
58.027 move 595 723
58.042 move 592 723
58.074 move 589 723
58.09 move 586 723
58.106 move 583 723
58.122 move 580 723
58.138 move 577 723
58.154 move 574 723
58.17 move 571 723
58.186 move 568 723
58.202 move 565 723
58.234 move 562 723
58.25 move 559 723
58.266 move 556 723
58.282 move 553 723
58.298 move 550 723
58.314 move 547 723
58.33 move 544 723
58.506 click 2.3186529 0.16451615
58.858 move 547 723
58.874 move 550 723
58.89 move 553 723
58.922 move 556 723
58.938 move 559 723
58.954 move 562 723
58.97 move 565 723
58.986 move 568 723
59.002 move 571 723
59.017 move 574 723
59.034 move 577 723
59.051 move 580 723
59.067 move 583 723
59.083 move 586 723
59.099 move 589 723
59.115 move 592 723
59.131 move 595 723
59.146 move 598 723
59.162 move 601 723
59.179 move 604 723
59.195 move 607 723
59.211 move 610 723
59.226 move 613 723
59.243 move 616 723
59.258 move 619 723
59.274 move 622 723
59.29 move 625 723
59.658 click 2.738342 0.16451615
60.058 move 622 723
60.074 move 619 723
60.09 move 616 723
60.106 move 613 723
60.122 move 610 723
60.138 move 607 723
60.154 move 604 723
60.17 move 601 723
60.186 move 598 723
60.202 move 595 723
60.218 move 592 723
60.25 move 589 723
60.266 move 586 723
60.282 move 583 723
60.474 click 2.5207255 0.16451615
60.922 enter
61.274 select drivers 1
62.579 phrase a subject one can really enjoy
64.154 start 4.0 1.0
64.158 click 3.9974093 0.9967742
64.762 enter
65.194 select a 1
66.778 start 4.0 1.0
66.782 click 3.9974093 0.9967742
67.29 move 869 852
67.306 move 872 852
67.322 move 875 852
67.354 move 878 852
67.371 move 881 852
67.387 move 884 852
67.403 move 887 852
67.419 move 890 852
67.435 move 893 852
67.451 move 896 852
67.467 move 899 852
67.483 move 902 852
67.499 move 905 852
67.754 click 4.1891193 0.9967742
68.33 move 905 855
68.346 move 905 858
68.362 move 905 861
68.378 move 905 864
68.394 move 905 867
68.41 move 905 870
68.426 move 905 873
68.442 move 905 876
68.474 move 905 879
68.49 move 905 882
68.506 move 905 885
68.522 move 905 888
68.538 move 905 891
68.554 move 905 894
68.57 move 905 897
68.586 move 905 900
68.602 move 905 903
68.618 move 905 906
68.65 move 905 909
68.666 move 905 912
68.682 move 905 915
68.698 move 905 918
68.714 move 905 921
68.73 move 905 924
68.746 move 905 927
68.763 move 905 930
68.779 move 905 933
68.795 move 905 936
68.811 move 905 939
68.827 move 905 942
68.843 move 905 945
68.859 move 905 948
68.875 move 905 951
68.891 move 905 954
68.907 move 905 957
68.922 move 905 960
69.13 click 4.1891193 1.6935484
70.538 move 906 960
70.554 move 909 960
70.57 move 912 959
70.602 move 915 958
70.618 move 918 958
70.634 move 921 957
70.65 move 924 956
70.682 move 927 955
70.698 move 930 955
70.714 move 933 954
70.73 move 936 953
70.746 move 939 952
70.762 move 942 952
70.778 move 945 951
70.794 move 948 950
70.81 move 951 949
70.826 move 954 949
70.858 move 957 948
70.874 move 960 947
70.89 move 963 946
70.906 move 966 946
70.922 move 969 945
70.938 move 972 944
70.954 move 975 943
70.97 move 978 943
70.986 move 981 941
71.018 move 984 940
71.034 move 987 939
71.05 move 990 937
71.066 move 993 936
71.082 move 996 934
71.098 move 999 933
71.114 move 1002 931
71.13 move 1005 930
71.146 move 1008 928
71.162 move 1011 927
71.178 move 1014 925
71.194 move 1017 924
71.21 move 1020 922
71.226 move 1023 921
71.242 move 1026 919
71.258 move 1029 917
71.274 move 1032 915
71.29 move 1035 913
71.306 move 1038 910
71.322 move 1041 908
71.338 move 1044 905
71.354 move 1047 903
71.37 move 1050 900
71.386 move 1053 898
71.402 move 1056 895
71.418 move 1059 893
71.674 click 4.9870467 1.2612903
72.362 click 4.9870467 1.2612903
72.826 click 4.9870467 1.2612903
73.178 click 4.9870467 1.2612903
73.882 enter
74.17 select subject 1
74.81 start 4.0 1.0
74.814 move 869 852
74.827 move 872 852
74.842 move 875 852
74.858 move 878 852
74.874 move 881 852
74.89 move 884 852
74.906 move 887 852
74.922 move 890 852
74.938 move 893 852
74.954 move 896 852
74.97 move 899 852
74.986 move 902 852
75.002 move 905 852
75.018 move 908 852
75.05 move 911 852
75.066 move 914 852
75.082 move 917 852
75.098 move 920 852
75.13 move 923 852
75.146 move 926 852
75.162 move 929 852
75.178 move 932 852
75.194 move 935 852
75.21 move 938 852
75.226 move 941 852
75.243 move 944 852
75.259 move 947 852
75.275 move 950 852
75.29 move 953 852
75.306 move 956 852
75.323 move 959 852
75.339 move 962 852
75.355 move 965 852
75.386 move 968 852
75.403 move 971 852
75.418 move 974 852
75.434 move 977 852
75.45 move 980 852
75.468 move 983 852
75.482 move 986 852
75.498 move 989 852
75.514 move 992 852
75.53 move 995 852
75.546 move 998 852
75.562 move 1001 852
75.578 move 1004 852
75.787 click 4.7020726 0.9967742
75.946 move 1004 855
75.962 move 1004 858
75.978 move 1004 861
75.994 move 1004 864
76.01 move 1004 867
76.026 move 1004 870
76.042 move 1004 873
76.074 move 1004 876
76.091 move 1004 879
76.106 move 1004 882
76.122 move 1004 885
76.138 move 1004 888
76.154 move 1004 891
76.17 move 1004 894
76.186 move 1004 897
76.202 move 1004 900
76.234 move 1004 903
76.25 move 1004 906
76.266 move 1004 909
76.282 move 1004 912
76.314 move 1004 915
76.33 move 1004 918
76.346 move 1004 921
76.362 move 1004 924
76.378 move 1004 927
76.41 move 1004 930
76.426 move 1004 933
76.442 move 1004 936
76.458 move 1004 939
76.474 move 1004 942
76.49 move 1004 945
76.506 move 1004 948
76.522 move 1004 951
76.538 move 1004 954
76.554 move 1004 957
76.586 move 1004 960
76.602 move 1004 963
76.842 click 4.7020726 1.7129033
77.45 click 4.7020726 1.7129033
78.106 enter
78.443 select one 1
79.002 start 4.0 1.0
79.006 move 868 853
79.018 move 868 856
79.034 move 868 859
79.066 move 868 862
79.083 move 868 865
79.098 move 868 868
79.114 move 868 871
79.13 move 868 874
79.146 move 868 877
79.162 move 868 880
79.178 move 868 883
79.194 move 868 886
79.226 move 868 889
79.242 move 866 892
79.258 move 865 895
79.274 move 863 898
79.306 move 861 901
79.322 move 858 904
79.338 move 855 907
79.354 move 852 910
79.37 move 849 913
79.386 move 846 916
79.402 move 843 919
79.418 move 840 922
79.434 move 837 925
79.45 move 834 928
79.482 move 831 931
79.498 move 828 934
79.514 move 825 937
79.546 move 822 940
79.562 move 819 943
79.578 move 816 946
79.594 move 813 949
79.61 move 810 952
79.626 move 807 955
79.642 move 804 958
79.658 move 801 958
79.674 move 798 958
79.706 move 795 958
79.723 move 792 958
79.739 move 789 958
79.755 move 786 958
79.787 move 783 958
79.803 move 780 958
79.818 move 777 958
79.835 move 774 958
79.851 move 771 958
79.866 move 768 958
79.882 move 765 958
79.898 move 762 958
79.914 move 759 958
79.946 move 756 958
79.962 move 753 958
79.978 move 750 958
79.994 move 747 958
80.026 move 744 958
80.042 move 741 958
80.266 click 3.3393784 1.6806452
80.666 move 740 958
80.682 move 737 958
80.698 move 734 958
80.714 move 731 958
80.73 move 728 958
80.746 move 725 958
80.762 move 722 958
80.778 move 719 958
80.794 move 716 958
80.81 move 713 958
80.826 move 710 958
80.842 move 707 958
80.858 move 704 958
80.874 move 701 958
80.89 move 698 958
80.906 move 695 958
80.922 move 692 958
80.938 move 689 958
80.954 move 686 958
80.97 move 683 958
80.986 move 680 958
81.002 move 677 958
81.018 move 674 958
81.034 move 671 958
81.05 move 668 958
81.066 move 665 958
81.082 move 662 958
81.098 move 659 958
81.113 move 656 958
81.131 move 653 958
81.147 move 650 958
81.163 move 647 958
81.179 move 644 958
81.195 move 641 958
81.211 move 638 958
81.226 move 635 958
81.243 move 632 958
81.258 move 629 958
81.274 move 626 958
81.291 move 623 958
81.306 move 620 958
81.322 move 617 958
81.338 move 614 958
81.354 move 611 958
81.37 move 608 958
81.386 move 605 958
81.402 move 602 958
81.418 move 599 958
81.434 move 596 958
81.45 move 593 958
81.466 move 590 958
81.482 move 587 958
81.498 move 584 958
81.514 move 581 958
81.53 move 578 958
81.546 move 575 958
81.562 move 572 958
81.578 move 569 958
81.594 move 566 958
81.611 move 563 958
81.626 move 560 958
81.642 move 557 958
81.658 move 554 958
81.674 move 551 958
81.69 move 548 958
81.706 move 545 958
81.722 move 542 958
81.882 click 2.3082902 1.6806452
82.698 click 2.3082902 1.6806452
83.386 enter
83.738 select can 1
84.794 start 4.0 1.0
84.798 click 3.9974093 0.9967742
87.402 delete
88.155 move 867 849
88.171 move 866 846
88.187 move 865 843
88.218 move 864 840
88.234 move 863 837
88.25 move 861 834
88.266 move 860 831
88.283 move 859 828
88.298 move 857 825
88.314 move 855 822
88.33 move 854 819
88.346 move 852 816
88.378 move 850 813
88.394 move 848 810
88.41 move 846 807
88.426 move 844 804
88.442 move 842 801
88.458 move 839 798
88.474 move 837 795
88.49 move 834 792
88.506 move 831 789
88.538 move 828 786
88.554 move 825 783
88.57 move 822 780
88.586 move 819 777
88.618 move 816 774
88.634 move 813 771
88.65 move 810 770
88.874 click 3.6968913 0.4677419
89.354 move 808 770
89.37 move 805 769
89.386 move 802 769
89.401 move 799 768
89.418 move 796 768
89.434 move 793 767
89.451 move 790 767
89.483 move 787 766
89.499 move 784 766
89.515 move 781 765
89.531 move 778 765
89.547 move 775 764
89.563 move 772 764
89.578 move 769 763
89.595 move 766 763
89.611 move 763 762
89.642 move 760 762
89.658 move 757 761
89.675 move 754 761
89.69 move 751 760
89.706 move 748 760
89.722 move 745 759
89.738 move 742 759
89.754 move 739 758
89.77 move 736 757
89.786 move 733 756
89.802 move 730 756
89.818 move 727 755
89.834 move 724 754
89.85 move 721 753
89.866 move 718 752
89.898 move 718 751
90.026 click 3.2202072 0.34516132
90.25 move 717 751
90.266 move 716 751
90.282 move 713 751
90.298 move 710 751
90.314 move 707 751
90.346 move 704 751
90.362 move 701 751
90.378 move 698 751
90.394 move 695 751
90.426 move 692 751
90.442 move 689 751
90.458 move 686 751
90.49 move 683 751
90.506 move 680 751
90.522 move 677 751
90.538 move 674 752
90.554 move 671 753
90.586 move 668 754
90.602 move 665 755
90.618 move 662 756
90.634 move 659 758
90.65 move 656 759
90.666 move 653 760
90.682 move 650 762
90.698 move 647 764
90.714 move 644 766
90.73 move 641 768
90.746 move 638 770
90.762 move 635 773
90.778 move 632 776
90.794 move 629 779
90.826 move 626 782
90.842 move 623 785
90.858 move 620 788
90.875 move 617 791
90.891 move 614 794
90.907 move 611 797
90.923 move 608 800
90.939 move 608 803
90.954 move 608 806
91.258 click 2.650259 0.70000005
91.466 move 611 806
91.482 move 614 806
91.514 move 617 806
91.53 move 620 806
91.546 move 623 806
91.562 move 626 806
91.578 move 629 806
91.594 move 632 806
91.61 move 635 806
91.642 move 638 806
91.658 move 641 806
91.674 move 644 805
91.69 move 647 805
91.706 move 650 805
91.722 move 653 805
91.738 move 656 804
91.754 move 659 804
91.77 move 662 804
91.786 move 665 804
91.802 move 668 804
91.818 move 671 804
91.834 move 674 804
91.85 move 677 804
91.866 move 680 804
91.882 move 683 804
91.914 move 686 804
91.93 move 689 804
91.946 move 692 804
91.962 move 695 804
91.979 move 698 804
91.994 move 701 804
92.01 move 704 804
92.026 move 707 804
92.042 move 710 804
92.058 move 713 804
92.074 move 716 804
92.089 move 719 804
92.106 move 722 804
92.122 move 725 804
92.138 move 728 804
92.154 move 731 804
92.171 move 734 804
92.187 move 737 804
92.203 move 740 804
92.442 click 3.3341968 0.6870967
93.098 click 3.3341968 0.6870967
93.562 click 3.3341968 0.6870967
94.106 enter
94.666 select really 1
95.226 start 4.0 1.0
95.23 move 871 852
95.242 move 874 852
95.258 move 877 852
95.274 move 880 852
95.29 move 883 852
95.306 move 886 852
95.322 move 889 852
95.338 move 892 852
95.354 move 895 852
95.37 move 898 852
95.386 move 901 852
95.402 move 904 852
95.418 move 907 852
95.434 move 910 852
95.45 move 913 852
95.466 move 916 852
95.482 move 919 852
95.498 move 922 852
95.514 move 925 852
95.546 move 925 851
95.562 move 925 848
95.578 move 925 845
95.61 move 923 842
95.626 move 920 842
95.642 move 917 842
95.658 move 914 842
95.674 move 911 842
95.69 move 908 842
95.706 move 905 842
95.722 move 902 842
95.738 move 899 842
95.754 move 896 842
95.77 move 893 842
95.786 move 890 842
95.802 move 887 842
95.834 move 884 842
95.85 move 881 842
96.042 click 4.064767 0.932258
96.108 move 881 844
96.123 move 881 847
96.138 move 881 850
96.154 move 881 853
96.171 move 881 856
96.186 move 881 859
96.219 move 882 862
96.234 move 882 865
96.25 move 882 868
96.266 move 882 871
96.282 move 882 874
96.298 move 882 877
96.314 move 882 880
96.33 move 882 883
96.346 move 882 886
96.362 move 882 889
96.394 move 882 892
96.411 move 882 895
96.426 move 882 898
96.442 move 882 901
96.474 move 882 904
96.49 move 882 907
96.506 move 882 910
96.522 move 882 913
96.538 move 882 916
96.571 move 882 919
96.587 move 882 922
96.603 move 882 925
96.619 move 882 928
96.651 move 882 931
96.666 move 882 934
96.683 move 882 937
96.699 move 882 940
96.715 move 882 943
96.73 move 882 946
96.746 move 882 949
96.765 move 882 952
96.779 move 882 955
96.81 move 882 958
97.066 click 4.069948 1.6806452
97.258 move 885 958
97.29 move 888 958
97.306 move 891 958
97.322 move 894 958
97.354 move 897 958
97.37 move 900 957
97.386 move 903 957
97.401 move 906 956
97.418 move 909 956
97.434 move 912 955
97.45 move 915 955
97.466 move 918 954
97.483 move 921 954
97.498 move 924 953
97.515 move 927 953
97.531 move 930 952
97.547 move 933 952
97.563 move 936 951
97.578 move 939 951
97.611 move 942 950
97.626 move 945 950
97.642 move 948 949
97.658 move 951 949
97.674 move 954 948
97.69 move 957 948
97.706 move 960 947
97.722 move 963 947
97.738 move 966 946
97.77 move 969 946
97.786 move 972 945
97.802 move 975 945
97.818 move 978 944
97.834 move 981 944
97.85 move 984 943
97.866 move 987 943
97.882 move 990 942
97.914 move 993 942
97.931 move 996 941
97.946 move 999 941
97.962 move 1002 941
97.978 move 1005 941
97.994 move 1008 941
98.01 move 1011 941
98.81 click 4.738342 1.5709677
99.626 click 4.738342 1.5709677
100.283 click 4.738342 1.5709677
101.258 enter
101.771 right
102.122 select enjoy 3
103.22 phrase every apple from every tree
104.233 start 4.0 1.0
104.237 move 866 852
104.25 move 863 852
104.266 move 860 852
104.282 move 857 851
104.314 move 854 851
104.33 move 851 851
104.346 move 848 851
104.362 move 845 850
104.378 move 842 850
104.394 move 839 850
104.41 move 836 849
104.426 move 833 849
104.441 move 830 848
104.475 move 827 847
104.49 move 824 847
104.506 move 821 846
104.522 move 818 845
104.538 move 815 844
104.555 move 812 844
104.571 move 809 843
104.587 move 806 842
104.602 move 803 841
104.619 move 800 840
104.65 move 797 838
104.666 move 794 837
104.683 move 791 836
104.698 move 788 835
104.715 move 785 833
104.73 move 782 832
104.746 move 779 831
104.762 move 776 829
104.778 move 773 828
104.81 move 770 826
104.826 move 767 824
104.842 move 764 822
105.018 click 3.4585493 0.80322576
105.594 move 764 825
105.626 move 764 828
105.642 move 764 831
105.658 move 764 834
105.674 move 764 837
105.706 move 764 840
105.721 move 764 843
105.739 move 764 846
105.755 move 764 849
105.77 move 764 852
105.787 move 764 855
105.803 move 764 858
105.818 move 764 861
105.835 move 764 864
105.851 move 764 867
105.866 move 764 870
105.882 move 764 873
105.898 move 764 876
105.914 move 764 879
105.93 move 764 882
105.946 move 764 885
105.962 move 764 888
105.978 move 764 891
105.994 move 764 894
106.01 move 764 897
106.026 move 764 900
106.042 move 764 903
106.058 move 764 906
106.074 move 764 909
106.107 move 764 912
106.122 move 764 915
106.138 move 764 918
106.154 move 764 921
106.171 move 764 924
106.186 move 764 927
106.202 move 764 930
106.218 move 764 933
106.234 move 764 936
106.25 move 764 939
106.282 move 764 942
106.298 move 764 945
106.314 move 764 948
106.33 move 764 951
106.346 move 764 954
106.362 move 764 957
106.378 move 764 960
106.394 move 764 963
106.41 move 764 966
106.426 move 764 969
106.442 move 764 972
106.458 move 764 975
106.586 click 3.4585493 1.7903225
107.291 move 763 973
107.306 move 762 970
107.322 move 760 967
107.355 move 759 964
107.37 move 758 961
107.386 move 757 958
107.402 move 755 955
107.418 move 754 952
107.434 move 753 949
107.45 move 752 946
107.466 move 750 943
107.482 move 749 940
107.498 move 748 937
107.514 move 747 934
107.53 move 745 931
107.546 move 744 928
107.562 move 743 925
107.594 move 742 922
107.834 click 3.3445597 1.4483871
108.394 click 3.3445597 1.4483871
109.082 click 3.3445597 1.4483871
109.578 enter
109.93 select every 1
110.746 start 4.0 1.0
110.75 move 866 852
110.762 move 863 851
110.778 move 860 850
110.794 move 857 850
110.81 move 854 849
110.842 move 851 848
110.858 move 848 847
110.874 move 845 847
110.89 move 842 846
110.906 move 839 845
110.922 move 836 844
110.938 move 833 844
110.954 move 830 843
110.97 move 827 842
111.002 move 824 841
111.018 move 821 841
111.034 move 818 840
111.05 move 815 839
111.082 move 812 838
111.098 move 809 838
111.114 move 806 837
111.322 click 3.6761656 0.9
111.562 move 809 837
111.578 move 812 837
111.594 move 815 837
111.61 move 818 837
111.626 move 821 837
111.642 move 824 837
111.658 move 827 837
111.674 move 830 837
111.69 move 833 837
111.722 move 836 837
111.738 move 839 837
111.754 move 842 837
111.77 move 845 837
111.786 move 848 837
111.802 move 851 837
111.818 move 854 837
111.834 move 857 837
111.85 move 860 837
111.882 move 863 837
111.898 move 866 837
111.914 move 869 837
111.931 move 872 837
111.962 move 875 837
111.978 move 878 837
111.995 move 881 837
112.202 click 4.064767 0.9
112.811 move 884 837
112.826 move 887 837
112.859 move 890 837
112.874 move 893 837
112.89 move 896 837
112.907 move 899 837
112.938 move 902 837
112.954 move 905 837
112.97 move 908 837
112.986 move 911 837
113.018 move 914 836
113.034 move 917 835
113.05 move 920 834
113.066 move 923 833
113.082 move 926 832
113.098 move 929 830
113.114 move 932 829
113.13 move 935 828
113.146 move 938 827
113.178 move 941 825
113.194 move 944 824
113.21 move 947 822
113.226 move 950 821
113.242 move 953 819
113.258 move 956 818
113.274 move 959 816
113.29 move 962 815
113.306 move 965 813
113.338 move 968 812
113.354 move 971 810
113.37 move 974 809
113.386 move 977 807
113.402 move 980 805
113.418 move 983 803
113.434 move 986 802
113.45 move 989 800
113.466 move 992 798
113.482 move 995 796
113.514 move 998 795
113.53 move 1001 793
113.546 move 1004 791
113.562 move 1007 789
113.578 move 1010 788
113.594 move 1013 786
113.61 move 1016 784
113.626 move 1019 782
113.642 move 1022 779
113.658 move 1025 776
113.674 move 1028 773
113.69 move 1031 770
113.706 move 1034 767
113.722 move 1037 764
113.738 move 1040 761
113.754 move 1043 758
113.77 move 1046 755
113.786 move 1049 752
113.802 move 1052 749
113.818 move 1055 746
113.834 move 1058 743
113.85 move 1061 740
114.138 click 4.9974093 0.27419353
115.034 move 1062 740
115.05 move 1063 743
115.066 move 1064 745
115.082 move 1066 748
115.098 move 1067 750
115.13 move 1068 753
115.146 move 1069 755
115.162 move 1071 758
115.178 move 1072 760
115.21 move 1073 763
115.226 move 1074 765
115.242 move 1076 768
115.258 move 1077 770
115.29 move 1078 773
115.306 move 1079 775
115.322 move 1081 778
115.338 move 1082 780
115.354 move 1083 783
115.37 move 1084 785
115.386 move 1087 788
115.402 move 1090 790
115.418 move 1093 793
115.434 move 1096 795
115.45 move 1099 798
115.466 move 1102 798
115.482 move 1105 798
115.498 move 1108 798
115.53 move 1111 798
115.546 move 1114 798
115.563 move 1117 798
115.579 move 1120 798
115.595 move 1123 798
115.611 move 1126 798
115.627 move 1129 798
115.642 move 1132 798
115.658 move 1135 798
115.674 move 1138 798
115.706 move 1141 798
115.722 move 1144 798
115.738 move 1147 798
115.754 move 1150 798
115.786 move 1153 798
115.802 move 1156 798
115.818 move 1159 798
115.834 move 1162 798
115.85 move 1165 798
115.882 move 1168 798
115.898 move 1171 798
115.914 move 1174 798
115.93 move 1177 798
115.946 move 1180 798
115.962 move 1183 798
115.979 move 1186 798
115.994 move 1189 798
116.282 click 5.6606216 0.6483871
116.65 move 1186 798
116.666 move 1183 798
116.682 move 1180 797
116.698 move 1177 796
116.714 move 1174 795
116.73 move 1171 795
116.746 move 1168 794
116.762 move 1165 793
116.778 move 1162 792
116.794 move 1159 792
116.81 move 1156 791
116.827 move 1153 790
116.843 move 1150 789
116.859 move 1147 789
116.875 move 1144 788
116.891 move 1141 787
116.907 move 1138 786
116.923 move 1135 786
116.939 move 1132 785
116.954 move 1129 784
116.971 move 1126 783
116.986 move 1123 783
117.018 move 1120 782
117.034 move 1117 781
117.05 move 1114 780
117.066 move 1111 780
117.082 move 1108 779
117.098 move 1105 778
117.114 move 1102 777
117.13 move 1099 777
117.146 move 1096 776
117.162 move 1093 775
117.178 move 1090 774
117.195 move 1087 774
117.21 move 1084 773
117.226 move 1081 772
117.242 move 1078 771
117.258 move 1075 771
117.274 move 1072 770
117.291 move 1069 769
117.306 move 1066 768
117.338 move 1063 768
117.354 move 1060 767
117.37 move 1057 766
117.386 move 1054 765
117.402 move 1051 765
117.418 move 1048 764
117.45 move 1045 763
117.466 move 1042 762
117.482 move 1039 762
117.498 move 1036 761
117.514 move 1033 760
117.53 move 1030 759
117.546 move 1027 759
117.563 move 1024 759
117.594 move 1021 759
117.61 move 1018 759
117.626 move 1015 759
117.658 move 1012 759
117.674 move 1009 759
117.69 move 1006 759
117.706 move 1003 759
117.722 move 1000 759
117.754 move 997 759
117.77 move 994 759
117.786 move 991 759
117.818 move 988 759
117.834 move 985 759
117.85 move 982 759
117.866 move 979 759
117.882 move 976 759
117.914 move 973 759
117.93 move 970 759
117.946 move 967 759
117.962 move 964 759
117.979 move 961 759
117.994 move 958 759
118.01 move 955 759
118.026 move 952 759
118.042 move 949 759
118.058 move 946 759
118.075 move 943 759
118.091 move 940 759
118.106 move 937 759
118.122 move 934 759
118.138 move 931 759
118.154 move 928 759
118.17 move 925 759
118.186 move 922 759
118.202 move 919 759
118.218 move 916 759
118.25 move 913 759
118.266 move 910 759
118.282 move 907 759
118.315 move 904 759
118.33 move 901 759
118.346 move 898 759
118.362 move 895 759
118.378 move 892 759
118.41 move 889 759
118.426 move 886 759
118.442 move 883 759
118.458 move 880 759
118.474 move 877 759
118.49 move 874 759
118.506 move 871 759
118.522 move 868 759
118.538 move 865 759
118.554 move 862 759
118.57 move 859 759
118.602 move 856 759
118.619 move 853 759
118.65 move 850 759
118.667 move 847 759
118.683 move 844 759
118.699 move 841 759
118.715 move 838 759
118.731 move 835 759
118.762 move 832 759
118.779 move 829 759
118.795 move 826 759
118.81 move 823 759
118.827 move 820 759
118.859 move 817 759
118.874 move 814 759
118.89 move 811 759
118.922 move 808 759
118.938 move 805 759
118.954 move 802 759
118.986 move 799 759
119.002 move 796 759
119.018 move 793 759
119.034 move 790 759
119.05 move 787 759
119.066 move 784 759
119.098 move 781 759
119.114 move 778 759
119.13 move 775 759
119.146 move 772 759
119.162 move 769 759
119.178 move 766 759
119.194 move 763 759
119.21 move 760 759
119.227 move 757 759
119.259 move 754 759
119.276 move 751 759
119.29 move 748 759
119.306 move 745 759
119.338 move 742 759
119.355 move 739 759
119.37 move 736 759
119.386 move 733 759
119.402 move 730 758
119.434 move 727 757
119.866 click 3.2668393 0.38387096
122.346 enter
122.922 right
123.578 nextPage
124.09 left
124.41 select apple 6
125.642 start 4.0 1.0
125.647 move 867 852
125.658 move 866 851
125.674 move 863 850
125.69 move 860 849
125.706 move 857 848
125.722 move 854 846
125.738 move 851 845
125.754 move 848 844
125.77 move 845 843
125.786 move 842 841
125.802 move 839 840
125.834 move 836 839
125.85 move 833 838
125.866 move 830 836
125.882 move 827 835
125.898 move 824 834
125.93 move 821 834
125.946 move 818 832
125.962 move 815 831
125.978 move 812 830
126.01 move 809 829
126.026 move 806 827
126.17 click 3.6761656 0.8354839
126.602 move 803 827
126.618 move 800 826
126.634 move 797 825
126.666 move 794 824
126.682 move 791 823
126.698 move 788 822
126.714 move 785 821
126.73 move 782 819
126.746 move 779 818
126.762 move 776 816
126.778 move 773 813
126.794 move 770 811
126.826 move 767 808
126.842 move 764 805
126.858 move 761 802
126.874 move 758 799
126.89 move 755 796
126.906 move 752 793
126.922 move 749 790
126.938 move 746 787
126.954 move 743 784
126.97 move 740 781
126.986 move 737 778
127.002 move 734 775
127.018 move 731 772
127.034 move 728 769
127.05 move 725 766
127.066 move 722 763
127.082 move 719 760
127.098 move 716 757
127.114 move 713 754
127.13 move 710 751
127.146 move 707 748
127.162 move 704 745
127.178 move 701 742
127.194 move 698 739
127.226 move 695 736
127.242 move 694 733
127.258 move 694 730
127.274 move 694 727
127.419 click 3.095855 0.19032258
127.674 move 695 727
127.69 move 698 727
127.706 move 701 727
127.722 move 704 727
127.738 move 707 727
127.754 move 710 727
127.77 move 713 727
127.785 move 716 727
127.819 move 719 727
127.835 move 722 727
127.85 move 725 727
127.866 move 728 727
127.883 move 731 727
127.898 move 734 727
127.93 move 737 727
127.946 move 740 727
127.962 move 743 727
127.978 move 746 727
128.01 move 749 727
128.026 move 752 727
128.042 move 755 727
128.171 click 3.4119172 0.19032258
128.394 move 756 727
128.41 move 757 730
128.426 move 759 732
128.442 move 760 734
128.458 move 761 736
128.474 move 763 739
128.49 move 765 741
128.506 move 767 742
128.522 move 769 744
128.538 move 771 745
128.554 move 773 747
128.57 move 775 750
128.586 move 777 753
128.602 move 779 756
128.618 move 781 759
128.634 move 783 762
128.65 move 785 765
128.666 move 787 768
128.682 move 789 771
128.698 move 791 774
128.714 move 793 777
128.73 move 795 780
128.746 move 797 783
128.762 move 797 786
128.778 move 797 789
128.794 move 797 792
128.81 move 797 795
128.826 move 797 798
128.842 move 797 801
128.874 move 797 804
128.89 move 797 807
128.906 move 797 810
128.938 move 797 813
128.954 move 797 816
129.29 click 3.6295338 0.7645161
129.866 enter
130.25 select from 1
130.778 start 4.0 1.0
130.783 move 865 852
130.794 move 862 852
130.81 move 859 852
130.826 move 856 852
130.842 move 853 851
130.858 move 850 851
130.874 move 847 851
130.89 move 844 851
130.906 move 841 851
130.922 move 838 851
130.938 move 835 851
130.954 move 832 851
130.986 move 829 851
131.002 move 826 851
131.018 move 823 851
131.034 move 820 851
131.066 move 817 851
131.082 move 814 850
131.098 move 811 849
131.114 move 808 848
131.13 move 805 848
131.146 move 802 847
131.162 move 799 846
131.178 move 796 845
131.194 move 793 844
131.226 move 790 843
131.242 move 787 842
131.258 move 784 840
131.274 move 781 839
131.29 move 778 838
131.45 click 3.5310879 0.9064516
131.834 move 778 840
131.85 move 778 843
131.866 move 778 846
131.882 move 778 849
131.898 move 778 852
131.931 move 778 855
131.947 move 778 858
131.962 move 778 861
131.978 move 778 864
131.994 move 778 867
132.011 move 778 870
132.042 move 778 873
132.058 move 778 876
132.09 move 778 879
132.106 move 778 882
132.122 move 778 885
132.138 move 778 888
132.154 move 778 891
132.186 move 778 894
132.202 move 778 897
132.218 move 779 900
132.234 move 780 903
132.25 move 780 906
132.266 move 781 909
132.282 move 782 912
132.298 move 783 915
132.314 move 783 918
132.346 move 784 921
132.362 move 785 924
132.378 move 786 927
132.394 move 786 930
132.41 move 787 933
132.426 move 788 936
132.442 move 789 939
132.458 move 789 942
132.474 move 790 945
132.506 move 791 948
132.522 move 792 951
132.538 move 792 954
132.554 move 792 957
132.57 move 792 960
132.586 move 792 963
132.874 click 3.6036267 1.7129033
133.034 move 792 960
133.066 move 791 957
133.082 move 790 954
133.098 move 788 951
133.114 move 787 948
133.13 move 786 945
133.146 move 785 942
133.162 move 783 939
133.178 move 782 936
133.194 move 781 933
133.226 move 780 930
133.243 move 778 927
133.259 move 777 924
133.275 move 776 921
133.306 move 775 918
133.323 move 773 915
133.338 move 772 912
133.354 move 771 909
133.387 move 770 906
133.402 move 768 903
133.418 move 768 900
133.45 move 767 897
133.466 move 767 894
133.482 move 766 891
133.498 move 765 888
133.514 move 765 885
133.53 move 764 882
133.562 move 763 879
133.578 move 761 876
133.594 move 760 873
133.61 move 758 870
133.642 move 756 867
133.658 move 754 864
133.674 move 752 861
133.69 move 750 858
133.85 click 3.3860104 1.0354838
134.266 move 749 858
134.282 move 747 857
134.298 move 745 856
134.33 move 743 855
134.346 move 740 853
134.362 move 738 852
134.378 move 736 851
134.394 move 734 850
134.41 move 731 848
134.426 move 731 847
134.57 click 3.2875648 0.96451616
135.098 move 731 844
135.13 move 731 841
135.146 move 731 838
135.162 move 731 835
135.178 move 731 832
135.21 move 731 829
135.226 move 731 826
135.242 move 731 823
135.258 move 731 820
135.29 move 731 817
135.306 move 731 814
135.322 move 731 811
135.338 move 731 808
135.354 move 731 805
135.386 move 731 802
135.402 move 731 799
135.418 move 731 796
135.45 move 731 793
135.466 move 731 790
135.482 move 731 787
135.498 move 731 784
135.53 move 731 781
135.546 move 731 778
135.562 move 731 775
135.578 move 731 772
135.594 move 731 769
135.61 move 731 766
135.626 move 731 763
135.642 move 731 760
135.658 move 731 757
135.69 move 731 754
135.706 move 731 751
135.722 move 732 748
135.962 click 3.292746 0.32580644
136.458 enter
136.858 select every 1
137.546 start 4.0 1.0
137.55 move 866 852
137.562 move 863 852
137.578 move 860 851
137.594 move 857 851
137.61 move 854 851
137.626 move 851 851
137.642 move 848 851
137.658 move 845 851
137.834 click 3.8782382 0.9903226
138.186 move 842 850
138.202 move 839 849
138.218 move 836 847
138.234 move 833 846
138.266 move 830 845
138.282 move 827 844
138.298 move 824 842
138.314 move 821 841
138.346 move 818 839
138.362 move 815 837
138.378 move 812 834
138.394 move 809 831
138.426 move 806 828
138.442 move 803 825
138.458 move 800 822
138.49 move 797 819
138.506 move 794 816
138.522 move 791 813
138.538 move 788 810
138.554 move 785 807
138.57 move 782 804
138.602 move 779 801
138.618 move 776 798
138.634 move 773 795
138.65 move 770 792
138.682 move 767 789
138.698 move 764 786
138.714 move 761 783
138.73 move 761 780
138.762 move 760 777
138.778 move 760 774
138.794 move 759 771
138.81 move 759 768
138.827 move 758 765
138.842 move 757 762
138.858 move 756 759
138.874 move 756 756
138.891 move 755 753
138.922 move 754 750
138.938 move 753 747
138.954 move 752 744
138.97 move 751 741
139.002 move 750 738
139.018 move 748 735
139.034 move 748 732
139.243 click 3.3756478 0.22258067
139.77 click 3.3756478 0.22258067
140.522 move 745 732
140.538 move 742 732
140.554 move 739 732
140.57 move 736 732
140.586 move 733 732
140.602 move 730 732
140.619 move 727 732
140.635 move 724 732
140.65 move 721 732
140.667 move 718 732
140.682 move 715 732
140.699 move 712 732
140.715 move 709 732
140.73 move 706 732
140.763 move 703 732
140.778 move 700 732
140.794 move 697 732
140.81 move 694 732
140.842 move 691 732
140.859 move 688 732
140.874 move 685 732
140.89 move 682 732
140.906 move 679 732
140.938 move 676 732
140.954 move 673 732
140.97 move 670 732
140.986 move 667 732
141.002 move 664 732
141.018 move 661 732
141.034 move 658 732
141.05 move 655 732
141.082 move 652 732
141.098 move 649 732
141.114 move 646 732
141.13 move 643 732
141.146 move 640 732
141.162 move 637 732
141.178 move 634 732
141.194 move 631 732
141.21 move 628 732
141.227 move 625 732
141.259 move 622 732
141.275 move 619 732
141.29 move 616 732
141.306 move 613 732
141.338 move 610 732
141.354 move 607 732
141.37 move 604 732
141.386 move 601 732
141.418 move 598 732
141.434 move 595 732
141.45 move 592 732
141.466 move 589 732
141.482 move 586 732
141.514 move 583 732
141.882 move 582 732
141.898 move 579 732
141.914 move 576 732
141.93 move 573 732
141.946 move 570 732
141.962 move 567 732
141.978 move 564 732
141.995 move 561 732
142.01 move 558 732
142.026 move 555 732
142.058 move 552 732
142.282 click 2.3601036 0.22258067
143.402 enter
143.914 left
144.17 left
144.698 select tree 4
146.002 phrase what to do when the oil runs dry
147.082 start 4.0 1.0
147.087 move 865 852
147.098 move 862 851
147.114 move 859 851
147.13 move 856 851
147.146 move 853 851
147.178 move 850 850
147.195 move 847 850
147.21 move 844 850
147.226 move 841 850
147.243 move 838 849
147.258 move 835 849
147.274 move 832 849
147.29 move 829 848
147.53 click 3.7953367 0.97096777
148.489 click 3.7953367 0.97096777
148.986 move 827 848
149.018 move 824 848
149.034 move 821 848
149.05 move 818 848
149.066 move 815 848
149.098 move 812 848
149.114 move 809 848
149.13 move 806 848
149.146 move 803 848
149.178 move 800 848
149.194 move 797 848
149.21 move 794 848
149.242 move 791 848
149.258 move 788 848
149.274 move 785 848
149.29 move 782 848
149.306 move 779 848
149.322 move 776 848
149.354 move 773 848
149.37 move 770 848
149.386 move 767 848
149.402 move 764 848
149.418 move 761 848
149.434 move 758 848
149.45 move 755 848
149.466 move 752 848
149.498 move 749 848
149.514 move 746 848
149.53 move 743 848
149.546 move 740 848
149.578 move 737 848
149.594 move 734 848
149.61 move 731 848
149.626 move 728 848
149.658 move 725 848
149.674 move 722 848
149.69 move 719 848
149.706 move 716 848
149.738 move 713 848
149.754 move 710 848
149.77 move 707 848
149.786 move 704 848
149.818 move 701 848
149.834 move 698 848
149.85 move 695 848
149.866 move 692 848
149.881 move 689 848
149.898 move 686 848
149.914 move 683 848
149.93 move 680 848
149.946 move 677 848
149.978 move 674 848
149.995 move 671 848
150.01 move 668 848
150.042 move 665 848
150.058 move 662 848
150.075 move 659 848
150.09 move 656 848
150.106 move 653 848
150.122 move 650 848
150.138 move 647 848
150.154 move 644 848
150.17 move 641 848
150.186 move 638 848
150.218 move 635 848
150.234 move 632 848
150.25 move 629 848
150.266 move 626 848
150.282 move 623 848
150.314 move 620 848
150.33 move 617 848
150.346 move 614 848
150.378 move 611 848
150.394 move 608 848
150.41 move 605 848
150.426 move 602 848
150.442 move 599 848
150.458 move 596 848
150.474 move 593 848
150.49 move 590 848
150.506 move 587 848
150.522 move 584 848
150.538 move 581 848
150.554 move 578 848
150.57 move 575 848
150.586 move 572 848
150.618 move 569 848
150.634 move 566 848
150.65 move 563 848
150.666 move 560 848
150.682 move 557 848
150.698 move 554 848
150.714 move 551 848
150.73 move 548 848
150.746 move 545 848
150.762 move 542 848
150.778 move 539 848
150.794 move 536 848
150.81 move 533 848
150.826 move 530 848
150.842 move 527 848
150.858 move 524 848
150.874 move 521 848
150.89 move 518 848
150.906 move 515 848
150.922 move 512 848
150.938 move 509 848
150.954 move 506 848
150.97 move 503 848
150.986 move 500 848
151.002 move 497 848
151.018 move 494 848
151.034 move 491 848
151.05 move 488 848
151.066 move 485 848
151.082 move 482 848
151.098 move 479 848
151.13 move 476 848
151.146 move 473 848
151.162 move 470 848
151.178 move 467 848
151.194 move 464 848
151.21 move 461 848
151.226 move 458 848
151.242 move 455 848
151.258 move 452 848
151.274 move 449 848
151.29 move 446 848
151.305 move 443 848
151.322 move 440 848
151.338 move 437 848
151.354 move 434 848
151.37 move 431 848
151.387 move 428 848
151.402 move 425 848
151.418 move 422 848
151.434 move 419 848
151.45 move 416 848
151.466 move 413 848
151.482 move 410 848
151.498 move 407 848
151.514 move 404 848
151.531 move 401 848
151.546 move 398 848
151.562 move 395 848
151.578 move 392 848
151.594 move 389 848
151.61 move 386 848
151.626 move 383 848
151.642 move 380 848
151.658 move 377 848
151.674 move 374 848
151.69 move 371 848
151.706 move 368 848
151.722 move 365 848
151.738 move 362 848
151.77 move 363 848
151.978 click 1.380829 0.97096777
152.186 move 366 848
152.202 move 369 848
152.218 move 372 848
152.234 move 375 848
152.25 move 378 848
152.266 move 381 848
152.282 move 384 848
152.298 move 387 848
152.33 move 390 848
152.346 move 393 848
152.362 move 396 848
152.378 move 399 848
152.41 move 402 848
152.426 move 405 848
152.442 move 408 848
152.681 click 1.6139896 0.97096777
153.354 enter
153.578 left
153.946 select what 2
154.426 start 4.0 1.0
154.431 move 869 852
154.442 move 872 852
154.458 move 875 852
154.474 move 878 852
154.49 move 881 852
154.506 move 884 852
154.522 move 887 852
154.538 move 890 852
154.554 move 893 852
154.57 move 896 852
154.586 move 899 852
154.602 move 902 852
154.618 move 905 852
154.635 move 908 852
154.65 move 911 852
154.666 move 914 852
154.682 move 917 852
154.699 move 920 852
154.714 move 923 852
154.73 move 926 852
154.746 move 929 852
154.858 click 4.3134713 0.9967742
155.21 move 931 852
155.226 move 934 852
155.242 move 937 852
155.274 move 940 852
155.29 move 943 852
155.306 move 946 852
155.322 move 949 852
155.354 move 952 852
155.37 move 955 852
155.386 move 958 852
155.578 click 4.4637303 0.9967742
156.234 enter
156.682 select to 1
157.77 start 4.0 1.0
157.775 click 3.9974093 0.9967742
158.698 click 3.9974093 0.9967742
160.01 enter
160.202 right
160.762 select do 3
161.77 start 4.0 1.0
161.775 click 3.9974093 0.9967742
162.314 click 3.9974093 0.9967742
163.05 click 3.9974093 0.9967742
163.546 move 868 853
163.562 move 868 856
163.594 move 868 859
163.61 move 868 862
163.626 move 868 865
163.642 move 868 868
163.674 move 868 871
163.69 move 868 874
163.706 move 868 877
163.722 move 868 880
163.738 move 868 883
163.754 move 868 886
163.77 move 868 889
163.786 move 868 892
163.802 move 868 895
163.818 move 868 898
163.834 move 868 901
163.85 move 868 904
163.866 move 868 907
163.882 move 868 910
163.898 move 868 913
163.93 move 868 916
163.946 move 868 919
163.962 move 868 922
163.978 move 868 925
164.011 move 868 928
164.026 move 868 931
164.042 move 868 934
164.058 move 868 937
164.074 move 868 940
164.106 move 868 943
164.122 move 868 946
164.138 move 868 949
164.17 move 868 952
164.186 move 868 955
164.202 move 868 958
164.218 move 868 961
164.57 click 3.9974093 1.7
165.146 enter
165.61 select when 1
166.697 start 4.0 1.0
166.703 click 3.9974093 0.9967742
167.418 click 3.9974093 0.9967742
167.93 click 3.9974093 0.9967742
168.874 enter
169.322 select the 1
169.802 start 4.0 1.0
169.808 move 871 852
169.834 move 874 852
169.85 move 877 852
169.866 move 880 852
169.882 move 883 852
169.914 move 886 852
169.93 move 889 852
169.946 move 892 852
169.962 move 895 852
169.978 move 898 852
170.01 move 901 852
170.026 move 904 852
170.042 move 907 852
170.058 move 910 852
170.09 move 913 852
170.106 move 916 852
170.138 move 919 852
170.171 move 922 852
170.186 move 925 852
170.202 move 928 852
170.218 move 931 852
170.234 move 934 852
170.25 move 937 852
170.266 move 940 852
170.282 move 943 852
170.314 move 946 852
170.33 move 949 852
170.346 move 952 852
170.362 move 955 852
170.378 move 958 852
170.394 move 961 852
170.41 move 964 852
170.426 move 967 852
170.442 move 970 852
170.458 move 973 852
170.49 move 976 852
170.506 move 979 852
170.522 move 982 852
170.538 move 985 852
170.794 click 4.6036267 0.9967742
171.354 move 988 852
171.37 move 991 852
171.386 move 994 852
171.402 move 997 852
171.418 move 1000 852
171.434 move 1003 852
171.45 move 1006 852
171.466 move 1009 852
171.482 move 1012 852
171.498 move 1015 852
171.53 move 1018 852
171.546 move 1021 852
171.562 move 1024 852
171.578 move 1027 852
171.594 move 1030 852
171.626 move 1033 852
171.642 move 1036 852
171.658 move 1039 852
171.674 move 1042 852
171.69 move 1045 852
171.706 move 1048 852
171.722 move 1051 852
171.738 move 1054 852
171.754 move 1057 852
171.77 move 1060 852
171.802 move 1063 852
171.818 move 1066 852
171.834 move 1069 852
171.85 move 1072 852
171.866 move 1075 852
171.882 move 1078 852
171.898 move 1081 852
171.914 move 1084 852
171.93 move 1087 852
171.946 move 1090 852
171.962 move 1093 852
171.978 move 1096 852
171.994 move 1099 852
172.01 move 1102 852
172.042 move 1105 852
172.058 move 1108 852
172.074 move 1111 852
172.09 move 1114 852
172.106 move 1117 852
172.122 move 1120 852
172.138 move 1123 852
172.154 move 1126 852
172.17 move 1129 852
172.186 move 1132 852
172.202 move 1135 852
172.218 move 1138 852
172.234 move 1141 852
172.25 move 1144 852
172.266 move 1147 852
172.282 move 1150 852
172.314 move 1153 852
172.33 move 1156 852
172.346 move 1159 852
172.363 move 1162 851
172.377 move 1165 851
172.394 move 1168 851
172.41 move 1171 851
172.426 move 1174 850
172.442 move 1177 850
172.474 move 1180 850
172.49 move 1183 849
172.506 move 1186 849
172.522 move 1189 848
172.538 move 1192 847
172.554 move 1195 847
172.57 move 1198 846
172.779 click 5.707254 0.95806456
173.594 click 5.707254 0.95806456
174.026 enter
174.426 left
174.81 left
175.178 select oil 4
175.866 start 4.0 1.0
175.871 move 871 852
175.882 move 874 852
175.898 move 877 852
175.914 move 880 852
175.93 move 883 852
175.946 move 886 852
175.987 move 892 852
176.01 move 895 852
176.026 move 898 852
176.042 move 901 852
176.058 move 904 852
176.09 move 907 852
176.106 move 910 852
176.122 move 913 852
176.138 move 916 852
176.154 move 916 851
176.17 move 916 850
176.186 move 916 848
176.202 move 915 845
176.218 move 913 843
176.234 move 911 841
176.25 move 908 839
176.266 move 905 836
176.282 move 902 834
176.298 move 899 832
176.33 move 896 830
176.346 move 893 827
176.362 move 890 825
176.378 move 887 825
176.394 move 884 824
176.426 move 881 824
176.442 move 878 823
176.458 move 875 823
176.49 move 872 822
176.505 move 869 822
176.522 move 866 821
176.538 move 863 821
176.555 move 863 820
176.746 click 3.9715028 0.79032254
177.114 move 863 822
177.13 move 863 825
177.162 move 863 828
177.178 move 863 831
177.194 move 863 834
177.21 move 863 837
177.242 move 863 840
177.258 move 863 843
177.274 move 863 846
177.306 move 863 849
177.322 move 863 852
177.338 move 863 855
177.354 move 863 858
177.37 move 863 861
177.402 move 863 864
177.418 move 863 867
177.434 move 863 870
177.466 move 863 873
177.482 move 863 876
177.498 move 863 879
177.514 move 863 882
177.53 move 863 885
177.546 move 863 888
177.578 move 863 891
177.594 move 863 894
177.61 move 863 897
177.626 move 863 900
177.642 move 863 903
177.658 move 863 906
177.674 move 863 909
177.69 move 863 912
177.722 move 863 915
177.738 move 863 918
177.754 move 863 921
177.77 move 863 924
177.786 move 863 927
177.818 move 863 930
177.834 move 863 933
177.85 move 863 936
177.866 move 863 939
177.898 move 863 942
177.914 move 863 945
177.946 move 863 948
177.978 move 863 951
177.994 move 863 954
178.011 move 863 957
178.026 move 863 960
178.042 move 863 963
178.058 move 863 966
178.33 click 3.9715028 1.7322581
178.682 move 862 966
178.698 move 859 966
178.715 move 856 966
178.73 move 853 966
178.746 move 850 966
178.762 move 847 966
178.778 move 844 966
178.794 move 841 966
178.81 move 838 966
178.826 move 835 966
178.842 move 832 966
178.858 move 829 966
178.874 move 826 966
178.89 move 823 966
178.906 move 820 966
178.922 move 817 966
178.938 move 814 966
178.954 move 811 966
178.97 move 808 966
178.986 move 805 966
179.002 move 802 966
179.642 move 805 966
179.658 move 808 966
179.674 move 811 966
179.69 move 814 966
179.706 move 817 966
179.738 move 820 966
179.754 move 823 966
179.77 move 826 966
179.802 move 829 966
179.818 move 832 966
179.834 move 835 966
179.85 move 838 966
179.866 move 841 966
179.882 move 844 966
179.914 move 847 966
179.931 move 850 966
179.946 move 853 966
179.962 move 856 966
179.994 move 859 966
180.01 move 862 966
180.026 move 865 966
180.042 move 868 966
180.074 move 871 966
180.09 move 874 966
180.106 move 877 966
180.122 move 880 966
180.154 move 883 966
180.17 move 886 966
180.186 move 889 966
180.202 move 892 966
180.218 move 895 966
180.25 move 898 966
180.266 move 901 966
180.282 move 904 966
180.314 move 907 966
180.33 move 910 966
180.346 move 913 966
180.362 move 916 966
180.378 move 919 966
180.41 move 922 966
180.426 move 925 966
180.442 move 928 966
180.474 move 931 966
180.49 move 934 966
180.506 move 937 966
180.522 move 940 966
180.538 move 943 966
180.57 move 946 966
180.586 move 949 966
180.602 move 952 966
180.618 move 955 966
180.65 move 958 966
180.666 move 961 966
180.681 move 964 966
180.698 move 967 966
180.714 move 970 966
180.746 move 973 966
180.762 move 976 966
180.778 move 979 966
180.794 move 982 966
180.826 move 985 966
180.842 move 988 966
180.858 move 991 966
180.874 move 994 966
180.89 move 997 966
180.906 move 1000 966
180.922 move 1003 966
180.938 move 1006 966
180.954 move 1009 966
181.226 click 4.727979 1.7322581
181.402 move 1006 966
181.419 move 1003 966
181.434 move 1000 966
181.45 move 997 966
181.466 move 994 966
181.482 move 991 966
181.498 move 988 966
181.514 move 985 966
181.53 move 982 966
181.546 move 979 966
181.562 move 976 966
181.578 move 973 966
181.594 move 970 966
181.61 move 967 966
181.626 move 964 966
181.642 move 961 966
181.658 move 958 966
181.69 move 955 966
181.706 move 952 966
181.722 move 949 966
181.738 move 946 966
181.754 move 943 966
181.77 move 940 966
181.786 move 937 966
181.802 move 934 966
181.818 move 931 966
181.834 move 928 966
181.85 move 925 966
181.866 move 922 966
181.881 move 919 966
182.154 click 4.261658 1.7322581
184.026 enter
185.21 right
185.818 right
190.474 delete
191.85 delete
192.41 delete
192.922 delete
194.058 click 3.9974093 0.9967742
195.066 click 3.9974093 0.9967742
195.45 move 868 853
195.466 move 868 856
195.482 move 868 859
195.498 move 868 862
195.53 move 868 865
195.546 move 868 868
195.562 move 868 871
195.594 move 868 874
195.61 move 868 877
195.626 move 868 880
195.642 move 868 883
195.658 move 868 886
195.69 move 868 889
195.706 move 868 892
195.722 move 868 895
195.754 move 868 898
195.77 move 868 901
195.786 move 868 904
195.802 move 868 907
195.818 move 868 910
195.85 move 868 913
195.866 move 868 916
195.882 move 868 919
195.898 move 868 922
195.914 move 868 925
195.946 move 868 928
195.962 move 868 931
195.978 move 868 934
195.994 move 868 937
196.026 move 868 940
196.042 move 868 943
196.058 move 868 946
196.074 move 868 949
196.106 move 868 952
196.122 move 868 955
196.138 move 868 958
196.154 move 868 961
196.378 click 3.9974093 1.7
196.602 move 865 961
196.618 move 862 961
196.634 move 859 961
196.65 move 856 961
196.666 move 853 961
196.683 move 850 961
196.698 move 847 961
196.73 move 844 961
196.746 move 841 961
196.762 move 838 961
196.794 move 835 961
196.81 move 832 961
196.826 move 829 961
196.842 move 826 961
196.858 move 823 961
196.891 move 820 961
196.906 move 817 961
196.922 move 814 961
196.938 move 811 961
196.97 move 808 961
196.986 move 805 961
197.002 move 802 961
197.018 move 799 961
197.05 move 796 961
197.066 move 793 961
197.082 move 790 961
197.098 move 787 961
197.114 move 784 961
197.13 move 781 961
197.146 move 778 961
197.162 move 775 961
197.178 move 772 961
197.194 move 769 961
197.226 move 766 961
197.242 move 763 961
197.258 move 760 961
197.274 move 757 961
197.306 move 754 961
197.322 move 751 961
197.338 move 748 961
197.354 move 745 961
197.386 move 742 961
197.402 move 739 961
197.418 move 736 961
197.434 move 733 961
197.45 move 730 961
197.466 move 727 961
197.482 move 724 961
197.498 move 721 961
197.514 move 718 961
197.53 move 715 961
197.546 move 712 961
197.578 move 709 961
197.594 move 706 961
197.61 move 703 961
197.642 move 700 961
197.658 move 697 961
197.674 move 694 961
197.69 move 691 961
197.706 move 688 961
197.722 move 685 961
197.738 move 682 961
197.754 move 679 961
197.77 move 676 961
197.786 move 673 961
197.818 move 670 961
197.834 move 667 961
197.85 move 664 961
197.866 move 661 961
197.882 move 658 961
197.898 move 655 961
197.914 move 652 961
197.93 move 649 961
197.946 move 646 961
197.962 move 643 961
197.978 move 640 961
197.994 move 637 961
198.01 move 634 961
198.026 move 631 961
198.042 move 628 961
198.058 move 625 961
198.074 move 622 961
198.09 move 619 961
198.106 move 616 961
198.122 move 613 961
198.138 move 610 961
198.154 move 607 961
198.171 move 604 961
198.186 move 601 961
198.202 move 598 961
198.218 move 595 961
198.234 move 592 961
198.25 move 589 961
198.266 move 586 961
198.282 move 583 961
198.298 move 580 961
198.314 move 577 961
198.33 move 574 961
198.346 move 571 961
198.362 move 568 961
198.378 move 565 961
198.394 move 562 961
198.41 move 559 961
198.426 move 556 961
198.442 move 553 961
198.474 move 550 961
198.49 move 547 961
198.506 move 544 961
198.522 move 541 961
198.538 move 538 961
198.554 move 535 961
198.586 move 532 961
198.602 move 529 961
198.619 move 526 961
198.634 move 523 961
198.666 move 520 961
198.682 move 517 961
198.7 move 514 961
198.714 move 511 961
198.73 move 508 961
198.746 move 505 961
198.762 move 502 961
198.778 move 499 961
198.794 move 496 961
198.81 move 493 961
198.826 move 490 961
198.842 move 487 961
198.858 move 484 961
198.874 move 481 961
198.906 move 478 961
198.922 move 475 961
198.938 move 472 961
198.954 move 469 961
198.97 move 466 961
198.986 move 463 961
199.002 move 460 961
199.018 move 457 961
199.034 move 454 961
199.05 move 451 961
199.066 move 448 961
199.082 move 445 961
199.098 move 442 961
199.114 move 439 961
199.13 move 436 961
199.162 move 433 961
199.178 move 430 961
199.194 move 427 961
199.21 move 424 961
199.242 move 421 961
199.258 move 418 961
199.274 move 415 961
199.29 move 412 961
199.306 move 409 961
199.338 move 406 961
199.354 move 403 961
199.37 move 400 961
199.386 move 397 961
199.418 move 394 961
199.434 move 391 961
199.45 move 388 961
199.466 move 385 961
199.498 move 382 961
199.514 move 379 961
199.546 move 376 961
199.562 move 373 961
199.578 move 370 961
199.594 move 367 961
199.61 move 364 961
199.642 move 361 961
199.658 move 358 961
199.674 move 355 961
199.69 move 356 961
199.882 click 1.3445596 1.7
201.161 enter
201.418 select runs 1
202.842 start 4.0 1.0
202.847 click 3.9974093 0.9967742
203.866 move 867 852
203.881 move 864 852
203.898 move 861 851
203.914 move 858 849
203.93 move 855 847
203.946 move 852 845
203.963 move 849 842
203.978 move 846 840
203.995 move 843 838
204.01 move 840 836
204.026 move 837 833
204.042 move 834 831
204.058 move 831 829
204.074 move 828 826
204.09 move 825 823
204.106 move 822 820
204.122 move 819 817
204.138 move 816 814
204.154 move 813 811
204.17 move 810 808
204.186 move 807 805
204.218 move 804 802
204.234 move 801 799
204.25 move 798 796
204.266 move 795 793
204.282 move 792 790
204.298 move 789 787
204.314 move 786 784
204.33 move 783 781
204.346 move 780 778
204.362 move 777 775
204.378 move 774 772
204.394 move 771 769
204.41 move 771 766
204.426 move 770 763
204.442 move 770 760
204.458 move 769 757
204.474 move 769 754
204.49 move 768 751
204.522 move 767 748
204.538 move 766 745
204.554 move 766 742
204.586 move 765 739
204.618 move 764 736
204.843 click 3.4585493 0.2483871
205.13 move 767 736
205.146 move 770 736
205.162 move 773 736
205.178 move 776 736
205.194 move 779 737
205.21 move 782 737
205.226 move 785 737
205.242 move 788 737
205.258 move 791 737
205.273 move 794 737
205.546 click 3.6139898 0.2548387
206.601 enter
206.763 nextPage
207.866 right
208.314 select dry 8
209.297 phrase valid until the end of the year
210.666 start 4.0 1.0
210.671 move 867 852
210.682 move 864 853
210.698 move 861 854
210.73 move 858 856
210.746 move 855 858
210.762 move 852 861
210.778 move 849 864
210.794 move 846 867
210.826 move 846 870
210.842 move 846 873
210.858 move 846 876
210.874 move 846 879
210.906 move 846 882
210.922 move 846 885
210.938 move 846 888
210.954 move 846 891
210.97 move 846 894
210.986 move 846 897
211.002 move 846 900
211.018 move 846 903
211.034 move 846 906
211.05 move 846 909
211.082 move 846 912
211.098 move 846 915
211.114 move 846 918
211.13 move 846 921
211.162 move 846 924
211.178 move 846 927
211.194 move 846 930
211.21 move 846 933
211.226 move 846 936
211.242 move 846 939
211.258 move 846 942
211.274 move 846 945
211.29 move 846 948
211.307 move 846 951
211.53 click 3.8834195 1.635484
211.69 move 844 951
211.706 move 842 949
211.722 move 839 948
211.738 move 837 947
211.754 move 834 946
211.77 move 831 944
211.786 move 828 943
211.802 move 825 942
211.818 move 822 941
211.834 move 819 939
211.85 move 816 938
211.866 move 813 937
211.882 move 810 936
211.898 move 807 934
211.914 move 804 933
211.93 move 801 932
211.946 move 798 931
211.962 move 795 929
211.978 move 792 928
211.994 move 789 927
212.01 move 786 926
212.026 move 783 924
212.042 move 780 923
212.058 move 777 922
212.074 move 774 921
212.09 move 771 919
212.106 move 768 918
212.122 move 765 917
212.137 move 762 917
212.154 move 759 917
212.17 move 756 917
212.186 move 753 917
212.49 click 3.4015543 1.416129
212.618 move 756 917
212.65 move 759 917
212.666 move 762 917
212.683 move 765 917
212.698 move 768 917
212.73 move 771 917
212.746 move 774 917
212.762 move 777 917
212.778 move 780 917
212.81 move 783 917
212.826 move 786 917
212.842 move 789 917
212.859 move 792 917
212.89 move 795 917
212.906 move 798 917
212.922 move 801 917
212.954 move 804 917
212.97 move 807 917
212.986 move 810 917
213.002 move 813 916
213.018 move 816 916
213.05 move 819 914
213.274 click 3.7435231 1.3967742
214.122 click 3.7435231 1.3967742
214.298 move 816 914
214.314 move 813 914
214.33 move 810 914
214.346 move 807 914
214.362 move 804 914
214.378 move 801 914
214.394 move 798 914
214.41 move 795 914
214.426 move 792 914
214.442 move 789 914
214.458 move 786 914
214.474 move 783 914
214.49 move 780 914
214.506 move 777 914
214.522 move 774 914
214.538 move 771 914
214.554 move 768 914
214.57 move 765 914
214.602 move 762 914
214.873 click 3.4481866 1.3967742
217.242 enter
217.386 right
217.594 right
217.978 select valid 5
218.586 start 4.0 1.0
218.591 move 871 852
218.602 move 874 852
218.618 move 877 852
218.65 move 880 852
218.666 move 883 852
218.682 move 886 852
218.698 move 889 852
218.714 move 892 852
218.73 move 895 852
218.747 move 898 852
218.762 move 901 852
218.778 move 904 852
218.794 move 907 852
218.81 move 910 852
218.826 move 913 852
218.842 move 916 852
218.858 move 919 852
218.874 move 922 852
218.89 move 925 852
218.906 move 928 852
218.922 move 931 852
218.938 move 934 852
218.954 move 937 852
218.986 move 940 852
219.002 move 943 852
219.018 move 946 852
219.034 move 949 852
219.05 move 952 852
219.066 move 955 852
219.082 move 958 852
219.098 move 961 852
219.114 move 964 852
219.13 move 967 852
219.145 move 970 852
219.162 move 973 852
219.178 move 976 852
219.194 move 979 852
219.21 move 982 852
219.226 move 985 852
219.242 move 988 852
219.258 move 991 852
219.274 move 994 852
219.29 move 997 852
219.306 move 1000 852
219.338 move 1003 852
219.354 move 1006 852
219.37 move 1009 852
219.386 move 1012 852
219.402 move 1015 852
219.418 move 1018 852
219.61 click 4.7746115 0.9967742
219.818 move 1018 855
219.835 move 1018 858
219.866 move 1018 861
219.882 move 1018 864
219.898 move 1018 867
219.914 move 1018 870
219.93 move 1018 873
219.962 move 1018 876
219.978 move 1018 879
219.994 move 1018 882
220.01 move 1018 885
220.042 move 1018 888
220.058 move 1018 891
220.075 move 1018 894
220.09 move 1018 897
220.122 move 1018 900
220.138 move 1018 903
220.154 move 1018 906
220.17 move 1018 909
220.202 move 1018 912
220.218 move 1018 915
220.234 move 1018 918
220.249 move 1018 921
220.266 move 1018 924
220.282 move 1018 927
220.298 move 1018 930
220.314 move 1018 933
220.33 move 1018 936
220.346 move 1018 939
220.362 move 1018 942
220.378 move 1018 945
220.394 move 1018 948
220.41 move 1018 951
220.442 move 1018 954
220.457 move 1018 957
220.473 move 1018 960
220.49 move 1018 963
220.506 move 1018 966
220.73 click 4.7746115 1.7322581
221.322 click 4.7746115 1.7322581
221.45 move 1019 966
221.482 move 1020 966
221.498 move 1022 966
221.514 move 1024 966
221.53 move 1027 966
221.546 move 1030 966
221.562 move 1033 966
221.578 move 1036 966
221.594 move 1039 966
221.61 move 1042 966
221.626 move 1045 966
221.642 move 1048 966
221.658 move 1051 966
221.674 move 1054 966
221.69 move 1057 966
221.706 move 1060 966
221.722 move 1063 966
221.754 move 1066 966
221.769 move 1069 966
221.785 move 1072 966
221.802 move 1075 966
221.818 move 1078 966
221.85 move 1081 966
221.866 move 1084 966
221.882 move 1087 966
221.898 move 1090 966
221.914 move 1093 966
221.93 move 1096 966
221.946 move 1099 966
221.962 move 1102 966
221.978 move 1105 966
221.994 move 1108 966
222.01 move 1111 966
222.026 move 1114 966
222.042 move 1117 966
222.058 move 1120 966
222.075 move 1123 966
222.106 move 1126 966
222.122 move 1129 966
222.138 move 1132 966
222.154 move 1135 966
222.17 move 1138 966
222.186 move 1141 966
222.202 move 1144 966
222.218 move 1147 966
222.234 move 1150 966
222.25 move 1153 966
222.266 move 1156 966
222.282 move 1159 966
222.298 move 1162 966
222.314 move 1165 966
222.33 move 1168 966
222.346 move 1171 966
222.363 move 1174 966
222.378 move 1177 966
222.394 move 1180 966
222.41 move 1183 966
222.426 move 1186 966
222.442 move 1189 966
222.458 move 1192 966
222.714 click 5.6761656 1.7322581
222.97 move 1194 966
223.002 move 1197 966
223.018 move 1200 966
223.034 move 1203 966
223.05 move 1206 966
223.082 move 1209 966
223.098 move 1212 966
223.113 move 1215 966
223.129 move 1218 966
223.146 move 1221 966
223.162 move 1224 966
223.178 move 1227 966
223.193 move 1230 966
223.211 move 1233 966
223.242 move 1236 966
223.258 move 1239 966
223.274 move 1242 966
223.29 move 1245 966
223.306 move 1248 966
223.322 move 1251 966
223.338 move 1254 966
223.354 move 1257 966
223.37 move 1260 966
223.402 move 1263 966
223.418 move 1266 966
223.434 move 1269 966
223.45 move 1272 966
223.482 move 1275 966
223.498 move 1278 966
223.514 move 1281 966
223.53 move 1284 966
223.562 move 1287 966
223.578 move 1290 966
223.594 move 1293 966
223.61 move 1296 966
223.642 move 1299 966
223.658 move 1302 966
223.674 move 1305 966
223.69 move 1308 966
223.706 move 1311 966
223.738 move 1314 966
223.754 move 1317 966
223.77 move 1320 966
223.786 move 1323 966
223.818 move 1326 966
223.834 move 1329 966
223.85 move 1332 966
223.866 move 1335 966
223.882 move 1338 966
223.914 move 1341 966
223.93 move 1344 966
223.946 move 1347 966
223.978 move 1350 966
223.994 move 1353 966
224.01 move 1356 966
224.026 move 1359 966
224.042 move 1362 966
224.074 move 1365 966
224.09 move 1368 966
224.106 move 1371 966
224.122 move 1374 966
224.138 move 1377 966
224.154 move 1380 966
224.17 move 1383 966
224.186 move 1386 966
224.218 move 1389 966
224.234 move 1392 966
224.25 move 1395 966
224.266 move 1398 966
224.282 move 1401 966
224.73 click 6.7590675 1.7322581
225.61 enter
225.833 select until 1
226.746 start 4.0 1.0
226.751 click 3.9974093 0.9967742
227.418 click 3.9974093 0.9967742
228.058 click 3.9974093 0.9967742
228.585 enter
228.922 select the 1
229.706 start 4.0 1.0
229.711 click 3.9974093 0.9967742
230.122 move 868 854
230.138 move 868 857
230.154 move 868 860
230.17 move 868 863
230.186 move 868 866
230.202 move 868 869
230.218 move 868 872
230.234 move 868 875
230.25 move 868 878
230.266 move 868 881
230.282 move 868 884
230.298 move 868 887
230.314 move 868 890
230.33 move 868 893
230.346 move 868 896
230.362 move 868 899
230.378 move 868 902
230.394 move 868 905
230.41 move 868 908
230.426 move 868 911
230.442 move 868 914
230.458 move 868 917
230.474 move 868 920
230.49 move 868 923
230.506 move 868 926
230.522 move 868 929
230.538 move 868 932
230.554 move 868 935
230.57 move 868 938
230.586 move 868 941
230.602 move 868 944
230.618 move 868 947
230.634 move 868 950
230.65 move 868 953
230.666 move 868 956
230.682 move 868 959
230.89 click 3.9974093 1.6870968
231.45 click 3.9974093 1.6870968
232.266 enter
232.41 left
232.778 select end 2
233.738 start 4.0 1.0
233.743 move 870 852
233.754 move 872 852
233.77 move 875 852
233.786 move 878 852
233.802 move 881 852
233.818 move 884 852
233.85 move 887 852
233.866 move 890 852
233.882 move 893 852
233.898 move 896 852
233.914 move 899 852
233.93 move 902 852
233.946 move 905 852
233.962 move 908 852
233.978 move 911 852
233.994 move 914 852
234.01 move 917 852
234.025 move 920 852
234.042 move 923 852
234.058 move 926 852
234.09 move 929 852
234.106 move 932 852
234.122 move 935 852
234.138 move 938 852
234.154 move 941 852
234.17 move 944 852
234.186 move 947 852
234.202 move 950 852
234.218 move 953 852
234.234 move 956 852
234.25 move 959 852
234.267 move 962 852
234.282 move 965 852
234.298 move 968 852
234.314 move 971 852
234.33 move 974 852
234.346 move 977 852
234.362 move 980 852
234.378 move 983 852
234.394 move 986 852
234.426 move 989 852
234.442 move 992 852
234.458 move 995 852
234.474 move 998 852
234.49 move 1001 852
234.682 click 4.6865287 0.9967742
234.938 move 998 852
234.954 move 995 852
234.986 move 992 852
235.002 move 989 852
235.018 move 986 852
235.034 move 983 852
235.066 move 980 852
235.082 move 977 852
235.098 move 974 852
235.114 move 971 852
235.402 click 4.531088 0.9967742
235.882 enter
236.234 select of 1
237.05 start 4.0 1.0
237.055 click 3.9974093 0.9967742
237.562 click 3.9974093 0.9967742
238.153 click 3.9974093 0.9967742
239.018 enter
239.29 select the 1
240.138 start 4.0 1.0
240.144 move 869 852
240.154 move 872 852
240.17 move 875 852
240.202 move 878 852
240.218 move 881 852
240.234 move 884 852
240.25 move 887 852
240.282 move 890 852
240.298 move 893 852
240.314 move 896 852
240.33 move 899 852
240.362 move 902 852
240.378 move 905 852
240.394 move 908 852
240.41 move 911 852
240.426 move 914 852
240.442 move 917 852
240.458 move 920 852
240.474 move 923 852
240.49 move 926 852
240.506 move 929 852
240.522 move 932 852
240.538 move 935 852
240.554 move 938 852
240.57 move 941 852
240.586 move 944 852
240.602 move 947 852
240.618 move 950 852
240.634 move 953 852
240.65 move 956 852
240.682 move 959 852
240.698 move 962 852
240.714 move 965 852
240.73 move 968 852
240.762 move 971 852
240.778 move 974 852
240.794 move 977 852
240.81 move 980 852
241.146 click 4.57772 0.9967742
241.45 move 979 852
241.482 move 976 852
241.498 move 973 852
241.514 move 970 852
241.53 move 967 852
241.546 move 964 851
241.562 move 961 851
241.578 move 958 851
241.594 move 955 851
241.61 move 952 850
241.626 move 949 850
241.658 move 946 848
241.674 move 943 846
241.69 move 940 843
241.706 move 937 840
241.722 move 934 837
241.754 move 934 834
241.77 move 934 831
241.786 move 934 828
241.802 move 934 825
241.818 move 934 822
241.834 move 934 819
241.85 move 934 816
241.866 move 934 813
241.882 move 934 810
241.914 move 934 807
241.93 move 934 804
241.946 move 934 801
241.962 move 934 798
241.978 move 934 795
241.994 move 934 792
242.01 move 934 789
242.026 move 934 786
242.042 move 934 783
242.074 move 934 780
242.09 move 934 777
242.106 move 934 774
242.122 move 934 771
242.138 move 934 768
242.154 move 934 765
242.17 move 934 762
242.186 move 934 759
242.202 move 934 756
242.218 move 934 753
242.522 click 4.3393784 0.35806453
242.794 move 931 753
242.81 move 928 753
242.826 move 925 753
242.858 move 922 753
242.874 move 919 753
242.89 move 916 753
242.906 move 913 753
242.922 move 910 753
242.938 move 907 753
242.954 move 904 753
242.97 move 901 753
242.986 move 898 753
243.002 move 895 753
243.034 move 892 753
243.05 move 889 753
243.066 move 886 753
243.082 move 883 753
243.098 move 880 753
243.114 move 877 753
243.13 move 874 754
243.146 move 871 756
243.162 move 868 757
243.194 move 865 758
243.21 move 862 759
243.226 move 859 761
243.242 move 856 762
243.275 move 853 763
243.29 move 850 764
243.306 move 847 766
243.322 move 844 767
243.338 move 841 768
243.354 move 838 769
243.37 move 835 771
243.386 move 832 774
243.402 move 829 777
243.418 move 826 780
243.45 move 823 783
243.465 move 820 786
243.482 move 817 789
243.498 move 814 792
243.53 move 811 795
243.546 move 808 798
243.562 move 805 801
243.578 move 802 804
243.914 click 3.6554403 0.6870967
244.442 move 802 801
244.458 move 802 798
244.474 move 802 795
244.506 move 802 792
244.522 move 802 789
244.538 move 802 786
244.554 move 802 783
244.57 move 802 780
244.602 move 802 777
244.618 move 802 774
244.634 move 802 771
244.65 move 802 768
244.683 move 802 765
244.698 move 802 762
245.065 click 3.6554403 0.41612905
245.914 enter
246.314 select year 1
