0.02 session 1
0.03 phrase rain rain go away
4.0 start 4.0 1.0
4.01 click 3.9974093 0.9967742
4.86 move 867 852
4.88 move 866 852
4.89 move 864 854
4.9 move 862 855
4.91 move 860 857
4.92 move 857 859
4.92 move 853 862
4.93 move 850 864
4.94 move 846 866
4.95 move 842 868
4.96 move 838 870
4.96 move 834 871
4.97 move 830 873
4.98 move 826 874
4.991 move 821 874
5.001 move 817 875
5.001 move 811 876
5.01 move 806 876
5.021 move 801 877
5.031 move 796 877
5.041 move 791 878
5.041 move 787 878
5.05 move 782 878
5.06 move 778 878
5.071 move 774 878
5.081 move 770 878
5.081 move 767 878
5.09 move 764 878
5.1 move 761 878
5.111 move 759 878
5.121 move 756 878
5.121 move 754 878
5.13 move 752 878
5.14 move 750 878
5.151 move 749 878
5.161 move 747 878
5.161 move 746 878
5.17 move 745 878
5.191 move 744 878
5.631 click 3.3549223 1.1645161
6.201 move 745 878
6.201 move 746 878
6.211 move 748 878
6.221 move 750 878
6.231 move 753 878
6.241 move 755 878
6.271 move 759 878
6.271 move 760 879
6.281 move 761 880
6.721 click 3.443005 1.1774193
7.321 move 762 880
7.331 move 764 881
7.341 move 765 882
7.351 move 767 883
7.361 move 769 886
7.361 move 770 888
7.371 move 772 891
7.381 move 774 893
7.391 move 775 896
7.401 move 777 899
7.401 move 778 901
7.411 move 779 904
7.421 move 780 906
7.431 move 781 908
7.441 move 782 911
7.441 move 783 912
7.451 move 784 914
7.461 move 785 916
7.471 move 786 917
7.481 move 787 918
7.481 move 788 920
7.491 move 789 921
7.501 move 790 923
7.511 move 791 924
7.521 move 792 925
7.521 move 793 926
7.531 move 795 927
7.541 move 797 928
7.551 move 798 929
7.561 move 799 929
7.561 move 801 930
7.571 move 802 931
7.581 move 803 932
7.591 move 804 933
7.601 move 805 934
7.601 move 806 935
7.611 move 807 936
7.621 move 808 937
7.631 move 809 939
7.641 move 809 940
7.661 move 812 943
7.671 move 812 945
7.681 move 813 946
7.681 move 813 947
7.691 move 814 948
7.711 move 814 949
7.721 move 815 950
7.731 move 815 951
8.451 click 3.7227979 1.635484
9.151 enter
10.081 right
10.971 select rain 3
12.141 start 4.0 1.0
12.141 click 3.9974093 0.9967742
13.031 move 867 852
13.041 move 865 852
13.041 move 862 852
13.051 move 860 852
13.061 move 856 853
13.071 move 853 853
13.081 move 850 854
13.081 move 846 854
13.091 move 842 855
13.101 move 839 855
13.111 move 836 856
13.121 move 832 856
13.121 move 829 856
13.131 move 826 857
13.141 move 823 857
13.151 move 820 857
13.161 move 817 858
13.161 move 813 858
13.171 move 810 858
13.181 move 807 859
13.191 move 804 859
13.201 move 802 859
13.201 move 799 859
13.211 move 797 859
13.221 move 795 859
13.231 move 793 859
13.241 move 791 859
13.241 move 789 859
13.251 move 787 859
13.261 move 786 859
13.271 move 785 859
13.281 move 784 859
13.281 move 783 859
13.891 move 782 859
13.911 move 781 859
13.921 move 778 859
13.921 move 775 859
13.931 move 770 859
13.941 move 765 859
13.951 move 758 860
13.961 move 752 860
13.961 move 745 861
13.971 move 738 863
13.981 move 731 864
13.991 move 724 866
14.001 move 718 868
14.001 move 712 870
14.011 move 707 871
14.021 move 702 873
14.031 move 697 874
14.041 move 693 875
14.041 move 689 876
14.051 move 685 877
14.061 move 681 877
14.071 move 678 877
14.081 move 674 877
14.081 move 672 877
14.111 move 666 877
14.111 move 664 877
14.121 move 662 877
14.121 move 660 877
14.131 move 658 877
14.141 move 656 878
14.151 move 655 878
14.161 move 654 878
14.161 move 653 878
14.171 move 652 878
14.701 click 2.8782384 1.1645161
16.161 click 2.8782384 1.1645161
16.791 move 653 878
16.801 move 656 879
16.801 move 659 880
16.811 move 662 882
16.821 move 665 884
16.831 move 668 886
16.841 move 670 888
16.841 move 672 890
16.851 move 674 893
16.861 move 677 895
16.871 move 679 897
16.881 move 681 898
16.881 move 684 900
16.891 move 686 902
16.901 move 689 904
16.911 move 691 905
16.921 move 693 907
16.921 move 695 909
16.931 move 697 911
16.941 move 699 913
16.951 move 700 915
16.961 move 702 917
16.961 move 704 919
16.971 move 705 921
16.981 move 708 923
16.991 move 710 924
17.001 move 712 926
17.001 move 715 927
17.011 move 717 928
17.021 move 719 929
17.031 move 721 930
17.041 move 723 930
17.041 move 726 931
17.051 move 728 931
17.061 move 730 931
17.071 move 732 931
17.081 move 734 931
17.081 move 737 931
17.091 move 739 931
17.101 move 742 931
17.111 move 744 931
17.121 move 746 931
17.121 move 749 931
17.131 move 751 931
17.141 move 753 931
17.151 move 755 931
17.161 move 757 931
17.161 move 760 932
17.171 move 762 932
17.181 move 764 932
17.191 move 765 932
17.201 move 767 932
17.201 move 769 932
17.211 move 770 932
17.221 move 771 932
17.241 move 772 932
18.201 click 3.5 1.5129032
19.021 enter
19.782 right
20.962 select rain 3
22.722 start 4.0 1.0
22.732 click 3.9974093 0.9967742
23.692 click 3.9974093 0.9967742
24.812 enter
25.512 right
26.612 right
27.722 select go 5
28.752 start 4.0 1.0
28.752 click 3.9974093 0.9967742
29.582 move 868 851
29.592 move 867 850
29.602 move 865 849
29.612 move 863 847
29.622 move 860 846
29.632 move 858 846
29.632 move 855 845
29.642 move 852 844
29.652 move 849 844
29.662 move 846 844
29.672 move 844 844
29.672 move 841 844
29.682 move 839 844
29.692 move 836 844
29.702 move 832 844
29.712 move 829 844
29.712 move 825 844
29.722 move 821 844
29.732 move 816 844
29.742 move 812 844
29.752 move 807 844
29.752 move 803 844
29.762 move 798 844
29.772 move 793 844
29.782 move 788 844
29.792 move 784 845
29.792 move 779 846
29.802 move 774 847
29.812 move 770 848
29.822 move 765 849
29.832 move 761 850
29.832 move 756 851
29.842 move 752 852
29.852 move 748 852
29.862 move 744 852
29.872 move 740 853
29.872 move 736 853
29.882 move 733 853
29.892 move 729 853
29.902 move 726 853
29.912 move 723 853
29.912 move 721 853
29.922 move 718 853
29.932 move 716 853
29.942 move 713 853
29.952 move 711 853
29.952 move 709 853
29.962 move 708 853
29.972 move 707 853
29.982 move 706 853
29.992 move 705 853
29.992 move 704 853
30.512 move 703 853
30.532 move 701 851
30.542 move 699 849
30.552 move 696 846
30.552 move 693 843
30.562 move 690 841
30.572 move 686 838
30.582 move 682 835
30.592 move 678 832
30.592 move 674 829
30.602 move 669 827
30.612 move 664 825
30.622 move 658 823
30.632 move 653 822
30.632 move 648 821
30.642 move 643 820
30.652 move 639 820
30.662 move 636 818
30.672 move 633 817
30.672 move 630 816
30.682 move 626 814
30.692 move 623 813
30.702 move 620 811
30.712 move 617 810
30.712 move 614 808
30.722 move 611 807
30.732 move 608 805
30.742 move 604 804
30.752 move 601 802
30.752 move 597 800
30.762 move 593 799
30.772 move 590 797
30.782 move 586 796
30.792 move 582 794
30.792 move 577 793
30.802 move 573 792
30.812 move 569 792
30.822 move 564 791
30.832 move 560 790
30.832 move 556 790
30.842 move 553 790
30.852 move 550 789
30.862 move 547 789
30.872 move 544 789
30.872 move 541 789
30.882 move 539 789
30.892 move 537 789
30.902 move 535 789
30.912 move 534 789
30.912 move 533 789
30.922 move 532 789
30.932 move 531 789
31.472 move 530 789
31.502 move 530 788
31.512 move 529 785
31.512 move 527 782
31.522 move 526 779
31.532 move 524 775
31.542 move 522 773
31.552 move 520 771
31.552 move 519 769
31.562 move 517 768
31.572 move 516 767
31.582 move 515 766
31.592 move 513 765
31.592 move 512 764
31.602 move 509 762
31.612 move 507 760
31.622 move 504 758
31.632 move 501 756
31.632 move 498 754
31.642 move 494 752
31.652 move 491 750
31.662 move 488 749
31.672 move 485 747
31.672 move 481 746
31.682 move 478 745
31.692 move 474 744
31.702 move 471 744
31.712 move 468 743
31.712 move 464 742
31.722 move 461 742
31.732 move 458 741
31.742 move 455 741
31.752 move 452 740
31.752 move 449 740
31.762 move 446 739
31.772 move 443 739
31.782 move 440 738
31.792 move 437 738
31.792 move 434 737
31.802 move 430 737
31.812 move 427 736
31.822 move 423 735
31.832 move 419 734
31.832 move 415 734
31.842 move 412 733
31.852 move 408 732
31.862 move 405 732
31.872 move 401 731
31.872 move 398 731
31.882 move 395 730
31.892 move 391 730
31.902 move 388 730
31.912 move 385 730
31.912 move 382 730
31.922 move 379 730
31.932 move 376 730
31.942 move 374 730
31.952 move 371 730
31.952 move 369 730
31.962 move 367 730
31.972 move 365 730
31.982 move 364 730
31.992 move 362 730
31.992 move 361 730
32.002 move 360 730
32.012 move 359 730
32.022 move 358 730
32.482 move 357 731
32.492 move 357 733
32.502 move 356 735
32.512 move 355 737
32.512 move 354 739
32.522 move 353 740
32.532 move 353 741
32.542 move 352 742
32.552 move 351 742
32.552 move 350 743
32.562 move 349 743
32.572 move 348 744
32.582 move 347 745
32.592 move 346 746
32.592 move 344 747
32.602 move 342 748
32.612 move 341 750
32.622 move 339 751
32.632 move 337 752
32.632 move 336 753
32.642 move 334 755
32.652 move 333 756
32.662 move 332 756
32.672 move 332 757
32.672 move 331 758
32.952 click 1.2150259 0.39032257
33.762 move 330 758
33.772 move 330 757
33.782 move 328 755
33.792 move 326 754
33.792 move 324 754
33.802 move 322 754
33.812 move 321 754
33.822 move 320 754
33.832 move 318 754
33.832 move 317 755
33.842 move 315 756
33.852 move 314 758
33.862 move 311 760
33.872 move 309 761
33.872 move 307 763
33.882 move 304 765
33.892 move 302 767
33.902 move 299 769
33.912 move 297 772
33.912 move 294 774
33.922 move 291 777
33.932 move 288 780
33.942 move 286 783
33.952 move 283 785
33.952 move 281 787
33.962 move 278 788
33.972 move 276 789
33.982 move 274 790
33.992 move 271 790
33.992 move 268 791
34.002 move 265 791
34.012 move 262 792
34.023 move 259 793
34.033 move 255 794
34.033 move 251 795
34.042 move 248 797
34.052 move 244 799
34.063 move 241 801
34.073 move 237 803
34.073 move 234 805
34.082 move 230 807
34.092 move 227 809
34.103 move 224 811
34.113 move 220 813
34.113 move 217 815
34.122 move 214 816
34.132 move 211 818
34.143 move 208 819
34.153 move 205 821
34.153 move 203 822
34.162 move 200 823
34.172 move 198 824
34.183 move 196 825
34.193 move 194 825
34.193 move 192 826
34.202 move 191 826
34.212 move 189 827
34.223 move 188 827
34.233 move 187 828
34.233 move 186 828
34.242 move 185 828
34.252 move 184 829
34.263 move 183 829
34.933 click 0.44818652 0.8483871
35.363 move 185 828
35.373 move 187 826
35.383 move 190 825
35.393 move 192 823
35.393 move 195 821
35.403 move 198 820
35.413 move 200 819
35.423 move 203 818
35.433 move 206 817
35.433 move 208 816
35.443 move 210 815
35.453 move 213 815
35.463 move 215 814
35.473 move 218 813
35.473 move 221 812
35.483 move 224 811
35.493 move 227 810
35.503 move 230 809
35.513 move 234 808
35.513 move 237 806
35.523 move 240 805
35.533 move 244 804
35.543 move 248 803
35.553 move 252 803
35.553 move 257 802
35.563 move 261 801
35.573 move 266 801
35.583 move 271 800
35.593 move 275 800
35.593 move 280 799
35.603 move 284 799
35.613 move 289 798
35.623 move 294 798
35.633 move 299 797
35.633 move 305 797
35.643 move 310 797
35.653 move 316 797
35.663 move 322 797
35.673 move 328 796
35.673 move 334 796
35.683 move 340 796
35.693 move 345 796
35.703 move 350 796
35.713 move 354 796
35.713 move 359 796
35.723 move 363 796
35.733 move 367 796
35.743 move 371 796
35.753 move 375 796
35.753 move 379 796
35.763 move 382 796
35.773 move 385 796
35.783 move 389 796
35.793 move 392 796
35.793 move 395 796
35.803 move 398 796
35.813 move 401 796
35.823 move 405 796
35.833 move 408 796
35.833 move 411 796
35.843 move 414 796
35.853 move 418 796
35.863 move 421 796
35.873 move 425 796
35.873 move 429 796
35.883 move 433 796
35.893 move 437 796
35.903 move 441 796
35.913 move 445 796
35.913 move 449 795
35.923 move 453 795
35.933 move 458 795
35.943 move 462 795
35.953 move 466 795
35.953 move 470 795
35.963 move 475 795
35.973 move 479 795
35.983 move 483 795
35.993 move 487 795
35.993 move 491 795
36.003 move 495 795
36.013 move 499 795
36.023 move 503 795
36.033 move 506 795
36.033 move 509 795
36.043 move 512 795
36.053 move 515 794
36.063 move 518 794
36.073 move 520 794
36.073 move 522 794
36.083 move 524 794
36.093 move 526 794
36.103 move 528 794
36.113 move 529 794
36.113 move 530 794
36.123 move 531 794
36.133 move 532 794
36.843 move 533 793
36.853 move 534 792
36.863 move 536 791
36.873 move 539 789
36.873 move 541 789
36.883 move 544 789
36.893 move 547 789
36.903 move 551 789
36.913 move 554 789
36.913 move 558 789
36.923 move 562 788
36.933 move 567 788
36.943 move 572 787
36.953 move 577 786
36.953 move 582 785
36.963 move 587 784
36.973 move 591 783
36.983 move 596 783
36.993 move 602 783
36.993 move 608 783
37.003 move 614 783
37.013 move 621 783
37.023 move 627 783
37.033 move 634 783
37.033 move 641 783
37.043 move 648 783
37.053 move 654 783
37.063 move 662 782
37.073 move 670 782
37.073 move 678 781
37.083 move 687 781
37.093 move 696 781
37.103 move 705 781
37.113 move 713 781
37.113 move 721 781
37.123 move 729 781
37.133 move 736 781
37.143 move 743 781
37.153 move 750 781
37.153 move 757 781
37.163 move 763 781
37.173 move 770 782
37.183 move 777 783
37.193 move 783 783
37.193 move 790 783
37.203 move 796 784
37.213 move 802 784
37.223 move 808 784
37.233 move 814 784
37.233 move 820 784
37.243 move 825 784
37.253 move 831 784
37.263 move 836 784
37.273 move 842 784
37.273 move 847 784
37.283 move 852 784
37.293 move 856 784
37.303 move 861 784
37.313 move 865 784
37.313 move 869 784
37.323 move 873 784
37.333 move 877 784
37.343 move 881 784
37.353 move 885 784
37.353 move 888 784
37.363 move 891 784
37.373 move 894 784
37.383 move 897 784
37.393 move 899 784
37.393 move 902 784
37.403 move 904 784
37.413 move 906 784
37.423 move 908 784
37.433 move 909 784
37.433 move 910 784
37.443 move 912 784
37.453 move 913 784
37.473 move 914 784
38.353 click 4.235751 0.55806446
39.233 enter
40.013 select away 1
41.753 phrase the library is closed today
43.353 start 4.0 1.0
43.363 click 3.9974093 0.9967742
44.253 click 3.9974093 0.9967742
44.643 click 3.9974093 0.9967742
45.353 enter
45.933 select the 1
46.513 start 4.0 1.0
46.523 move 869 852
46.523 move 870 852
46.533 move 872 852
46.543 move 875 852
46.553 move 878 852
46.553 move 882 852
46.563 move 886 852
46.573 move 889 852
46.583 move 892 852
46.593 move 895 853
46.593 move 898 853
46.603 move 901 853
46.613 move 903 853
46.623 move 906 854
46.633 move 909 854
46.633 move 912 854
46.643 move 915 854
46.653 move 918 854
46.663 move 921 854
46.673 move 924 854
46.673 move 927 854
46.683 move 930 854
46.693 move 932 854
46.703 move 935 854
46.713 move 939 854
46.713 move 942 854
46.723 move 946 854
46.733 move 949 854
46.743 move 953 854
46.753 move 958 854
46.753 move 962 854
46.763 move 966 854
46.773 move 971 855
46.783 move 975 855
46.793 move 980 856
46.793 move 985 857
46.803 move 989 857
46.813 move 993 858
46.823 move 997 858
46.833 move 1000 858
46.833 move 1003 858
46.843 move 1006 858
46.853 move 1009 858
46.863 move 1012 858
46.873 move 1014 858
46.873 move 1016 858
46.883 move 1018 858
46.893 move 1020 858
46.903 move 1021 858
46.913 move 1023 858
46.913 move 1024 858
46.933 move 1025 858
47.613 click 4.8108807 1.0354838
48.313 move 1026 858
48.323 move 1028 858
48.333 move 1031 858
48.343 move 1035 857
48.353 move 1040 855
48.353 move 1045 854
48.363 move 1051 852
48.373 move 1057 851
48.383 move 1062 850
48.393 move 1067 848
48.393 move 1072 847
48.403 move 1076 846
48.413 move 1080 845
48.423 move 1083 843
48.433 move 1086 842
48.433 move 1090 841
48.443 move 1093 840
48.453 move 1096 839
48.463 move 1098 837
48.473 move 1101 836
48.473 move 1104 835
48.483 move 1106 833
48.493 move 1109 832
48.503 move 1112 830
48.513 move 1114 829
48.513 move 1117 828
48.523 move 1120 826
48.534 move 1123 825
48.544 move 1127 824
48.553 move 1130 823
48.553 move 1134 823
48.563 move 1137 822
48.574 move 1141 822
48.584 move 1145 821
48.593 move 1150 821
48.593 move 1154 821
48.603 move 1158 820
48.613 move 1163 820
48.623 move 1167 820
48.633 move 1172 820
48.633 move 1176 820
48.643 move 1181 820
48.654 move 1185 820
48.664 move 1190 820
48.673 move 1194 820
48.673 move 1198 820
48.683 move 1201 820
48.693 move 1205 820
48.704 move 1208 820
48.713 move 1211 820
48.713 move 1215 820
48.723 move 1217 820
48.734 move 1220 820
48.744 move 1223 820
48.754 move 1226 820
48.754 move 1228 820
48.763 move 1230 820
48.774 move 1232 820
48.784 move 1234 820
48.794 move 1236 820
48.794 move 1237 820
48.804 move 1238 820
48.814 move 1239 820
48.824 move 1240 820
48.834 move 1241 820
49.474 click 5.930052 0.79032254
50.734 move 1240 821
50.744 move 1239 822
50.754 move 1237 824
50.754 move 1235 825
50.764 move 1233 826
50.774 move 1231 826
50.784 move 1230 827
50.794 move 1229 827
50.794 move 1228 828
50.804 move 1227 829
50.814 move 1225 831
50.824 move 1224 833
50.834 move 1222 835
50.834 move 1220 837
50.844 move 1218 839
50.854 move 1217 840
50.864 move 1215 842
50.874 move 1213 843
50.874 move 1210 845
50.884 move 1207 847
50.894 move 1204 849
50.904 move 1200 851
50.914 move 1196 853
50.914 move 1191 856
50.924 move 1187 859
50.934 move 1183 862
50.944 move 1179 866
50.954 move 1175 870
50.954 move 1171 875
50.964 move 1168 879
50.974 move 1165 884
50.984 move 1163 889
50.994 move 1161 894
50.994 move 1159 899
51.004 move 1157 903
51.014 move 1156 907
51.024 move 1154 911
51.034 move 1153 914
51.034 move 1152 918
51.044 move 1151 921
51.054 move 1149 923
51.064 move 1148 926
51.074 move 1147 928
51.074 move 1146 930
51.084 move 1145 932
51.094 move 1144 934
51.104 move 1144 936
51.114 move 1143 937
51.114 move 1143 938
51.124 move 1142 938
51.134 move 1142 939
52.914 click 5.411917 1.5645161
54.004 click 5.411917 1.5645161
54.864 click 5.411917 1.5645161
55.514 click 5.411917 1.5645161
56.274 click 5.411917 1.5645161
56.984 enter
57.704 select library 1
58.264 start 4.0 1.0
58.274 move 870 852
58.274 move 873 852
58.284 move 878 851
58.294 move 883 850
58.304 move 888 848
58.304 move 893 847
58.314 move 899 845
58.324 move 903 844
58.334 move 908 843
58.344 move 913 842
58.344 move 917 841
58.354 move 922 840
58.364 move 927 839
58.374 move 932 839
58.384 move 938 838
58.384 move 943 837
58.394 move 949 837
58.404 move 954 837
58.414 move 959 837
58.424 move 965 837
58.424 move 970 837
58.434 move 977 837
58.444 move 983 837
58.454 move 989 837
58.464 move 995 837
58.464 move 1002 837
58.474 move 1008 837
58.484 move 1014 837
58.494 move 1020 837
58.504 move 1026 837
58.504 move 1032 837
58.534 move 1050 837
58.544 move 1056 837
58.544 move 1062 837
58.554 move 1067 837
58.564 move 1072 837
58.574 move 1076 837
58.584 move 1080 837
58.584 move 1084 837
58.594 move 1088 837
58.604 move 1092 837
58.614 move 1095 837
58.624 move 1098 837
58.624 move 1101 837
58.634 move 1104 837
58.644 move 1107 837
58.654 move 1109 837
58.664 move 1111 837
58.664 move 1113 837
58.674 move 1114 837
58.684 move 1116 837
58.694 move 1117 837
58.714 move 1118 837
59.264 click 5.292746 0.9
59.824 move 1116 837
59.834 move 1114 838
59.844 move 1111 839
59.854 move 1108 841
59.864 move 1104 843
59.864 move 1099 846
59.874 move 1095 849
59.884 move 1090 852
59.894 move 1085 855
59.904 move 1081 859
59.904 move 1077 862
59.914 move 1073 865
59.924 move 1069 867
59.934 move 1065 870
59.944 move 1062 872
59.944 move 1059 874
59.954 move 1055 875
59.964 move 1052 877
59.974 move 1048 878
59.984 move 1045 879
59.984 move 1041 880
59.994 move 1038 880
60.004 move 1035 881
60.014 move 1031 882
60.024 move 1028 883
60.024 move 1025 884
60.034 move 1023 884
60.044 move 1020 884
60.054 move 1018 884
60.064 move 1016 884
60.064 move 1014 884
60.074 move 1013 884
60.084 move 1011 884
60.094 move 1010 884
60.104 move 1009 884
60.124 move 1008 884
60.784 click 4.722798 1.2032259
61.574 enter
62.364 left
63.385 select is 2
65.045 start 4.0 1.0
65.045 move 868 853
65.075 move 867 854
65.085 move 867 856
65.095 move 867 858
65.105 move 867 860
65.105 move 866 862
65.115 move 866 865
65.125 move 865 868
65.135 move 864 871
65.145 move 863 874
65.145 move 862 877
65.155 move 862 879
65.165 move 861 882
65.175 move 861 884
65.185 move 860 886
65.185 move 860 888
65.195 move 860 890
65.205 move 860 892
65.215 move 859 894
65.225 move 859 896
65.225 move 859 899
65.235 move 859 901
65.245 move 859 904
65.255 move 858 906
65.265 move 858 909
65.265 move 858 911
65.275 move 858 913
65.285 move 857 915
65.295 move 857 917
65.305 move 856 918
65.305 move 856 919
65.875 move 855 919
65.885 move 854 919
65.895 move 853 919
65.905 move 851 919
65.905 move 849 919
65.915 move 846 920
65.925 move 843 922
65.935 move 840 923
65.945 move 838 926
65.945 move 835 928
65.955 move 832 931
65.965 move 830 933
65.975 move 827 936
65.985 move 824 938
65.985 move 821 940
65.995 move 818 942
66.005 move 815 945
66.015 move 812 947
66.025 move 809 949
66.025 move 806 951
66.035 move 802 954
66.045 move 799 957
66.055 move 796 959
66.065 move 792 962
66.065 move 789 964
66.075 move 785 966
66.085 move 782 968
66.095 move 779 970
66.105 move 776 971
66.105 move 773 973
66.115 move 770 974
66.125 move 768 975
66.135 move 766 976
66.145 move 763 976
66.145 move 761 977
66.155 move 760 977
66.165 move 758 977
66.175 move 757 977
66.185 move 755 977
66.185 move 754 977
66.205 move 753 977
66.845 click 3.4015543 1.8032258
68.115 click 3.4015543 1.8032258
69.035 click 3.4015543 1.8032258
69.715 move 752 978
69.735 move 751 978
69.745 move 750 979
69.745 move 749 979
69.755 move 748 980
70.755 click 3.3186529 1.816129
71.615 move 736 979
71.625 move 735 978
71.625 move 732 977
71.635 move 728 975
71.645 move 724 973
71.655 move 718 972
71.665 move 713 970
71.665 move 708 968
71.675 move 703 967
71.685 move 698 965
71.695 move 694 964
71.705 move 690 962
71.705 move 686 961
71.715 move 682 961
71.725 move 677 961
71.735 move 672 961
71.745 move 667 961
71.745 move 662 961
71.755 move 656 961
71.765 move 651 961
71.775 move 646 962
71.785 move 641 962
71.785 move 636 963
71.795 move 631 963
71.805 move 626 963
71.815 move 622 964
71.825 move 618 964
71.825 move 614 964
71.835 move 610 964
71.845 move 606 964
71.855 move 602 964
71.865 move 599 964
71.865 move 595 964
71.875 move 592 964
71.885 move 589 964
71.895 move 586 964
71.905 move 584 964
71.905 move 581 964
71.915 move 579 964
71.925 move 577 964
71.935 move 575 964
71.945 move 573 964
71.945 move 572 964
71.955 move 570 964
71.965 move 569 964
71.975 move 568 964
71.985 move 567 964
72.805 click 2.4378238 1.7193549
73.555 click 2.4378238 1.7193549
74.485 enter
75.075 left
76.025 select closed 2
77.085 start 4.0 1.0
77.085 click 3.9974093 0.9967742
78.006 click 3.9974093 0.9967742
78.846 click 3.9974093 0.9967742
79.706 move 867 852
79.706 move 864 852
79.716 move 861 850
79.726 move 857 849
79.736 move 853 848
79.746 move 848 848
79.746 move 843 848
79.756 move 839 848
79.766 move 834 848
79.776 move 830 848
79.786 move 825 848
79.786 move 820 848
79.796 move 815 848
79.806 move 810 848
79.816 move 805 849
79.826 move 800 850
79.826 move 795 851
79.836 move 790 853
79.846 move 786 855
79.856 move 781 857
79.866 move 777 858
79.866 move 773 860
79.876 move 768 862
79.886 move 764 864
79.896 move 760 865
79.906 move 756 867
79.906 move 753 868
79.916 move 749 869
79.926 move 745 869
79.936 move 742 870
79.946 move 739 870
79.946 move 736 870
79.956 move 733 870
79.966 move 730 870
79.976 move 728 870
79.986 move 726 870
79.986 move 724 870
79.996 move 723 870
80.006 move 722 870
80.016 move 721 870
80.026 move 720 870
80.476 click 3.2305698 1.1129032
81.076 move 721 870
81.086 move 723 869
81.096 move 726 867
81.096 move 729 865
81.106 move 733 863
81.116 move 737 861
81.126 move 740 859
81.136 move 744 857
81.146 move 748 855
81.146 move 752 852
81.156 move 756 850
81.166 move 760 848
81.176 move 764 846
81.186 move 768 844
81.186 move 772 842
81.196 move 777 840
81.206 move 782 837
81.216 move 788 834
81.226 move 794 832
81.226 move 801 829
81.236 move 808 825
81.246 move 816 822
81.256 move 825 818
81.266 move 834 815
81.266 move 843 812
81.276 move 853 809
81.286 move 862 808
81.296 move 872 806
81.306 move 882 805
81.306 move 892 805
81.316 move 901 804
81.326 move 911 804
81.336 move 920 804
81.336 move 929 803
81.346 move 938 803
81.356 move 947 803
81.366 move 955 803
81.376 move 963 803
81.376 move 971 803
81.386 move 979 803
81.396 move 986 803
81.406 move 993 803
81.416 move 1000 803
81.426 move 1007 803
81.426 move 1014 803
81.436 move 1020 803
81.446 move 1026 803
81.456 move 1033 803
81.456 move 1039 803
81.466 move 1045 803
81.476 move 1051 803
81.486 move 1056 803
81.496 move 1062 803
81.506 move 1067 803
81.506 move 1072 803
81.516 move 1076 803
81.526 move 1081 803
81.536 move 1085 803
81.536 move 1089 803
81.546 move 1093 802
81.556 move 1097 802
81.566 move 1101 802
81.576 move 1104 802
81.586 move 1107 802
81.586 move 1110 802
81.596 move 1113 802
81.606 move 1116 802
81.616 move 1118 802
81.616 move 1121 802
81.626 move 1123 802
81.636 move 1125 802
81.646 move 1127 802
81.656 move 1128 802
81.656 move 1129 802
81.666 move 1130 802
81.676 move 1131 802
81.686 move 1132 802
81.696 move 1133 802
81.946 move 1133 801
81.946 move 1133 800
81.956 move 1133 798
81.966 move 1132 794
81.976 move 1131 791
81.976 move 1130 788
81.986 move 1129 784
81.996 move 1129 781
82.006 move 1128 779
82.016 move 1127 776
82.016 move 1126 773
82.026 move 1125 771
82.036 move 1124 769
82.046 move 1123 766
82.056 move 1122 764
82.056 move 1121 761
82.066 move 1119 758
82.076 move 1117 755
82.086 move 1115 752
82.096 move 1113 748
82.096 move 1111 745
82.106 move 1109 741
82.116 move 1106 738
82.126 move 1104 735
82.136 move 1102 732
82.136 move 1100 730
82.146 move 1098 728
82.156 move 1096 726
82.166 move 1094 724
82.176 move 1093 723
82.176 move 1091 722
82.186 move 1090 721
82.196 move 1090 720
82.206 move 1089 720
82.216 move 1088 720
82.836 click 5.1373057 0.14516127
83.536 enter
84.006 select today 1
85.566 phrase taking the train is usually faster
87.486 start 4.0 1.0
87.486 click 3.9974093 0.9967742
88.286 move 868 851
88.296 move 866 849
88.306 move 864 847
88.316 move 861 846
88.326 move 858 844
88.336 move 855 843
88.336 move 851 842
88.346 move 848 841
88.356 move 844 841
88.366 move 840 841
88.376 move 835 841
88.376 move 829 841
88.386 move 823 841
88.396 move 817 841
88.406 move 810 841
88.416 move 804 842
88.416 move 797 843
88.426 move 791 846
88.436 move 784 848
88.446 move 777 851
88.456 move 771 855
88.456 move 764 858
88.466 move 758 861
88.476 move 751 865
88.486 move 745 869
88.496 move 739 873
88.496 move 734 877
88.506 move 729 880
88.516 move 724 883
88.526 move 719 885
88.536 move 715 887
88.536 move 711 890
88.546 move 707 891
88.556 move 704 893
88.566 move 700 895
88.576 move 697 896
88.576 move 694 897
88.586 move 690 898
88.596 move 688 899
88.606 move 685 900
88.616 move 683 900
88.616 move 680 901
88.626 move 678 901
88.636 move 676 901
88.646 move 675 901
88.656 move 673 901
88.656 move 672 901
88.666 move 671 901
88.686 move 670 901
89.026 click 2.9715025 1.3129033
89.376 move 671 900
89.386 move 673 898
89.396 move 676 896
89.406 move 680 894
89.416 move 684 892
89.416 move 688 890
89.426 move 692 888
89.436 move 696 887
89.446 move 700 886
89.456 move 704 885
89.456 move 708 885
89.466 move 713 884
89.476 move 717 883
89.486 move 721 883
89.496 move 726 882
89.496 move 730 882
89.506 move 734 882
89.516 move 738 882
89.526 move 742 882
89.536 move 747 882
89.536 move 750 882
89.546 move 754 882
89.556 move 758 882
89.566 move 761 882
89.576 move 765 882
89.576 move 768 882
89.586 move 771 882
89.596 move 773 882
89.606 move 776 882
89.616 move 778 882
89.616 move 779 883
89.626 move 781 883
89.636 move 782 883
90.146 click 3.5518136 1.1967742
90.696 move 783 883
90.706 move 784 882
90.716 move 786 879
90.726 move 789 875
90.736 move 793 872
90.736 move 797 867
90.746 move 801 863
90.756 move 805 858
90.766 move 809 854
90.776 move 812 850
90.776 move 816 846
90.786 move 820 843
90.796 move 824 839
90.806 move 828 836
90.816 move 833 833
90.816 move 839 829
90.826 move 844 824
90.836 move 850 820
90.846 move 856 815
90.856 move 863 810
90.856 move 869 805
90.866 move 874 801
90.876 move 880 798
90.886 move 886 795
90.896 move 892 792
90.896 move 897 790
90.906 move 903 788
90.916 move 907 786
90.926 move 912 784
90.936 move 915 782
90.936 move 919 781
90.946 move 922 780
90.956 move 925 779
90.966 move 929 779
90.976 move 933 778
90.976 move 937 778
90.986 move 941 778
90.996 move 945 777
91.006 move 950 777
91.016 move 954 777
91.016 move 958 777
91.026 move 962 777
91.036 move 966 777
91.046 move 970 777
91.056 move 973 777
91.056 move 976 777
91.066 move 979 777
91.076 move 982 777
91.086 move 985 777
91.096 move 987 777
91.096 move 990 777
91.106 move 992 777
91.116 move 994 777
91.126 move 996 777
91.136 move 997 777
91.136 move 999 777
91.146 move 1000 777
91.156 move 1001 777
91.166 move 1002 777
91.526 move 1003 776
91.536 move 1003 774
91.536 move 1004 771
91.546 move 1006 768
91.556 move 1007 764
91.566 move 1008 760
91.576 move 1010 757
91.576 move 1010 754
91.586 move 1011 751
91.596 move 1012 749
91.606 move 1012 747
91.616 move 1013 744
91.616 move 1014 742
91.626 move 1016 740
91.636 move 1017 737
91.646 move 1019 734
91.656 move 1021 731
91.656 move 1023 728
91.666 move 1025 725
91.676 move 1027 722
91.686 move 1029 719
91.696 move 1031 716
91.696 move 1033 714
91.706 move 1034 712
91.716 move 1036 711
91.726 move 1038 710
91.736 move 1039 709
91.736 move 1040 709
91.746 move 1041 709
91.756 move 1042 709
91.766 move 1043 709
91.786 move 1044 709
92.487 click 4.9093266 0.07419354
93.507 click 4.9093266 0.07419354
94.347 click 4.9093266 0.07419354
94.917 enter
95.497 left
96.357 select taking 2
96.947 start 4.0 1.0
96.957 click 3.9974093 0.9967742
98.117 click 3.9974093 0.9967742
98.777 click 3.9974093 0.9967742
99.387 enter
99.857 select the 1
100.537 start 4.0 1.0
100.537 click 3.9974093 0.9967742
101.287 move 867 852
101.297 move 866 851
101.307 move 864 848
101.317 move 862 845
101.327 move 859 842
101.337 move 856 838
101.337 move 853 834
101.347 move 851 830
101.357 move 848 826
101.367 move 845 821
101.377 move 843 815
101.377 move 842 811
101.387 move 840 807
101.397 move 838 803
101.407 move 837 800
101.417 move 835 798
101.417 move 834 796
101.427 move 832 794
101.437 move 830 792
101.447 move 828 790
101.457 move 826 788
101.457 move 823 785
101.467 move 819 783
101.477 move 816 781
101.487 move 812 779
101.497 move 808 777
101.497 move 804 776
101.507 move 800 774
101.517 move 796 774
101.527 move 792 773
101.537 move 788 773
101.537 move 784 773
101.547 move 780 773
101.557 move 776 773
101.567 move 772 773
101.577 move 768 773
101.577 move 765 773
101.587 move 761 773
101.597 move 758 773
101.607 move 755 773
101.617 move 752 773
101.617 move 750 773
101.627 move 747 773
101.637 move 745 773
101.647 move 743 773
101.657 move 742 773
101.657 move 740 773
101.667 move 739 773
101.677 move 738 773
101.687 move 737 773
102.437 click 3.3186529 0.4870968
103.097 move 736 773
103.117 move 736 775
103.127 move 734 777
103.137 move 733 781
103.137 move 730 785
103.147 move 728 789
103.157 move 726 792
103.167 move 724 796
103.177 move 722 799
103.177 move 720 802
103.187 move 717 805
103.197 move 715 808
103.207 move 713 810
103.217 move 711 813
103.217 move 709 815
103.227 move 706 818
103.237 move 704 819
103.247 move 701 821
103.257 move 699 822
103.257 move 696 822
103.267 move 693 823
103.277 move 691 823
103.287 move 688 824
103.297 move 686 824
103.297 move 684 824
103.307 move 681 824
103.317 move 679 824
103.327 move 677 824
103.337 move 675 824
103.337 move 674 824
103.347 move 672 824
103.357 move 671 824
103.367 move 670 824
103.377 move 669 824
103.387 move 668 824
103.947 click 2.96114 0.8161291
104.357 move 669 824
104.367 move 671 824
104.377 move 674 824
104.377 move 678 824
104.387 move 682 823
104.397 move 686 823
104.407 move 691 822
104.417 move 695 821
104.417 move 700 820
104.427 move 704 819
104.437 move 708 817
104.447 move 712 816
104.457 move 717 815
104.457 move 722 813
104.467 move 727 812
104.477 move 732 810
104.487 move 736 809
104.497 move 741 807
104.497 move 746 806
104.507 move 750 804
104.517 move 754 803
104.527 move 758 802
104.537 move 761 801
104.537 move 764 799
104.547 move 766 798
104.557 move 769 797
104.567 move 770 797
104.577 move 772 796
104.577 move 773 796
104.587 move 774 796
104.597 move 775 796
104.607 move 776 796
105.177 click 3.5207253 0.63548386
105.917 click 3.5207253 0.63548386
106.457 enter
109.258 left
110.248 select train 2
111.188 start 4.0 1.0
111.198 move 869 852
111.198 move 872 852
111.208 move 876 852
111.218 move 881 852
111.218 move 887 851
111.228 move 893 851
111.238 move 900 851
111.248 move 907 851
111.248 move 914 850
111.258 move 921 850
111.268 move 927 849
111.278 move 934 849
111.288 move 940 848
111.288 move 945 847
111.298 move 951 847
111.308 move 956 846
111.318 move 960 845
111.328 move 965 845
111.338 move 969 845
111.338 move 973 845
111.348 move 977 844
111.358 move 981 844
111.368 move 984 844
111.368 move 987 844
111.378 move 990 844
111.388 move 992 844
111.398 move 995 844
111.408 move 997 844
111.408 move 999 844
111.418 move 1000 844
111.428 move 1002 844
111.438 move 1003 844
111.448 move 1004 844
112.208 click 4.7020726 0.94516134
113.128 click 4.7020726 0.94516134
113.868 enter
114.308 left
115.278 select is 2
116.628 start 4.0 1.0
116.638 move 868 851
116.638 move 871 848
116.648 move 874 844
116.648 move 879 840
116.658 move 884 836
116.668 move 890 833
116.678 move 895 830
116.688 move 901 828
116.688 move 906 826
116.698 move 911 825
116.708 move 915 823
116.718 move 921 821
116.728 move 926 820
116.728 move 932 818
116.738 move 938 816
116.748 move 943 814
116.758 move 949 811
116.768 move 955 809
116.768 move 961 806
116.778 move 967 804
116.788 move 973 802
116.798 move 980 800
116.808 move 986 798
116.808 move 993 796
116.818 move 999 794
116.828 move 1005 793
116.838 move 1011 792
116.848 move 1017 791
116.848 move 1022 790
116.858 move 1026 789
116.868 move 1031 789
116.878 move 1035 788
116.888 move 1040 788
116.888 move 1044 788
116.898 move 1047 788
116.908 move 1051 788
116.918 move 1054 788
116.928 move 1057 788
116.928 move 1060 788
116.938 move 1063 788
116.948 move 1065 787
116.958 move 1068 787
116.968 move 1070 787
116.968 move 1072 787
116.978 move 1074 787
116.988 move 1075 787
116.998 move 1077 787
117.008 move 1078 787
117.018 move 1079 787
117.028 move 1080 787
117.718 click 5.0958548 0.5774194
118.648 click 5.0958548 0.5774194
119.248 move 1080 790
119.248 move 1083 794
119.258 move 1087 799
119.268 move 1091 804
119.278 move 1096 808
119.288 move 1101 811
119.288 move 1107 814
119.298 move 1112 815
119.308 move 1116 816
119.318 move 1121 817
119.328 move 1125 817
119.328 move 1129 817
119.338 move 1134 816
119.348 move 1137 815
119.358 move 1141 814
119.368 move 1145 812
119.368 move 1148 811
119.378 move 1152 809
119.388 move 1155 807
119.398 move 1159 806
119.408 move 1161 805
119.408 move 1164 804
119.418 move 1166 803
119.428 move 1168 803
119.438 move 1170 802
119.448 move 1171 802
119.448 move 1173 801
119.468 move 1174 801
119.468 move 1175 800
119.488 move 1176 800
120.328 click 5.593264 0.6612903
121.339 click 5.593264 0.6612903
121.919 move 1177 799
121.929 move 1179 796
121.929 move 1183 792
121.939 move 1187 787
121.949 move 1192 782
121.959 move 1197 777
121.969 move 1202 772
121.969 move 1207 769
121.979 move 1212 767
121.989 move 1216 767
121.999 move 1221 767
122.009 move 1225 768
122.009 move 1231 771
122.019 move 1236 775
122.029 move 1242 780
122.039 move 1247 785
122.049 move 1253 790
122.049 move 1260 794
122.059 move 1266 797
122.069 move 1272 800
122.079 move 1278 801
122.089 move 1283 802
122.089 move 1289 803
122.099 move 1294 804
122.109 move 1299 804
122.119 move 1304 805
122.129 move 1308 805
122.129 move 1313 805
122.139 move 1317 805
122.149 move 1320 805
122.159 move 1324 805
122.169 move 1327 805
122.169 move 1330 805
122.179 move 1333 805
122.189 move 1335 805
122.199 move 1338 805
122.209 move 1340 805
122.209 move 1341 805
122.219 move 1343 805
122.229 move 1344 805
122.239 move 1345 805
122.809 move 1346 805
122.819 move 1347 805
122.829 move 1348 805
122.839 move 1351 805
122.849 move 1355 805
122.859 move 1359 805
122.859 move 1364 805
122.869 move 1370 805
122.879 move 1377 805
122.889 move 1383 805
122.889 move 1390 805
122.899 move 1396 806
122.909 move 1403 806
122.919 move 1409 806
122.929 move 1415 806
122.929 move 1420 806
122.939 move 1425 806
122.949 move 1429 806
122.959 move 1434 806
122.969 move 1438 806
122.969 move 1441 806
122.979 move 1444 806
122.989 move 1447 806
122.999 move 1450 806
123.009 move 1452 806
123.009 move 1455 806
123.019 move 1456 806
123.029 move 1458 806
123.039 move 1459 806
123.049 move 1460 806
123.819 click 7.064767 0.70000005
124.249 click 7.064767 0.70000005
125.049 click 7.064767 0.70000005
125.559 enter
125.949 select usually 1
127.299 start 4.0 1.0
127.309 click 3.9974093 0.9967742
127.789 move 867 852
127.799 move 865 851
127.809 move 863 850
127.809 move 859 850
127.819 move 856 849
127.829 move 852 849
127.839 move 848 849
127.849 move 844 849
127.849 move 839 849
127.859 move 835 849
127.869 move 830 849
127.879 move 824 850
127.889 move 818 850
127.889 move 811 850
127.899 move 805 851
127.909 move 798 851
127.919 move 791 852
127.929 move 784 853
127.929 move 777 854
127.939 move 770 855
127.949 move 763 856
127.969 move 750 857
127.969 move 744 857
127.979 move 738 857
127.989 move 732 858
127.999 move 726 858
128.009 move 721 858
128.009 move 716 858
128.019 move 711 858
128.029 move 706 858
128.039 move 702 858
128.049 move 698 858
128.049 move 694 858
128.059 move 690 858
128.069 move 687 858
128.079 move 683 858
128.089 move 680 858
128.089 move 677 858
128.099 move 675 858
128.109 move 673 858
128.119 move 671 858
128.129 move 669 858
128.129 move 667 858
128.139 move 666 858
128.149 move 665 858
128.159 move 664 858
128.169 move 663 858
128.569 click 2.935233 1.0354838
129.259 move 662 858
129.269 move 660 859
129.279 move 658 859
129.289 move 656 860
129.289 move 653 860
129.299 move 649 861
129.309 move 646 862
129.319 move 642 862
129.329 move 639 863
129.329 move 636 863
129.339 move 632 863
129.349 move 629 864
129.359 move 626 864
129.369 move 623 864
129.369 move 620 864
129.379 move 617 864
129.389 move 615 864
129.399 move 613 864
129.409 move 611 864
129.409 move 609 864
129.419 move 607 864
129.429 move 606 864
129.439 move 605 864
129.449 move 604 864
129.449 move 603 864
129.469 move 602 864
129.939 move 601 864
129.949 move 599 865
129.959 move 596 865
129.969 move 593 865
129.969 move 590 866
129.979 move 586 867
129.989 move 582 867
129.999 move 578 868
130.009 move 573 869
130.009 move 569 869
130.019 move 565 869
130.029 move 561 870
130.039 move 558 870
130.049 move 554 870
130.049 move 551 870
130.059 move 547 870
130.069 move 544 870
130.079 move 541 870
130.089 move 539 870
130.089 move 536 870
130.099 move 534 870
130.109 move 532 870
130.119 move 530 870
130.129 move 529 870
130.129 move 527 870
130.139 move 526 870
130.149 move 525 870
130.159 move 524 870
130.679 click 2.215026 1.1129032
131.579 click 2.215026 1.1129032
132.529 click 2.215026 1.1129032
133.259 click 2.215026 1.1129032
134.449 enter
134.769 left
136.25 left
137.2 select faster 4
140.02 phrase the music is better than it sounds
141.41 start 4.0 1.0
141.42 click 3.9974093 0.9967742
142.11 click 3.9974093 0.9967742
142.48 click 3.9974093 0.9967742
143.42 enter
143.93 select the 1
144.9 start 4.0 1.0
144.91 move 868 853
144.92 move 868 855
144.92 move 869 857
144.93 move 870 859
144.94 move 872 862
144.95 move 873 864
144.96 move 875 866
144.96 move 877 868
144.97 move 878 871
144.98 move 880 874
144.99 move 882 877
145.0 move 884 880
145.0 move 886 883
145.01 move 888 886
145.02 move 890 889
145.03 move 892 892
145.04 move 894 894
145.04 move 896 895
145.05 move 897 896
145.06 move 899 897
145.07 move 900 898
145.08 move 901 898
145.08 move 902 898
145.09 move 903 898
145.1 move 904 898
145.11 move 905 898
146.2 move 905 899
146.21 move 905 900
146.22 move 905 903
146.23 move 905 905
146.24 move 905 909
146.24 move 905 912
146.25 move 905 915
146.26 move 905 919
146.27 move 905 923
146.28 move 905 927
146.28 move 905 931
146.29 move 905 935
146.3 move 905 939
146.31 move 905 943
146.32 move 905 946
146.32 move 905 949
146.33 move 905 952
146.34 move 905 955
146.35 move 906 958
146.36 move 907 961
146.36 move 908 963
146.37 move 909 965
146.38 move 911 967
146.39 move 912 968
146.4 move 913 969
146.4 move 914 970
146.41 move 916 970
146.42 move 917 970
146.43 move 918 970
146.44 move 919 970
146.44 move 921 970
146.46 move 922 970
146.47 move 923 970
147.11 click 4.2823834 1.7580645
147.9 click 4.2823834 1.7580645
148.59 move 922 970
148.6 move 919 968
148.6 move 915 967
148.61 move 909 965
148.62 move 902 964
148.63 move 894 963
148.64 move 886 962
148.64 move 877 961
148.65 move 869 960
148.66 move 861 960
148.67 move 852 959
148.68 move 844 959
148.68 move 835 959
148.69 move 826 959
148.7 move 817 960
148.71 move 808 961
148.72 move 800 962
148.72 move 791 963
148.73 move 783 965
148.74 move 775 965
148.75 move 767 966
148.76 move 759 967
148.77 move 752 968
148.77 move 745 968
148.78 move 738 968
148.79 move 732 968
148.8 move 725 968
148.8 move 719 968
148.81 move 712 968
148.82 move 706 968
148.83 move 700 968
148.84 move 694 969
148.84 move 689 969
148.85 move 683 969
148.86 move 679 969
148.87 move 674 969
148.88 move 669 969
148.88 move 665 969
148.89 move 661 969
148.9 move 657 969
148.91 move 654 969
148.92 move 650 969
148.92 move 647 969
148.93 move 645 969
148.94 move 642 969
148.95 move 640 969
148.96 move 638 969
148.96 move 636 969
148.97 move 634 969
148.98 move 633 969
148.99 move 631 969
149.0 move 630 969
149.01 move 629 969
149.28 move 628 969
149.28 move 627 969
149.29 move 626 970
149.3 move 625 970
149.31 move 624 970
149.32 move 624 971
149.33 move 623 971
149.58 click 2.7279792 1.7645161
150.09 move 623 970
150.1 move 624 969
150.11 move 626 966
150.12 move 629 963
150.12 move 634 960
150.13 move 639 956
150.14 move 644 951
150.15 move 650 947
150.16 move 656 943
150.16 move 662 939
150.17 move 669 934
150.18 move 676 931
150.19 move 683 926
150.2 move 691 922
150.2 move 700 916
150.21 move 707 910
150.22 move 715 904
150.23 move 723 897
150.241 move 731 890
150.241 move 739 884
150.25 move 747 879
150.26 move 754 874
150.27 move 761 870
150.281 move 768 866
150.281 move 774 861
150.29 move 780 856
150.3 move 785 852
150.31 move 791 847
150.321 move 796 843
150.321 move 801 839
150.33 move 805 836
150.34 move 810 832
150.35 move 814 829
150.361 move 818 827
150.361 move 822 824
150.37 move 825 821
150.38 move 829 819
150.39 move 832 817
150.401 move 835 815
150.401 move 838 814
150.41 move 840 812
150.42 move 843 811
150.43 move 845 809
150.441 move 847 808
150.441 move 849 807
150.45 move 850 807
150.46 move 851 806
150.47 move 852 806
150.481 move 853 806
150.481 move 854 806
150.861 move 854 805
150.871 move 854 804
150.881 move 856 801
150.881 move 860 797
150.891 move 865 790
150.901 move 872 783
150.911 move 881 776
150.921 move 892 769
150.921 move 903 763
150.931 move 915 757
150.941 move 927 753
150.951 move 939 750
150.961 move 951 747
150.961 move 963 745
150.971 move 975 744
150.981 move 987 742
150.991 move 998 741
151.001 move 1009 740
151.001 move 1020 739
151.011 move 1030 737
151.021 move 1040 737
151.031 move 1050 736
151.041 move 1060 735
151.041 move 1069 735
151.051 move 1078 734
151.061 move 1087 734
151.071 move 1095 734
151.081 move 1103 733
151.081 move 1111 733
151.091 move 1118 733
151.101 move 1125 733
151.111 move 1131 733
151.121 move 1138 733
151.121 move 1144 733
151.131 move 1151 733
151.141 move 1157 733
151.151 move 1169 733
151.161 move 1175 733
151.161 move 1180 733
151.171 move 1186 733
151.181 move 1191 733
151.191 move 1196 733
151.201 move 1200 733
151.201 move 1205 733
151.211 move 1209 733
151.221 move 1213 733
151.231 move 1217 733
151.241 move 1221 733
151.241 move 1224 732
151.251 move 1228 732
151.261 move 1231 732
151.271 move 1234 732
151.281 move 1236 732
151.281 move 1239 732
151.291 move 1241 732
151.301 move 1243 732
151.311 move 1245 732
151.321 move 1246 732
151.321 move 1247 732
151.331 move 1248 732
151.341 move 1249 732
151.351 move 1250 732
151.841 click 5.976684 0.22258067
152.441 move 1249 732
152.441 move 1248 733
152.451 move 1244 734
152.461 move 1238 736
152.471 move 1232 739
152.481 move 1224 742
152.481 move 1214 746
152.491 move 1204 751
152.501 move 1193 757
152.511 move 1182 762
152.521 move 1171 768
152.521 move 1159 773
152.531 move 1148 778
152.541 move 1136 782
152.551 move 1125 785
152.561 move 1114 788
152.561 move 1103 791
152.571 move 1092 793
152.581 move 1082 795
152.591 move 1072 798
152.601 move 1063 799
152.601 move 1053 801
152.611 move 1044 803
152.621 move 1034 804
152.631 move 1025 806
152.641 move 1017 807
152.641 move 1008 808
152.651 move 1000 809
152.661 move 991 810
152.671 move 983 811
152.681 move 975 812
152.681 move 967 812
152.691 move 959 813
152.701 move 951 813
152.711 move 944 813
152.721 move 936 813
152.721 move 929 813
152.731 move 922 813
152.741 move 915 813
152.751 move 909 813
152.761 move 902 813
152.761 move 896 813
152.771 move 890 813
152.781 move 884 813
152.791 move 879 813
152.801 move 873 813
152.801 move 868 813
152.811 move 864 813
152.821 move 859 813
152.831 move 855 813
152.841 move 850 813
152.841 move 846 813
152.851 move 842 813
152.861 move 838 813
152.871 move 835 813
152.881 move 831 813
152.881 move 828 813
152.891 move 825 813
152.901 move 823 813
152.911 move 820 813
152.921 move 818 813
152.921 move 816 814
152.931 move 814 814
152.941 move 813 814
152.951 move 812 814
152.961 move 811 814
152.961 move 810 814
153.231 click 3.6968913 0.7516129
154.031 enter
154.601 select music 1
155.011 start 4.0 1.0
155.021 move 869 850
155.031 move 871 848
155.031 move 874 847
155.041 move 876 845
155.051 move 880 843
155.061 move 883 841
155.061 move 886 839
155.071 move 890 837
155.081 move 894 836
155.091 move 897 834
155.101 move 902 832
155.101 move 906 830
155.111 move 911 828
155.121 move 917 826
155.131 move 923 825
155.131 move 929 823
155.141 move 935 822
155.151 move 941 821
155.161 move 947 821
155.161 move 953 820
155.171 move 959 820
155.181 move 965 819
155.191 move 970 819
155.201 move 975 819
155.211 move 980 819
155.221 move 988 819
155.241 move 996 819
155.251 move 1000 819
155.261 move 1007 819
155.271 move 1010 819
155.291 move 1015 819
155.301 move 1020 819
155.311 move 1022 819
155.331 move 1025 819
155.341 move 1028 819
155.351 move 1029 819
155.371 move 1030 819
155.991 click 4.8367877 0.78387094
157.011 click 4.8367877 0.78387094
157.771 enter
159.701 nextPage
160.731 lastPage
162.281 left
163.261 select is 2
164.041 start 4.0 1.0
164.061 click 3.9974093 0.9967742
166.292 delete
167.432 move 868 850
167.442 move 869 840
167.462 move 871 837
167.482 move 872 837
167.492 move 875 840
167.512 move 879 844
167.532 move 883 846
167.542 move 887 848
167.562 move 892 850
167.572 move 896 854
167.592 move 900 861
167.612 move 903 871
167.622 move 905 883
167.642 move 905 896
167.662 move 905 908
167.672 move 905 919
167.692 move 905 929
167.712 move 905 938
167.732 move 904 949
167.742 move 904 955
167.762 move 904 962
167.782 move 904 964
167.802 move 904 965
167.822 move 904 966
168.592 click 4.183938 1.7322581
169.232 move 903 965
169.242 move 901 958
169.262 move 896 947
169.282 move 890 936
169.292 move 884 927
169.312 move 879 922
169.332 move 873 917
169.342 move 867 911
169.362 move 858 904
169.382 move 848 897
169.392 move 837 890
169.412 move 826 884
169.422 move 815 880
169.432 move 810 879
169.442 move 804 878
169.452 move 799 876
169.462 move 794 875
169.462 move 790 875
169.472 move 785 874
169.482 move 781 874
169.482 move 777 874
169.492 move 773 874
169.502 move 770 874
169.512 move 766 874
169.522 move 763 874
169.532 move 760 874
169.532 move 757 874
169.542 move 754 874
169.552 move 752 874
169.562 move 749 874
169.562 move 747 874
169.572 move 745 874
169.582 move 743 874
169.592 move 741 874
169.592 move 740 874
169.602 move 738 874
169.612 move 737 874
169.622 move 736 874
169.632 move 735 874
169.992 move 735 873
169.992 move 734 872
170.002 move 733 869
170.012 move 731 866
170.022 move 729 864
170.032 move 728 862
170.042 move 726 861
170.052 move 724 859
170.052 move 722 857
170.062 move 719 855
170.072 move 716 851
170.082 move 713 848
170.092 move 710 844
170.102 move 706 839
170.102 move 702 834
170.112 move 698 829
170.122 move 694 824
170.132 move 689 819
170.142 move 684 813
170.142 move 680 809
170.152 move 675 806
170.162 move 670 802
170.172 move 666 799
170.182 move 661 796
170.192 move 658 793
170.192 move 654 791
170.202 move 650 788
170.212 move 644 783
170.222 move 640 781
170.232 move 638 780
170.242 move 635 778
170.242 move 632 776
170.252 move 629 775
170.262 move 627 774
170.272 move 625 773
170.272 move 622 772
170.282 move 621 772
170.292 move 619 772
170.302 move 618 772
170.312 move 617 772
170.312 move 616 772
170.322 move 615 772
170.832 move 614 772
170.872 move 613 772
170.882 move 611 772
170.892 move 609 772
170.902 move 607 772
170.912 move 605 772
170.912 move 602 772
170.922 move 599 771
170.932 move 595 770
170.942 move 591 768
170.952 move 586 767
170.952 move 581 765
170.962 move 576 763
170.972 move 570 762
170.982 move 565 760
170.992 move 560 758
170.992 move 555 756
171.002 move 550 754
171.012 move 545 753
171.022 move 541 752
171.032 move 536 751
171.032 move 532 750
171.042 move 528 750
171.052 move 525 749
171.062 move 522 749
171.072 move 519 749
171.072 move 516 749
171.082 move 514 749
171.092 move 511 749
171.102 move 509 749
171.112 move 507 749
171.112 move 505 749
171.122 move 504 749
171.132 move 503 749
171.142 move 502 749
171.152 move 501 749
171.152 move 500 749
171.842 click 2.0906737 0.33225805
172.272 move 502 749
172.272 move 504 749
172.282 move 507 749
172.292 move 510 749
172.302 move 513 749
172.312 move 516 749
172.312 move 519 749
172.322 move 521 749
172.332 move 523 749
172.342 move 525 749
172.352 move 528 749
172.352 move 530 749
172.362 move 532 749
172.372 move 534 749
172.382 move 535 749
172.392 move 536 749
172.392 move 537 750
172.402 move 537 751
172.412 move 538 752
172.952 click 2.2875648 0.35161293
173.832 click 2.2875648 0.35161293
175.022 click 2.2875648 0.35161293
175.632 move 539 752
175.642 move 541 752
175.652 move 544 752
175.662 move 547 751
175.672 move 552 750
175.672 move 557 749
175.682 move 563 748
175.692 move 568 746
175.702 move 573 745
175.712 move 578 744
175.712 move 582 744
175.732 move 587 743
175.742 move 590 743
175.752 move 594 742
175.752 move 600 741
175.762 move 603 741
175.772 move 606 741
175.782 move 608 740
175.792 move 611 740
175.802 move 613 740
175.802 move 615 740
175.812 move 617 740
175.822 move 618 740
175.832 move 620 740
175.832 move 621 740
175.842 move 622 740
175.852 move 623 740
175.862 move 624 740
176.432 click 2.7331607 0.27419353
177.082 enter
177.582 select better 1
178.442 start 4.0 1.0
178.452 click 3.9974093 0.9967742
179.262 click 3.9974093 0.9967742
180.073 move 865 851
180.083 move 860 849
180.093 move 854 848
180.103 move 846 847
180.113 move 838 846
180.113 move 828 846
180.123 move 818 846
180.133 move 807 846
180.143 move 796 846
180.153 move 784 846
180.153 move 772 846
180.163 move 759 846
180.173 move 746 846
180.183 move 733 846
180.193 move 719 847
180.193 move 706 847
180.203 move 693 848
180.213 move 680 848
180.223 move 667 848
180.233 move 654 848
180.233 move 642 848
180.243 move 630 848
180.253 move 618 848
180.263 move 607 848
180.273 move 595 848
180.273 move 584 848
180.283 move 572 848
180.293 move 561 848
180.303 move 550 848
180.313 move 539 849
180.313 move 529 849
180.323 move 518 849
180.333 move 508 849
180.343 move 497 849
180.353 move 488 849
180.353 move 478 849
180.363 move 469 849
180.373 move 460 849
180.383 move 451 849
180.393 move 442 850
180.393 move 434 850
180.403 move 426 850
180.413 move 417 850
180.423 move 409 850
180.433 move 402 850
180.433 move 394 850
180.443 move 386 850
180.453 move 379 850
180.463 move 372 850
180.473 move 365 850
180.473 move 358 850
180.483 move 351 850
180.493 move 345 850
180.503 move 338 850
180.513 move 332 850
180.513 move 326 850
180.523 move 320 850
180.533 move 314 850
180.543 move 308 850
180.553 move 302 850
180.553 move 297 851
180.563 move 292 851
180.573 move 287 851
180.583 move 282 851
180.593 move 278 851
180.593 move 274 851
180.603 move 270 851
180.613 move 266 851
180.623 move 262 851
180.633 move 258 851
180.633 move 255 851
180.643 move 251 851
180.653 move 248 851
180.663 move 245 851
180.673 move 243 851
180.673 move 240 851
180.683 move 238 851
180.693 move 236 851
180.703 move 234 851
180.713 move 232 851
180.713 move 231 851
180.723 move 230 851
180.733 move 229 851
180.743 move 228 851
180.753 move 227 851
181.143 click 0.6761658 0.9903226
181.793 move 228 851
181.793 move 231 851
181.803 move 236 851
181.813 move 241 851
181.823 move 247 851
181.833 move 255 851
181.833 move 263 851
181.843 move 271 851
181.853 move 279 851
181.863 move 286 851
181.873 move 294 851
181.873 move 301 851
181.883 move 308 851
181.893 move 315 851
181.903 move 322 851
181.913 move 329 851
181.913 move 336 851
181.923 move 342 851
181.933 move 348 851
181.943 move 354 851
181.953 move 361 851
181.953 move 367 851
181.963 move 372 851
181.973 move 378 851
181.983 move 384 851
181.993 move 389 851
181.993 move 395 851
182.003 move 400 851
182.013 move 404 851
182.023 move 409 851
182.033 move 413 851
182.033 move 417 851
182.043 move 421 851
182.053 move 425 851
182.063 move 428 851
182.073 move 431 851
182.073 move 434 851
182.083 move 437 851
182.093 move 440 851
182.103 move 442 851
182.113 move 445 851
182.113 move 447 851
182.123 move 449 851
182.133 move 451 851
182.143 move 452 851
182.153 move 453 851
182.153 move 454 851
182.183 move 455 851
182.183 move 456 851
182.653 move 457 851
182.663 move 460 851
182.673 move 465 851
182.673 move 471 851
182.683 move 480 851
182.693 move 490 853
182.703 move 501 855
182.713 move 513 858
182.713 move 525 861
182.723 move 538 864
182.733 move 552 866
182.743 move 567 869
182.753 move 581 871
182.753 move 594 873
182.763 move 608 875
182.773 move 621 877
182.783 move 634 878
182.793 move 646 880
182.793 move 659 881
182.803 move 671 882
182.813 move 683 883
182.823 move 694 884
182.833 move 706 885
182.833 move 717 886
182.843 move 728 886
182.853 move 739 886
182.863 move 750 886
182.873 move 761 887
182.873 move 771 887
182.883 move 782 887
182.893 move 792 887
182.903 move 801 887
182.913 move 811 887
182.913 move 820 887
182.923 move 829 887
182.933 move 837 887
182.943 move 845 887
182.953 move 853 887
182.953 move 861 887
182.963 move 868 887
182.973 move 875 887
182.983 move 882 887
182.993 move 889 887
182.993 move 895 887
183.003 move 901 887
183.013 move 907 887
183.023 move 913 887
183.033 move 919 887
183.033 move 925 887
183.043 move 931 887
183.053 move 936 887
183.063 move 941 887
183.073 move 946 887
183.073 move 950 886
183.083 move 955 886
183.093 move 959 886
183.103 move 963 886
183.113 move 967 886
183.113 move 970 886
183.123 move 974 886
183.133 move 977 886
183.143 move 980 886
183.153 move 982 886
183.153 move 984 886
183.163 move 987 886
183.173 move 989 886
183.183 move 990 886
183.193 move 992 886
183.193 move 993 886
183.203 move 994 886
183.213 move 995 886
183.223 move 996 886
183.673 move 996 888
183.673 move 997 892
183.683 move 997 897
183.693 move 998 903
183.703 move 998 908
183.713 move 998 914
183.713 move 999 919
183.723 move 999 923
183.733 move 999 927
183.743 move 999 931
183.753 move 1000 935
183.763 move 1000 943
183.773 move 1000 947
183.783 move 1001 952
183.793 move 1001 957
183.803 move 1001 961
183.813 move 1001 966
183.813 move 1001 970
183.823 move 1000 973
183.833 move 1000 976
183.843 move 999 979
183.853 move 998 982
183.863 move 997 983
183.873 move 996 984
183.883 move 996 985
184.473 click 4.6606216 1.8548386
185.223 enter
185.773 select than 1
186.323 start 4.0 1.0
186.333 move 873 852
186.343 move 878 850
186.353 move 885 849
186.363 move 893 848
186.363 move 902 846
186.373 move 913 845
186.383 move 924 844
186.393 move 935 844
186.403 move 946 844
186.403 move 957 843
186.413 move 968 843
186.423 move 979 842
186.433 move 1000 841
186.443 move 1010 841
186.453 move 1020 841
186.463 move 1030 840
186.473 move 1040 840
186.483 move 1050 840
186.483 move 1059 840
186.493 move 1068 839
186.503 move 1077 839
186.513 move 1086 839
186.523 move 1094 839
186.533 move 1103 839
186.543 move 1111 839
186.553 move 1119 839
186.553 move 1135 839
186.563 move 1142 839
186.573 move 1149 839
186.583 move 1156 839
186.593 move 1162 839
186.593 move 1169 839
186.603 move 1175 839
186.613 move 1182 839
186.623 move 1188 839
186.633 move 1194 839
186.633 move 1200 839
186.643 move 1205 839
186.653 move 1211 839
186.663 move 1216 839
186.673 move 1221 839
186.673 move 1226 839
186.683 move 1230 839
186.693 move 1234 839
186.703 move 1238 838
186.713 move 1242 838
186.713 move 1246 838
186.723 move 1249 838
186.733 move 1253 838
186.743 move 1256 838
186.753 move 1259 838
186.753 move 1262 838
186.763 move 1264 838
186.773 move 1267 838
186.783 move 1269 838
186.793 move 1271 838
186.793 move 1273 838
186.803 move 1274 838
186.813 move 1276 838
186.823 move 1277 838
186.833 move 1278 838
186.833 move 1279 838
186.853 move 1280 838
187.063 click 6.1321244 0.9064516
187.583 move 1280 836
187.593 move 1280 835
187.593 move 1280 831
187.603 move 1280 828
187.623 move 1280 824
187.633 move 1281 818
187.633 move 1281 816
187.643 move 1281 813
187.653 move 1282 810
187.663 move 1283 806
187.673 move 1283 803
187.673 move 1284 799
187.683 move 1285 796
187.693 move 1285 793
187.703 move 1285 790
187.713 move 1286 787
187.713 move 1286 784
187.723 move 1286 780
187.733 move 1286 777
187.743 move 1286 774
187.763 move 1284 767
187.773 move 1282 761
187.793 move 1280 757
187.813 move 1279 753
187.813 move 1278 752
187.823 move 1278 751
187.833 move 1278 750
188.473 click 6.121762 0.33870965
188.963 enter
189.433 select it 1
190.353 start 4.0 1.0
190.363 click 3.9974093 0.9967742
190.843 move 869 852
190.853 move 872 852
190.863 move 875 852
190.873 move 879 852
190.883 move 883 852
190.893 move 890 852
190.903 move 893 852
190.913 move 895 852
190.913 move 897 853
190.923 move 898 853
190.933 move 899 854
190.973 move 899 855
191.523 click 4.158031 1.016129
192.093 move 900 854
192.103 move 902 852
192.113 move 905 848
192.113 move 908 844
192.123 move 912 840
192.133 move 916 836
192.143 move 921 831
192.153 move 925 827
192.153 move 930 823
192.163 move 934 819
192.173 move 939 815
192.183 move 944 810
192.193 move 949 806
192.193 move 954 801
192.203 move 960 796
192.213 move 966 792
192.223 move 972 788
192.233 move 978 785
192.233 move 984 783
192.243 move 990 780
192.253 move 996 778
192.263 move 1000 775
192.273 move 1005 773
192.283 move 1009 771
192.283 move 1012 769
192.293 move 1016 767
192.303 move 1019 766
192.313 move 1023 765
192.313 move 1026 764
192.323 move 1029 763
192.333 move 1031 763
192.343 move 1033 763
192.353 move 1036 763
192.353 move 1038 763
192.363 move 1039 763
192.373 move 1041 763
192.383 move 1042 763
192.393 move 1043 763
192.393 move 1044 763
192.403 move 1045 763
193.063 click 4.914508 0.42258066
193.783 move 1045 765
193.793 move 1045 768
193.793 move 1045 772
193.803 move 1045 777
193.823 move 1045 781
193.833 move 1045 789
193.843 move 1045 792
193.853 move 1045 795
193.863 move 1045 800
193.873 move 1045 803
193.883 move 1045 805
193.883 move 1045 808
193.893 move 1045 810
193.903 move 1045 812
193.913 move 1045 813
193.913 move 1045 814
193.923 move 1045 815
194.324 move 1045 816
194.384 move 1045 817
194.404 move 1045 818
194.414 move 1045 819
194.424 move 1045 821
194.434 move 1045 823
194.434 move 1045 826
194.444 move 1045 829
194.454 move 1045 833
194.464 move 1045 835
194.474 move 1045 838
194.474 move 1045 839
194.484 move 1045 840
194.524 move 1045 839
194.534 move 1045 838
194.554 move 1045 837
195.244 move 1045 838
195.254 move 1045 842
195.264 move 1046 848
195.274 move 1046 854
195.274 move 1046 860
195.284 move 1046 866
195.294 move 1046 871
195.304 move 1045 875
195.314 move 1044 878
195.314 move 1044 881
195.324 move 1043 883
195.334 move 1043 886
195.344 move 1042 889
195.354 move 1042 893
195.354 move 1041 897
195.364 move 1041 901
195.374 move 1040 905
195.384 move 1040 910
195.394 move 1040 914
195.394 move 1039 918
195.404 move 1039 922
195.414 move 1039 925
195.424 move 1039 929
195.434 move 1039 932
195.434 move 1038 935
195.454 move 1038 937
195.464 move 1038 942
195.474 move 1038 944
195.484 move 1037 945
195.484 move 1037 946
195.494 move 1037 947
195.504 move 1037 948
195.514 move 1036 948
196.294 click 4.8678756 1.6161289
196.724 move 1038 948
196.734 move 1040 948
196.744 move 1043 948
196.744 move 1045 948
196.754 move 1046 948
196.764 move 1047 948
196.774 move 1047 947
196.784 move 1047 946
196.794 move 1046 946
196.804 move 1043 946
196.814 move 1040 946
196.824 move 1036 946
196.824 move 1031 946
196.834 move 1025 946
196.844 move 1019 947
196.854 move 1013 949
196.864 move 1005 951
196.864 move 997 953
196.874 move 989 955
196.884 move 980 958
196.894 move 970 961
196.904 move 960 964
196.904 move 950 966
196.914 move 940 968
196.924 move 930 970
196.934 move 921 972
196.944 move 911 973
196.944 move 902 974
196.954 move 894 975
196.964 move 885 976
196.974 move 876 977
196.984 move 868 978
196.984 move 860 978
196.994 move 852 979
197.004 move 844 979
197.014 move 836 980
197.024 move 828 980
197.024 move 821 980
197.034 move 814 980
197.044 move 807 980
197.054 move 801 980
197.064 move 794 980
197.064 move 788 980
197.074 move 781 980
197.084 move 775 980
197.094 move 769 980
197.104 move 763 980
197.114 move 757 980
197.114 move 752 980
197.124 move 747 980
197.134 move 742 980
197.144 move 737 980
197.144 move 733 980
197.154 move 728 980
197.164 move 724 980
197.174 move 720 980
197.184 move 716 980
197.184 move 712 980
197.194 move 709 980
197.204 move 706 981
197.214 move 702 981
197.224 move 699 981
197.224 move 697 981
197.234 move 694 981
197.244 move 692 981
197.254 move 690 981
197.264 move 688 981
197.264 move 686 981
197.274 move 685 981
197.284 move 684 981
197.294 move 683 981
197.304 move 682 981
197.304 move 681 981
197.774 click 3.0284975 1.8290322
198.694 click 3.0284975 1.8290322
199.384 enter
199.964 select sounds 1
201.034 phrase interesting observation was made
202.984 start 4.0 1.0
202.984 move 869 852
202.984 move 871 851
202.994 move 875 849
203.004 move 880 847
203.014 move 886 845
203.024 move 892 844
203.024 move 898 844
203.034 move 904 844
203.044 move 910 844
203.054 move 916 844
203.064 move 920 844
203.064 move 924 844
203.074 move 928 844
203.084 move 931 844
203.094 move 935 844
203.104 move 938 844
203.104 move 942 844
203.114 move 945 844
203.124 move 949 844
203.134 move 952 844
203.144 move 956 843
203.144 move 959 843
203.154 move 962 843
203.164 move 965 843
203.174 move 968 843
203.184 move 971 843
203.184 move 973 843
203.194 move 975 843
203.204 move 977 843
203.214 move 979 843
203.224 move 981 843
203.224 move 982 843
203.234 move 983 843
203.244 move 984 843
203.254 move 985 843
203.994 click 4.6036267 0.93870974
204.504 move 986 843
204.534 move 988 844
204.544 move 990 846
204.544 move 992 849
204.554 move 993 851
204.564 move 994 853
204.574 move 995 855
204.584 move 996 858
204.584 move 998 860
204.594 move 999 864
204.604 move 1000 868
204.614 move 1002 874
204.624 move 1003 881
204.624 move 1005 888
204.634 move 1006 896
204.644 move 1008 905
204.654 move 1010 914
204.664 move 1012 922
204.664 move 1014 931
204.674 move 1016 939
204.684 move 1019 947
204.694 move 1021 954
204.704 move 1024 961
204.704 move 1026 968
204.714 move 1029 975
204.724 move 1031 981
204.734 move 1033 987
204.744 move 1036 993
204.744 move 1038 999
204.754 move 1040 1004
204.764 move 1041 1009
204.774 move 1043 1014
204.784 move 1045 1018
204.784 move 1046 1023
204.794 move 1048 1027
204.804 move 1050 1031
204.814 move 1051 1035
204.824 move 1052 1038
204.824 move 1054 1041
204.834 move 1055 1044
204.844 move 1056 1047
204.854 move 1057 1049
204.864 move 1058 1052
204.864 move 1059 1054
204.874 move 1059 1056
204.884 move 1060 1057
204.894 move 1060 1058
204.904 move 1060 1059
204.904 move 1061 1059
205.534 click 4.9974093 2.332258
206.034 move 1061 1060
206.054 move 1061 1062
206.084 move 1060 1061
206.094 move 1059 1058
206.104 move 1058 1055
206.104 move 1057 1051
206.114 move 1055 1046
206.124 move 1053 1042
206.134 move 1051 1037
206.144 move 1048 1031
206.144 move 1045 1027
206.154 move 1042 1024
206.164 move 1039 1022
206.174 move 1037 1020
206.184 move 1035 1019
206.184 move 1032 1017
206.194 move 1030 1016
206.204 move 1028 1014
206.214 move 1025 1012
206.224 move 1023 1010
206.224 move 1021 1008
206.234 move 1020 1007
206.244 move 1018 1005
206.254 move 1017 1003
206.264 move 1016 1001
206.264 move 1015 999
206.274 move 1015 997
206.284 move 1014 995
206.294 move 1014 994
206.304 move 1013 992
206.304 move 1013 991
206.314 move 1013 990
206.964 click 4.7487044 1.8870969
207.884 click 4.7487044 1.8870969
208.385 move 1012 990
208.394 move 1012 991
208.404 move 1011 991
208.535 move 1001 990
208.545 move 1000 990
209.385 click 4.6813474 1.8870969
210.265 click 4.6813474 1.8870969
211.005 click 4.6813474 1.8870969
211.655 click 4.6813474 1.8870969
212.275 move 1001 988
212.285 move 1006 985
212.295 move 1014 981
212.305 move 1023 977
212.305 move 1033 973
212.315 move 1044 971
212.325 move 1054 970
212.335 move 1065 969
212.345 move 1074 969
212.345 move 1083 969
212.355 move 1091 969
212.365 move 1100 969
212.375 move 1110 969
212.385 move 1119 968
212.385 move 1128 968
212.395 move 1137 968
212.405 move 1146 968
212.415 move 1154 968
212.425 move 1162 968
212.425 move 1170 968
212.435 move 1177 968
212.445 move 1185 968
212.455 move 1192 968
212.465 move 1199 968
212.465 move 1206 968
212.475 move 1212 968
212.485 move 1218 968
212.495 move 1225 968
212.505 move 1231 968
212.505 move 1237 968
212.515 move 1243 968
212.525 move 1249 967
212.535 move 1254 967
212.545 move 1260 967
212.545 move 1265 967
212.555 move 1270 967
212.565 move 1274 967
212.575 move 1279 967
212.585 move 1283 967
212.585 move 1288 967
212.595 move 1292 967
212.605 move 1296 967
212.615 move 1299 967
212.625 move 1303 967
212.625 move 1306 967
212.635 move 1309 967
212.645 move 1312 967
212.655 move 1315 967
212.665 move 1318 967
212.665 move 1320 967
212.675 move 1323 967
212.685 move 1325 967
212.695 move 1326 967
212.705 move 1328 967
212.705 move 1329 967
212.715 move 1330 967
212.725 move 1331 967
213.215 click 6.3963733 1.7387097
214.055 click 6.3963733 1.7387097
214.935 click 6.3963733 1.7387097
215.545 enter
216.105 select interesting 1
216.725 start 4.0 1.0
216.725 move 869 851
216.735 move 870 849
216.745 move 873 847
216.745 move 876 845
216.755 move 881 844
216.765 move 886 842
216.775 move 892 841
216.785 move 898 841
216.785 move 905 840
216.795 move 913 839
216.805 move 921 838
216.815 move 930 836
216.825 move 938 833
216.825 move 947 831
216.835 move 955 827
216.845 move 963 823
216.855 move 971 819
216.865 move 978 816
216.865 move 985 812
216.875 move 992 808
216.885 move 998 804
216.895 move 1004 801
216.905 move 1010 797
216.905 move 1016 794
216.915 move 1022 791
216.925 move 1028 788
216.935 move 1033 786
216.945 move 1038 783
216.945 move 1043 781
216.955 move 1048 779
216.965 move 1053 777
216.975 move 1058 775
216.985 move 1062 773
216.985 move 1066 771
216.995 move 1070 770
217.005 move 1074 768
217.015 move 1078 767
217.025 move 1081 766
217.025 move 1085 765
217.035 move 1088 764
217.045 move 1091 764
217.055 move 1094 763
217.065 move 1096 763
217.065 move 1099 763
217.075 move 1101 763
217.085 move 1103 763
217.095 move 1104 763
217.105 move 1105 763
217.105 move 1107 763
217.115 move 1108 763
217.135 move 1109 763
217.665 click 5.246114 0.42258066
218.345 move 1109 766
218.355 move 1109 770
218.365 move 1109 776
218.375 move 1109 783
218.385 move 1109 789
218.385 move 1108 797
218.395 move 1107 804
218.405 move 1105 811
218.415 move 1103 817
218.425 move 1101 823
218.425 move 1099 827
218.435 move 1097 831
218.445 move 1095 835
218.455 move 1093 839
218.465 move 1092 844
218.465 move 1090 850
218.475 move 1088 856
218.485 move 1086 863
218.495 move 1085 870
218.505 move 1083 877
218.505 move 1081 884
218.515 move 1079 890
218.525 move 1077 896
218.535 move 1075 901
218.545 move 1073 906
218.545 move 1072 909
218.555 move 1070 913
218.565 move 1069 915
218.575 move 1067 918
218.585 move 1067 919
218.585 move 1066 921
218.595 move 1065 922
219.315 move 1065 923
219.335 move 1064 924
219.345 move 1064 927
219.345 move 1063 930
219.355 move 1062 934
219.365 move 1062 937
219.375 move 1061 941
219.385 move 1061 945
219.385 move 1060 948
219.395 move 1060 951
219.405 move 1060 954
219.415 move 1059 957
219.425 move 1059 961
219.425 move 1059 965
219.435 move 1059 969
219.445 move 1058 973
219.455 move 1058 978
219.465 move 1058 982
219.465 move 1058 986
219.475 move 1058 989
219.485 move 1058 992
219.495 move 1058 994
219.505 move 1057 996
219.505 move 1057 997
219.515 move 1057 998
220.305 click 4.976684 1.9387097
220.745 move 1057 999
220.745 move 1058 1000
220.755 move 1059 1001
220.765 move 1060 1003
220.775 move 1060 1006
220.785 move 1060 1009
220.785 move 1060 1012
220.795 move 1059 1015
220.805 move 1058 1019
220.815 move 1056 1022
220.825 move 1054 1024
220.825 move 1052 1027
220.835 move 1050 1029
220.845 move 1049 1031
220.855 move 1047 1033
220.865 move 1046 1034
220.865 move 1044 1036
220.875 move 1043 1037
220.885 move 1042 1038
220.905 move 1041 1038
221.365 click 4.8937826 2.1967742
221.915 click 4.8937826 2.1967742
222.555 click 4.8937826 2.1967742
223.546 click 4.8937826 2.1967742
223.926 click 4.8937826 2.1967742
227.366 delete
227.976 move 1042 1038
227.976 move 1043 1037
227.986 move 1044 1037
228.026 move 1044 1038
228.036 move 1043 1038
228.046 move 1042 1038
228.056 move 1040 1038
228.056 move 1037 1038
228.066 move 1032 1037
228.076 move 1026 1035
228.086 move 1020 1033
228.096 move 1012 1031
228.096 move 1003 1029
228.106 move 992 1028
228.116 move 981 1027
228.126 move 969 1027
228.136 move 957 1026
228.136 move 945 1026
228.146 move 932 1026
228.156 move 919 1026
228.166 move 907 1026
228.176 move 895 1026
228.176 move 883 1026
228.186 move 871 1026
228.196 move 860 1026
228.206 move 849 1026
228.216 move 838 1026
228.216 move 827 1026
228.226 move 816 1026
228.236 move 805 1026
228.246 move 794 1026
228.256 move 783 1026
228.256 move 773 1026
228.266 move 763 1026
228.276 move 753 1026
228.286 move 744 1026
228.296 move 735 1026
228.296 move 727 1026
228.306 move 718 1026
228.316 move 710 1026
228.326 move 702 1026
228.336 move 694 1026
228.336 move 686 1026
228.346 move 678 1026
228.356 move 671 1026
228.366 move 664 1026
228.376 move 657 1026
228.376 move 651 1026
228.386 move 644 1026
228.396 move 638 1026
228.406 move 632 1026
228.416 move 626 1026
228.416 move 620 1026
228.426 move 614 1026
228.436 move 609 1026
228.446 move 604 1026
228.456 move 599 1026
228.456 move 594 1026
228.466 move 590 1026
228.476 move 585 1026
228.486 move 581 1026
228.496 move 577 1026
228.496 move 573 1026
228.506 move 570 1026
228.516 move 566 1026
228.526 move 563 1026
228.536 move 560 1026
228.536 move 558 1026
228.546 move 555 1026
228.556 move 553 1026
228.566 move 551 1026
228.576 move 549 1026
228.576 move 547 1026
228.586 move 546 1026
228.596 move 544 1026
228.616 move 543 1026
228.836 move 542 1022
228.846 move 541 1017
228.856 move 539 1012
228.856 move 536 1007
228.866 move 534 1004
228.876 move 532 1002
228.886 move 530 1002
228.896 move 529 1001
228.896 move 526 1000
228.906 move 522 1000
228.916 move 516 999
228.926 move 508 997
228.936 move 499 996
228.936 move 489 995
228.946 move 479 994
228.956 move 469 992
228.966 move 459 989
228.976 move 449 986
228.976 move 439 982
228.986 move 430 979
228.996 move 421 976
229.006 move 412 974
229.016 move 404 972
229.016 move 396 969
229.026 move 388 967
229.036 move 381 965
229.046 move 373 964
229.056 move 367 962
229.056 move 360 961
229.066 move 354 959
229.076 move 348 958
229.086 move 342 957
229.096 move 337 956
229.096 move 331 956
229.106 move 327 955
229.116 move 322 955
229.126 move 317 954
229.136 move 313 954
229.136 move 309 954
229.146 move 305 954
229.156 move 302 954
229.166 move 299 954
229.176 move 297 954
229.176 move 294 954
229.186 move 292 954
229.196 move 290 954
229.206 move 289 954
229.216 move 287 954
229.216 move 286 954
229.236 move 285 954
229.856 click 0.976684 1.6548388
230.906 click 0.976684 1.6548388
231.376 click 0.976684 1.6548388
231.826 click 0.976684 1.6548388
232.276 click 0.976684 1.6548388
232.936 enter
233.426 select observation 1
234.426 start 4.0 1.0
234.436 click 3.9974093 0.9967742
235.036 move 867 852
235.046 move 864 851
235.056 move 860 851
235.056 move 854 850
235.066 move 846 850
235.076 move 837 850
235.086 move 827 850
235.096 move 816 852
235.096 move 804 854
235.106 move 792 856
235.116 move 779 858
235.126 move 766 861
235.136 move 754 863
235.136 move 742 866
235.146 move 731 867
235.156 move 721 869
235.166 move 710 870
235.176 move 700 872
235.176 move 690 873
235.186 move 680 874
235.196 move 671 874
235.206 move 662 875
235.216 move 654 875
235.216 move 645 876
235.226 move 637 876
235.236 move 629 876
235.246 move 622 876
235.256 move 615 876
235.256 move 608 876
235.266 move 601 876
235.276 move 594 876
235.286 move 588 876
235.296 move 581 876
235.296 move 575 876
235.306 move 569 876
235.316 move 563 876
235.326 move 558 876
235.336 move 552 876
235.336 move 548 876
235.346 move 543 876
235.356 move 539 877
235.366 move 534 877
235.376 move 530 877
235.376 move 526 877
235.386 move 523 877
235.396 move 519 877
235.406 move 516 877
235.416 move 513 877
235.416 move 510 877
235.426 move 508 877
235.436 move 506 877
235.446 move 504 877
235.456 move 502 877
235.456 move 501 877
235.466 move 500 877
235.476 move 499 877
235.486 move 498 877
235.496 move 497 877
235.776 click 2.0751295 1.1580645
236.456 click 2.0751295 1.1580645
237.497 enter
238.077 select was 1
238.527 start 4.0 1.0
238.527 move 870 852
238.537 move 872 850
238.537 move 876 848
238.547 move 881 846
238.557 move 887 845
238.567 move 893 845
238.577 move 899 845
238.577 move 904 845
238.587 move 910 846
238.597 move 916 847
238.607 move 922 848
238.617 move 928 849
238.617 move 934 849
238.627 move 940 849
238.637 move 946 848
238.647 move 953 846
238.657 move 958 843
238.657 move 964 840
238.667 move 969 837
238.677 move 975 834
238.687 move 979 831
238.697 move 984 829
238.697 move 988 826
238.707 move 992 823
238.717 move 995 821
238.727 move 999 819
238.737 move 1003 817
238.737 move 1006 816
238.747 move 1009 815
238.757 move 1012 814
238.767 move 1015 813
238.777 move 1018 812
238.777 move 1020 812
238.787 move 1022 812
238.797 move 1024 812
238.807 move 1026 812
238.817 move 1027 812
238.817 move 1029 812
238.827 move 1030 812
238.847 move 1031 812
239.297 move 1031 813
239.307 move 1031 815
239.317 move 1030 817
239.327 move 1029 820
239.337 move 1027 824
239.337 move 1025 826
239.347 move 1024 829
239.357 move 1022 830
239.367 move 1021 832
239.377 move 1021 833
239.377 move 1020 834
239.387 move 1020 836
239.397 move 1019 840
239.407 move 1019 843
239.417 move 1019 848
239.417 move 1018 853
239.427 move 1018 859
239.437 move 1017 866
239.447 move 1017 872
239.457 move 1016 878
239.457 move 1016 885
239.467 move 1016 891
239.477 move 1016 896
239.487 move 1015 902
239.497 move 1015 907
239.497 move 1014 912
239.507 move 1014 916
239.517 move 1013 921
239.527 move 1013 925
239.537 move 1012 929
239.537 move 1012 932
239.547 move 1011 936
239.557 move 1011 938
239.567 move 1010 941
239.577 move 1010 944
239.577 move 1009 946
239.587 move 1009 947
239.597 move 1008 949
239.607 move 1008 950
239.617 move 1007 951
239.617 move 1007 952
239.627 move 1007 953
240.347 click 4.7176166 1.6483872
241.167 click 4.7176166 1.6483872
241.947 click 4.7176166 1.6483872
242.667 move 1007 950
242.677 move 1007 945
242.687 move 1007 938
242.697 move 1006 932
242.697 move 1005 926
242.707 move 1003 920
242.717 move 1001 914
242.727 move 998 908
242.737 move 996 903
242.737 move 993 898
242.747 move 989 893
242.757 move 985 889
242.767 move 981 884
242.777 move 975 878
242.777 move 970 871
242.787 move 964 864
242.797 move 958 857
242.807 move 952 849
242.817 move 946 840
242.817 move 940 832
242.827 move 933 825
242.837 move 927 818
242.847 move 920 811
242.857 move 913 805
242.857 move 906 799
242.867 move 900 794
242.877 move 893 789
242.887 move 887 784
242.897 move 881 780
242.897 move 875 776
242.907 move 869 772
242.917 move 864 768
242.927 move 858 764
242.937 move 853 761
242.937 move 847 758
242.947 move 842 755
242.957 move 838 752
242.967 move 833 750
242.977 move 829 747
242.977 move 825 745
242.987 move 821 743
242.997 move 818 741
243.007 move 814 740
243.017 move 811 738
243.017 move 808 737
243.027 move 805 736
243.037 move 802 735
243.047 move 800 734
243.057 move 797 734
243.057 move 795 733
243.067 move 794 733
243.077 move 792 733
243.087 move 791 733
243.097 move 789 733
243.107 move 788 733
243.607 move 787 733
243.617 move 787 732
243.617 move 786 732
243.627 move 784 731
243.637 move 782 729
243.647 move 778 729
243.657 move 774 728
243.657 move 770 728
243.667 move 765 728
243.677 move 759 728
243.687 move 753 728
243.697 move 747 728
243.697 move 741 728
243.707 move 735 728
243.717 move 728 728
243.727 move 722 727
243.737 move 717 726
243.737 move 711 724
243.747 move 707 723
243.757 move 703 721
243.767 move 699 719
243.777 move 695 718
243.777 move 692 716
243.787 move 688 716
243.797 move 684 715
243.807 move 681 715
243.817 move 678 715
243.817 move 675 715
243.827 move 672 715
243.837 move 670 715
243.847 move 669 715
243.857 move 668 715
244.407 click 2.96114 0.11290324
245.177 enter
245.547 select made 1
