0.001 session 1
0.004 phrase learn to walk before you run
1.936 start 4.0 1.0
1.939 move 869 852
1.944 move 873 852
1.952 move 881 852
1.961 move 893 852
1.968 move 907 851
1.976 move 924 849
1.984 move 942 847
1.992 move 961 844
2.0 move 978 842
2.008 move 996 840
2.016 move 1012 839
2.024 move 1026 838
2.032 move 1037 838
2.04 move 1047 838
2.048 move 1055 838
2.056 move 1061 838
2.064 move 1066 839
2.072 move 1069 840
2.08 move 1071 841
2.088 move 1074 842
2.096 move 1076 842
2.104 move 1078 843
2.112 move 1079 843
2.12 move 1081 843
2.128 move 1082 843
2.136 move 1083 843
2.144 move 1084 843
3.024 click 5.1165805 0.93870974
3.464 move 1084 842
3.472 move 1083 838
3.48 move 1080 829
3.488 move 1077 819
3.496 move 1072 807
3.504 move 1067 796
3.512 move 1063 786
3.521 move 1059 777
3.528 move 1056 770
3.536 move 1053 765
3.544 move 1052 762
3.552 move 1051 759
3.56 move 1051 755
3.568 move 1051 752
3.576 move 1051 748
3.584 move 1051 743
3.592 move 1051 737
3.6 move 1052 730
3.608 move 1053 723
3.616 move 1053 716
3.624 move 1054 709
3.632 move 1054 703
3.64 move 1054 698
3.648 move 1055 692
3.656 move 1055 687
3.664 move 1056 684
3.672 move 1057 680
3.68 move 1057 677
3.688 move 1058 674
3.696 move 1059 672
3.704 move 1060 670
3.712 move 1061 667
3.72 move 1061 665
3.728 move 1062 664
3.736 move 1063 662
3.744 move 1063 661
3.752 move 1064 660
3.76 move 1064 659
4.296 click 5.0129533 -0.2483871
4.896 move 1064 660
4.904 move 1063 663
4.912 move 1061 668
4.92 move 1058 674
4.928 move 1054 681
4.936 move 1050 690
4.944 move 1046 699
4.952 move 1042 708
4.96 move 1038 717
4.968 move 1034 725
4.976 move 1031 734
4.984 move 1028 741
4.992 move 1026 748
5.0 move 1023 755
5.008 move 1021 761
5.016 move 1020 765
5.024 move 1018 770
5.032 move 1016 774
5.04 move 1015 778
5.048 move 1014 781
5.056 move 1013 784
5.064 move 1011 786
5.072 move 1010 789
5.08 move 1010 792
5.088 move 1009 794
5.096 move 1008 796
5.104 move 1007 798
5.112 move 1007 799
5.12 move 1006 800
5.128 move 1006 802
5.136 move 1005 802
5.144 move 1005 803
5.152 move 1005 804
5.176 move 1005 805
5.688 click 4.707254 0.69354844
6.096 move 1005 803
6.104 move 1005 799
6.112 move 1007 792
6.12 move 1008 784
6.128 move 1010 776
6.136 move 1011 767
6.144 move 1011 761
6.153 move 1011 755
6.16 move 1011 752
6.168 move 1011 748
6.176 move 1011 746
6.184 move 1011 744
6.192 move 1010 742
6.2 move 1010 741
6.208 move 1009 739
6.216 move 1008 738
6.224 move 1007 736
6.232 move 1006 734
6.24 move 1006 733
6.249 move 1005 731
6.256 move 1004 730
6.264 move 1003 728
6.272 move 1003 727
6.28 move 1002 727
6.288 move 1001 727
6.32 move 1000 727
6.856 click 4.6813474 0.19032258
7.352 move 1001 727
7.36 move 1005 727
7.368 move 1010 727
7.376 move 1020 728
7.384 move 1031 728
7.392 move 1046 729
7.4 move 1061 730
7.408 move 1079 730
7.417 move 1097 730
7.424 move 1115 730
7.432 move 1133 730
7.44 move 1150 729
7.448 move 1167 728
7.456 move 1182 725
7.464 move 1196 721
7.472 move 1209 719
7.48 move 1220 715
7.488 move 1232 712
7.496 move 1242 709
7.504 move 1252 706
7.512 move 1260 703
7.52 move 1269 701
7.528 move 1277 699
7.536 move 1284 698
7.544 move 1290 697
7.553 move 1296 697
7.56 move 1302 696
7.568 move 1306 696
7.576 move 1311 696
7.584 move 1315 696
7.592 move 1318 696
7.6 move 1322 696
7.608 move 1325 696
7.616 move 1328 696
7.624 move 1331 696
7.632 move 1334 696
7.64 move 1337 696
7.648 move 1339 696
7.656 move 1342 696
7.664 move 1344 696
7.672 move 1345 696
7.68 move 1347 696
7.688 move 1348 696
7.696 move 1349 696
7.704 move 1350 696
7.712 move 1351 696
7.728 move 1352 696
8.464 move 1351 696
8.472 move 1348 696
8.48 move 1346 697
8.488 move 1342 699
8.496 move 1337 701
8.504 move 1332 703
8.512 move 1327 706
8.521 move 1321 708
8.528 move 1315 711
8.536 move 1309 714
8.544 move 1304 716
8.553 move 1299 718
8.56 move 1294 719
8.568 move 1290 721
8.576 move 1286 721
8.584 move 1284 722
8.592 move 1280 723
8.6 move 1278 723
8.608 move 1277 723
8.616 move 1275 723
8.624 move 1274 723
8.64 move 1273 723
8.648 move 1272 723
9.128 click 6.0906734 0.16451615
9.824 enter
10.416 select learn 1
11.28 start 4.0 1.0
11.283 click 3.9974093 0.9967742
11.696 move 870 852
11.704 move 874 852
11.712 move 879 852
11.72 move 887 852
11.728 move 898 852
11.736 move 910 852
11.744 move 922 852
11.752 move 934 852
11.76 move 945 852
11.768 move 955 852
11.776 move 963 852
11.784 move 970 852
11.792 move 977 852
11.8 move 983 852
11.808 move 989 852
11.816 move 995 852
11.824 move 1000 852
11.832 move 1004 852
11.84 move 1008 852
11.848 move 1011 852
11.856 move 1015 852
11.864 move 1018 852
11.873 move 1021 852
11.88 move 1023 852
11.888 move 1026 852
11.896 move 1028 852
11.904 move 1030 852
11.912 move 1032 852
11.92 move 1034 852
11.928 move 1035 852
11.936 move 1036 852
11.944 move 1037 852
11.96 move 1038 852
12.336 click 4.878238 0.9967742
12.992 enter
13.592 select to 1
14.408 start 4.0 1.0
14.411 click 3.9974093 0.9967742
15.241 move 866 852
15.248 move 863 852
15.256 move 857 852
15.264 move 848 852
15.272 move 836 853
15.28 move 824 854
15.288 move 811 856
15.296 move 798 859
15.304 move 785 862
15.312 move 773 864
15.32 move 761 866
15.328 move 751 869
15.336 move 742 870
15.344 move 735 872
15.352 move 729 873
15.36 move 724 873
15.368 move 720 874
15.376 move 717 874
15.384 move 713 875
15.392 move 711 875
15.4 move 708 875
15.408 move 706 875
15.416 move 703 875
15.424 move 701 875
15.433 move 700 875
15.44 move 698 875
15.448 move 697 875
15.456 move 695 875
15.464 move 694 875
15.472 move 693 875
15.496 move 692 875
15.888 click 3.0854921 1.1451613
16.319 move 694 875
16.328 move 697 875
16.336 move 701 875
16.344 move 708 875
16.353 move 717 875
16.361 move 725 875
16.368 move 735 875
16.376 move 745 875
16.385 move 754 875
16.392 move 762 875
16.4 move 768 875
16.408 move 774 875
16.416 move 779 875
16.424 move 784 875
16.432 move 788 875
16.44 move 792 875
16.448 move 796 875
16.456 move 799 875
16.464 move 802 875
16.472 move 805 875
16.48 move 808 875
16.488 move 811 875
16.496 move 813 875
16.504 move 815 875
16.512 move 817 875
16.52 move 819 875
16.528 move 820 875
16.536 move 822 875
16.544 move 823 875
16.56 move 824 875
16.576 move 825 875
16.928 click 3.7746115 1.1451613
17.512 move 827 874
17.52 move 831 873
17.528 move 838 869
17.536 move 848 865
17.544 move 860 860
17.552 move 873 856
17.56 move 886 852
17.568 move 898 848
17.576 move 911 846
17.584 move 922 844
17.592 move 931 844
17.6 move 940 844
17.608 move 945 844
17.616 move 950 844
17.624 move 953 845
17.632 move 956 846
17.64 move 958 847
17.648 move 960 848
17.656 move 961 848
17.664 move 962 849
17.682 move 963 850
17.687 move 964 851
18.096 move 965 851
18.112 move 967 851
18.12 move 969 850
18.128 move 972 848
18.136 move 975 846
18.144 move 980 844
18.152 move 983 844
18.16 move 987 843
18.168 move 990 843
18.176 move 992 843
18.184 move 994 843
18.192 move 996 843
18.2 move 998 843
18.216 move 999 843
18.224 move 1000 843
18.768 click 4.6813474 0.93870974
20.0 enter
20.432 right
20.92 right
21.719 select walk 5
22.568 start 4.0 1.0
22.571 move 868 853
22.576 move 868 857
22.584 move 868 862
22.592 move 867 871
22.6 move 866 883
22.608 move 865 897
22.616 move 864 912
22.624 move 862 929
22.632 move 861 946
22.64 move 860 963
22.648 move 858 980
22.656 move 857 995
22.664 move 856 1011
22.672 move 854 1026
22.68 move 852 1040
22.688 move 851 1054
22.696 move 850 1066
22.704 move 849 1078
22.712 move 848 1079
22.72 move 847 1079
22.729 move 845 1079
22.736 move 844 1079
22.744 move 843 1079
22.752 move 841 1079
22.76 move 840 1079
22.768 move 838 1079
22.776 move 837 1079
22.784 move 836 1079
22.792 move 834 1079
22.8 move 833 1079
22.808 move 831 1079
22.816 move 830 1079
22.824 move 828 1079
22.832 move 827 1079
22.839 move 826 1079
22.848 move 825 1079
22.856 move 824 1079
22.864 move 823 1079
22.872 move 822 1079
22.888 move 821 1079
22.904 move 820 1079
22.928 move 819 1079
23.6 click 3.7435231 2.4612904
24.296 move 818 1078
24.304 move 817 1075
24.312 move 814 1070
24.32 move 809 1063
24.328 move 802 1056
24.336 move 794 1048
24.344 move 783 1040
24.352 move 771 1033
24.36 move 758 1028
24.368 move 743 1025
24.376 move 726 1022
24.383 move 708 1021
24.392 move 690 1020
24.4 move 671 1020
24.408 move 652 1020
24.416 move 633 1020
24.424 move 615 1020
24.432 move 599 1020
24.44 move 584 1021
24.447 move 570 1021
24.456 move 557 1021
24.464 move 544 1021
24.472 move 533 1021
24.479 move 522 1021
24.488 move 511 1021
24.496 move 500 1021
24.504 move 489 1021
24.512 move 479 1021
24.52 move 469 1021
24.528 move 460 1021
24.536 move 451 1021
24.544 move 443 1021
24.552 move 434 1021
24.56 move 427 1021
24.567 move 420 1021
24.576 move 413 1021
24.584 move 408 1021
24.592 move 402 1021
24.6 move 397 1021
24.608 move 391 1021
24.616 move 387 1021
24.625 move 382 1022
24.632 move 378 1022
24.64 move 373 1022
24.648 move 370 1022
24.656 move 367 1022
24.664 move 363 1022
24.672 move 360 1022
24.68 move 357 1022
24.688 move 355 1022
24.696 move 353 1022
24.704 move 351 1022
24.712 move 349 1022
24.72 move 347 1022
24.728 move 346 1022
24.736 move 345 1022
24.744 move 344 1022
24.768 move 343 1022
25.096 move 343 1021
25.105 move 343 1016
25.112 move 344 1010
25.12 move 345 1002
25.128 move 345 992
25.139 move 346 982
25.144 move 347 972
25.152 move 347 964
25.16 move 348 957
25.169 move 348 953
25.176 move 348 950
25.184 move 348 947
25.192 move 348 943
25.2 move 348 938
25.209 move 349 932
25.216 move 350 924
25.224 move 351 915
25.233 move 351 903
25.24 move 353 892
25.248 move 354 881
25.256 move 354 869
25.264 move 355 856
25.272 move 356 844
25.28 move 356 833
25.288 move 357 822
25.296 move 358 811
25.304 move 358 802
25.312 move 358 793
25.32 move 359 786
25.328 move 360 780
25.336 move 360 774
25.344 move 361 770
25.352 move 361 765
25.361 move 362 761
25.368 move 363 758
25.376 move 363 755
25.384 move 364 753
25.392 move 365 751
25.4 move 366 749
25.408 move 366 747
25.417 move 367 746
25.424 move 367 745
25.44 move 367 744
25.736 move 368 744
25.76 move 369 744
25.768 move 371 744
25.776 move 375 744
25.784 move 378 744
25.791 move 383 744
25.8 move 388 744
25.808 move 394 744
25.816 move 401 744
25.825 move 405 744
25.832 move 410 744
25.84 move 414 744
25.847 move 417 744
25.855 move 419 743
25.863 move 422 743
25.871 move 423 743
25.88 move 425 742
25.887 move 426 742
25.895 move 426 741
27.0 click 1.7072539 0.28064513
27.904 click 1.7072539 0.28064513
28.6 click 1.7072539 0.28064513
29.152 click 1.7072539 0.28064513
30.016 click 1.7072539 0.28064513
30.752 enter
31.472 select before 1
31.936 start 4.0 1.0
31.939 click 3.9974093 0.9967742
33.593 delete
34.88 move 869 852
34.897 move 871 852
34.904 move 873 852
34.912 move 876 852
34.92 move 879 852
34.928 move 882 852
34.936 move 886 852
34.944 move 890 852
34.952 move 894 852
34.96 move 898 854
34.968 move 903 857
34.976 move 906 859
34.984 move 910 862
34.992 move 912 865
35.0 move 916 868
35.008 move 918 870
35.016 move 920 873
35.024 move 922 875
35.032 move 924 877
35.04 move 926 878
35.048 move 928 880
35.056 move 931 881
35.064 move 933 882
35.072 move 935 882
35.08 move 937 883
35.088 move 940 883
35.096 move 943 883
35.104 move 945 883
35.112 move 947 883
35.12 move 949 883
35.128 move 950 883
35.136 move 952 883
35.144 move 953 883
35.152 move 954 883
35.16 move 955 883
35.176 move 956 883
36.12 move 958 883
36.128 move 961 883
36.136 move 964 883
36.144 move 969 884
36.152 move 976 884
36.16 move 983 884
36.168 move 992 885
36.176 move 1001 886
36.184 move 1009 887
36.192 move 1017 887
36.2 move 1024 888
36.209 move 1031 888
36.216 move 1038 889
36.224 move 1043 889
36.232 move 1047 889
36.24 move 1050 889
36.248 move 1053 889
36.256 move 1055 889
36.264 move 1057 889
36.272 move 1059 889
36.28 move 1060 889
36.288 move 1061 889
36.305 move 1062 889
36.856 click 5.0025907 1.2354839
37.512 move 1062 888
37.521 move 1062 886
37.528 move 1063 884
37.536 move 1063 882
37.544 move 1064 880
37.552 move 1065 878
37.56 move 1067 876
37.569 move 1068 875
37.576 move 1071 874
37.584 move 1074 874
37.592 move 1079 874
37.6 move 1085 874
37.608 move 1092 874
37.616 move 1101 874
37.624 move 1111 874
37.632 move 1121 874
37.64 move 1131 874
37.648 move 1141 874
37.657 move 1151 874
37.664 move 1160 874
37.672 move 1170 874
37.68 move 1180 874
37.688 move 1189 874
37.696 move 1197 874
37.704 move 1206 874
37.712 move 1213 874
37.72 move 1220 874
37.728 move 1226 874
37.736 move 1231 874
37.744 move 1237 874
37.752 move 1242 874
37.76 move 1247 874
37.768 move 1252 874
37.776 move 1256 874
37.784 move 1260 874
37.792 move 1264 874
37.8 move 1267 874
37.808 move 1270 874
37.816 move 1273 874
37.824 move 1276 874
37.832 move 1278 874
37.84 move 1280 874
37.848 move 1282 874
37.856 move 1284 874
37.865 move 1285 874
37.872 move 1287 874
37.888 move 1288 874
37.896 move 1289 874
38.448 click 6.1787567 1.1387097
39.128 move 1290 873
39.136 move 1291 871
39.144 move 1292 867
39.152 move 1295 860
39.16 move 1300 851
39.168 move 1305 841
39.176 move 1310 830
39.184 move 1314 820
39.192 move 1317 810
39.2 move 1320 803
39.208 move 1323 796
39.216 move 1324 791
39.224 move 1325 788
39.232 move 1325 784
39.24 move 1325 781
39.248 move 1325 779
39.256 move 1326 777
39.264 move 1326 774
39.272 move 1327 773
39.28 move 1327 771
39.288 move 1328 770
39.296 move 1328 768
39.304 move 1329 767
39.312 move 1329 766
39.328 move 1330 765
40.072 click 6.3911915 0.43548387
41.416 enter
42.2 select you 1
43.12 start 4.0 1.0
43.123 click 3.9974093 0.9967742
43.856 click 3.9974093 0.9967742
44.376 move 868 854
44.384 move 867 856
44.392 move 866 859
44.4 move 864 863
44.408 move 863 867
44.417 move 861 872
44.424 move 859 877
44.432 move 858 884
44.44 move 856 891
44.448 move 855 900
44.456 move 855 909
44.464 move 854 919
44.472 move 853 928
44.48 move 853 936
44.488 move 853 943
44.496 move 853 948
44.504 move 853 951
44.512 move 853 954
44.52 move 853 955
45.144 click 3.9196892 1.6612904
45.864 enter
46.608 select run 1
47.173 phrase rapidly running short on words
48.608 start 4.0 1.0
48.611 click 3.9974093 0.9967742
49.144 move 867 852
49.16 move 865 852
49.168 move 862 852
49.176 move 858 852
49.184 move 852 852
49.192 move 846 852
49.2 move 840 853
49.209 move 833 853
49.216 move 826 854
49.224 move 820 854
49.232 move 814 855
49.24 move 809 855
49.248 move 805 856
49.256 move 801 856
49.264 move 797 856
49.272 move 794 856
49.28 move 790 856
49.288 move 787 857
49.296 move 783 857
49.304 move 780 857
49.312 move 777 857
49.32 move 774 857
49.328 move 771 857
49.336 move 769 857
49.344 move 766 857
49.352 move 764 857
49.36 move 763 857
49.368 move 761 857
49.376 move 760 857
49.392 move 759 857
49.88 click 3.4326425 1.0290322
50.736 click 3.4326425 1.0290322
51.392 move 759 856
51.4 move 759 854
51.408 move 760 851
51.416 move 761 848
51.424 move 763 844
51.432 move 766 840
51.44 move 768 836
51.448 move 771 833
51.456 move 773 830
51.464 move 776 828
51.472 move 778 826
51.48 move 780 824
51.488 move 782 822
51.496 move 784 821
51.504 move 785 820
51.512 move 787 818
51.521 move 789 817
51.528 move 790 814
51.536 move 792 812
51.544 move 794 809
51.552 move 796 806
51.56 move 798 803
51.568 move 801 800
51.576 move 803 798
51.584 move 805 796
51.592 move 807 794
51.6 move 808 793
51.608 move 810 792
51.616 move 811 791
51.624 move 813 790
51.632 move 814 789
51.64 move 815 787
51.649 move 817 786
51.656 move 818 785
51.664 move 818 783
51.672 move 819 783
51.68 move 819 782
51.688 move 820 781
52.28 move 820 780
52.288 move 821 778
52.296 move 822 776
52.303 move 822 773
52.312 move 823 769
52.32 move 824 765
52.328 move 825 761
52.335 move 825 758
52.343 move 826 755
52.351 move 826 752
52.359 move 826 749
52.368 move 826 746
52.376 move 826 744
52.384 move 826 742
52.392 move 826 740
52.4 move 826 737
52.408 move 826 735
52.417 move 826 733
52.424 move 826 731
52.432 move 826 728
52.44 move 826 726
52.448 move 826 724
52.456 move 826 723
52.464 move 825 723
52.472 move 825 722
53.008 click 3.7746115 0.15806454
53.736 move 824 722
53.743 move 824 723
53.751 move 822 725
53.759 move 820 729
53.767 move 816 734
53.775 move 811 742
53.783 move 804 752
53.792 move 797 761
53.8 move 788 772
53.808 move 779 783
53.816 move 771 795
53.824 move 762 807
53.832 move 752 819
53.84 move 742 830
53.849 move 733 840
53.856 move 725 848
53.865 move 718 854
53.872 move 711 859
53.88 move 705 863
53.888 move 700 866
53.897 move 694 868
53.904 move 690 870
53.912 move 685 872
53.92 move 680 873
53.928 move 677 874
53.936 move 674 874
53.945 move 670 875
53.952 move 668 875
53.961 move 665 875
53.968 move 663 875
53.976 move 661 875
53.984 move 659 875
53.992 move 657 875
54.0 move 656 875
54.008 move 655 875
54.024 move 654 875
54.488 click 2.888601 1.1451613
55.304 click 2.888601 1.1451613
55.856 move 654 874
55.864 move 655 869
55.872 move 659 860
55.88 move 663 849
55.888 move 667 836
55.896 move 671 823
55.904 move 674 811
55.912 move 677 798
55.92 move 678 787
55.928 move 678 777
55.936 move 679 769
55.944 move 679 763
55.952 move 679 759
55.96 move 678 756
55.968 move 678 754
55.976 move 677 752
55.984 move 676 751
55.992 move 676 750
56.008 move 675 749
56.592 click 2.9974093 0.33225805
57.336 enter
58.416 select rapidly 1
59.072 start 4.0 1.0
59.075 click 3.9974093 0.9967742
59.856 click 3.9974093 0.9967742
60.424 move 868 853
60.432 move 868 856
60.44 move 868 861
60.448 move 868 868
60.456 move 867 879
60.464 move 867 890
60.472 move 867 902
60.48 move 867 915
60.488 move 866 928
60.495 move 866 940
60.504 move 865 951
60.512 move 864 963
60.52 move 863 974
60.528 move 861 984
60.536 move 860 994
60.544 move 858 1003
60.552 move 857 1011
60.56 move 855 1019
60.568 move 853 1027
60.576 move 851 1033
60.584 move 849 1040
60.592 move 847 1046
60.6 move 846 1051
60.608 move 844 1056
60.616 move 842 1060
60.624 move 841 1064
60.632 move 839 1067
60.639 move 838 1070
60.648 move 837 1073
60.656 move 836 1077
60.664 move 835 1079
60.672 move 834 1079
60.68 move 833 1079
60.687 move 832 1079
60.704 move 831 1079
60.712 move 830 1079
60.728 move 829 1079
61.272 click 3.7953367 2.4612904
61.776 click 3.7953367 2.4612904
63.081 delete
63.824 move 831 1079
63.832 move 835 1079
63.84 move 841 1079
63.848 move 848 1079
63.856 move 857 1079
63.864 move 866 1079
63.872 move 877 1079
63.881 move 888 1079
63.888 move 898 1079
63.896 move 907 1079
63.904 move 918 1079
63.912 move 927 1079
63.92 move 936 1079
63.928 move 944 1079
63.936 move 952 1079
63.945 move 959 1079
63.952 move 965 1079
63.96 move 969 1079
63.968 move 972 1079
63.976 move 976 1079
63.984 move 978 1079
63.992 move 981 1079
64.0 move 983 1079
64.008 move 985 1078
64.016 move 986 1078
64.024 move 988 1077
64.032 move 989 1076
64.04 move 990 1076
64.048 move 991 1075
64.056 move 991 1074
64.064 move 992 1074
64.072 move 992 1073
64.784 click 4.6398964 2.4225807
65.624 click 4.6398964 2.4225807
66.344 click 4.6398964 2.4225807
67.224 click 4.6398964 2.4225807
67.96 enter
68.776 select running 1
69.64 start 4.0 1.0
69.643 click 3.9974093 0.9967742
70.336 click 3.9974093 0.9967742
70.864 move 869 851
70.872 move 871 848
70.88 move 873 844
70.888 move 877 837
70.896 move 882 831
70.904 move 887 824
70.912 move 891 817
70.92 move 897 813
70.928 move 900 809
70.936 move 904 805
70.944 move 907 803
70.952 move 909 801
70.96 move 912 799
70.968 move 913 797
70.976 move 915 795
70.989 move 917 793
70.992 move 919 791
71.0 move 920 789
71.008 move 922 786
71.016 move 924 783
71.024 move 926 781
71.032 move 928 778
71.04 move 930 775
71.048 move 931 772
71.067 move 935 767
71.072 move 936 765
71.08 move 937 763
71.088 move 938 761
71.096 move 939 759
71.105 move 940 758
71.112 move 940 757
71.128 move 941 756
71.576 move 942 755
71.584 move 945 753
71.592 move 948 751
71.6 move 954 747
71.608 move 962 744
71.616 move 970 740
71.623 move 978 736
71.631 move 986 734
71.639 move 992 732
71.647 move 998 730
71.655 move 1002 729
71.663 move 1005 728
71.672 move 1008 727
71.68 move 1011 727
71.687 move 1014 726
71.696 move 1016 725
71.704 move 1018 724
71.712 move 1020 724
71.721 move 1022 724
71.728 move 1024 723
71.736 move 1025 723
71.744 move 1026 723
71.76 move 1027 723
72.672 click 4.8212433 0.16451615
73.432 click 4.8212433 0.16451615
74.112 move 1026 723
74.12 move 1025 723
74.128 move 1022 723
74.136 move 1018 723
74.144 move 1013 724
74.152 move 1008 725
74.16 move 1002 726
74.168 move 996 728
74.176 move 990 729
74.184 move 984 730
74.192 move 979 731
74.2 move 975 731
74.208 move 972 731
74.216 move 968 731
74.224 move 964 731
74.232 move 961 731
74.24 move 957 731
74.252 move 954 731
74.256 move 951 731
74.264 move 948 731
74.272 move 946 731
74.28 move 943 731
74.288 move 941 731
74.296 move 939 731
74.304 move 937 731
74.315 move 936 731
74.32 move 935 731
74.328 move 934 731
74.344 move 933 732
74.8 click 4.334197 0.22258067
75.536 enter
76.312 select short 1
76.792 start 4.0 1.0
76.796 move 870 852
76.8 move 873 852
76.808 move 881 851
76.816 move 891 849
76.824 move 903 847
76.832 move 915 844
76.84 move 928 842
76.848 move 941 839
76.856 move 952 837
76.864 move 962 835
76.872 move 971 835
76.88 move 977 835
76.888 move 983 835
76.896 move 987 835
76.904 move 991 835
76.912 move 994 835
76.92 move 997 835
76.928 move 1000 835
76.936 move 1004 835
76.954 move 1009 835
76.96 move 1013 835
76.968 move 1016 835
76.976 move 1021 835
76.984 move 1025 834
76.991 move 1030 832
77.0 move 1036 830
77.008 move 1041 828
77.016 move 1047 826
77.023 move 1052 823
77.032 move 1057 821
77.04 move 1061 819
77.048 move 1064 818
77.056 move 1067 817
77.064 move 1070 816
77.072 move 1073 815
77.08 move 1075 814
77.087 move 1077 814
77.096 move 1078 814
77.104 move 1080 814
77.12 move 1081 814
77.144 move 1082 814
77.608 click 5.1062174 0.7516129
78.041 move 1081 817
78.048 move 1080 820
78.056 move 1077 825
78.064 move 1074 833
78.072 move 1070 841
78.08 move 1065 852
78.088 move 1060 862
78.096 move 1054 873
78.104 move 1050 884
78.112 move 1045 896
78.12 move 1041 905
78.128 move 1037 916
78.136 move 1033 926
78.144 move 1030 934
78.152 move 1027 941
78.16 move 1025 946
78.168 move 1023 950
78.176 move 1021 953
78.184 move 1020 955
78.192 move 1019 957
78.201 move 1018 959
78.208 move 1018 961
78.216 move 1017 962
78.224 move 1017 963
78.232 move 1016 964
78.24 move 1016 965
78.712 click 4.764249 1.7258065
79.552 enter
80.848 left
81.624 select on 2
83.136 start 4.0 1.0
83.14 click 3.9974093 0.9967742
84.095 click 3.9974093 0.9967742
84.92 click 3.9974093 0.9967742
86.48 move 867 852
86.488 move 866 852
86.496 move 865 852
86.504 move 862 852
86.512 move 860 852
86.52 move 856 852
86.528 move 852 852
86.536 move 849 852
86.544 move 845 852
86.562 move 837 852
86.568 move 833 852
86.576 move 828 852
86.584 move 824 852
86.592 move 819 852
86.6 move 815 852
86.608 move 810 852
86.622 move 804 852
86.625 move 799 853
86.632 move 793 853
86.64 move 788 853
86.648 move 784 853
86.656 move 779 853
86.664 move 776 853
86.671 move 773 853
86.679 move 769 853
86.688 move 766 853
86.696 move 763 853
86.704 move 761 853
86.712 move 759 853
86.72 move 756 853
86.728 move 754 853
86.736 move 753 853
86.744 move 751 853
86.751 move 750 853
86.759 move 748 853
86.776 move 747 853
86.784 move 746 853
87.336 click 3.365285 1.0032258
87.952 click 3.365285 1.0032258
88.752 enter
89.168 left
89.92 select words 2
