0.0 session 1
0.001 phrase learn to walk before you run
1.052 start 4.0 1.0
1.055 move 869 852
1.06 move 870 852
1.069 move 871 852
1.076 move 873 852
1.084 move 874 852
1.092 move 876 852
1.1 move 879 852
1.108 move 881 852
1.116 move 884 852
1.124 move 888 852
1.132 move 891 852
1.14 move 895 852
1.148 move 898 852
1.156 move 902 852
1.164 move 905 852
1.172 move 909 852
1.18 move 912 852
1.188 move 915 852
1.196 move 918 852
1.204 move 921 852
1.212 move 924 852
1.22 move 927 852
1.228 move 930 852
1.236 move 933 852
1.244 move 936 852
1.252 move 938 852
1.26 move 941 852
1.268 move 944 852
1.276 move 947 852
1.284 move 949 852
1.292 move 952 852
1.3 move 954 852
1.308 move 957 852
1.316 move 960 852
1.324 move 962 852
1.333 move 965 852
1.34 move 967 852
1.348 move 969 852
1.356 move 972 852
1.364 move 974 852
1.372 move 976 852
1.38 move 978 852
1.388 move 980 852
1.396 move 982 852
1.404 move 984 852
1.412 move 986 852
1.42 move 988 852
1.428 move 990 852
1.436 move 991 852
1.444 move 993 852
1.452 move 995 852
1.46 move 996 852
1.468 move 998 852
1.476 move 1000 852
1.484 move 1001 852
1.492 move 1003 852
1.5 move 1004 852
1.508 move 1005 852
1.516 move 1007 852
1.524 move 1008 852
1.532 move 1009 852
1.54 move 1010 852
1.548 move 1012 852
1.556 move 1013 852
1.564 move 1014 852
1.572 move 1015 852
1.58 move 1016 852
1.588 move 1017 852
1.596 move 1018 852
1.604 move 1019 852
1.612 move 1020 852
1.628 move 1021 852
1.636 move 1022 852
1.644 move 1023 852
1.661 move 1024 852
1.669 move 1025 852
1.685 move 1026 852
1.701 move 1027 852
1.725 move 1028 852
1.941 click 4.826425 0.9967742
2.516 move 1028 851
2.524 move 1028 850
2.532 move 1028 848
2.54 move 1028 846
2.548 move 1029 844
2.556 move 1029 842
2.564 move 1029 840
2.572 move 1029 838
2.58 move 1029 836
2.589 move 1029 835
2.596 move 1029 833
2.604 move 1029 831
2.612 move 1029 830
2.62 move 1028 828
2.628 move 1028 827
2.636 move 1028 826
2.644 move 1027 824
2.652 move 1027 823
2.66 move 1026 822
2.668 move 1026 820
2.676 move 1026 819
2.684 move 1025 818
2.692 move 1025 817
2.7 move 1024 816
2.708 move 1024 815
2.724 move 1023 814
2.732 move 1023 813
2.74 move 1023 812
2.748 move 1022 812
2.756 move 1022 811
2.764 move 1022 810
2.78 move 1021 809
2.788 move 1021 808
2.812 move 1020 807
2.836 move 1020 806
3.029 move 1020 805
3.037 move 1020 804
3.045 move 1020 803
3.053 move 1020 801
3.061 move 1020 798
3.069 move 1020 795
3.077 move 1020 792
3.085 move 1021 789
3.094 move 1021 786
3.101 move 1022 784
3.109 move 1023 782
3.117 move 1023 780
3.126 move 1024 779
3.133 move 1024 777
3.141 move 1025 775
3.149 move 1026 773
3.157 move 1026 772
3.165 move 1027 770
3.173 move 1027 769
3.181 move 1028 767
3.189 move 1028 766
3.197 move 1029 764
3.205 move 1029 763
3.213 move 1029 761
3.221 move 1030 760
3.229 move 1030 759
3.272 move 1032 754
3.277 move 1032 753
3.285 move 1033 752
3.293 move 1033 751
3.301 move 1033 750
3.317 move 1033 749
3.325 move 1034 748
3.341 move 1034 747
3.365 move 1034 746
3.748 click 4.857513 0.31290323
4.244 move 1034 747
4.252 move 1034 748
4.26 move 1034 749
4.268 move 1033 750
4.276 move 1032 752
4.284 move 1031 753
4.292 move 1030 755
4.3 move 1029 756
4.308 move 1027 758
4.316 move 1026 759
4.324 move 1024 761
4.332 move 1023 762
4.34 move 1022 764
4.348 move 1020 766
4.356 move 1019 768
4.364 move 1018 769
4.372 move 1017 771
4.38 move 1016 772
4.388 move 1015 774
4.396 move 1014 775
4.404 move 1013 777
4.413 move 1012 778
4.421 move 1011 779
4.429 move 1010 780
4.437 move 1009 782
4.445 move 1008 783
4.453 move 1008 784
4.461 move 1007 785
4.469 move 1006 786
4.477 move 1005 787
4.493 move 1004 788
4.501 move 1004 789
4.509 move 1003 790
4.525 move 1002 791
4.533 move 1002 792
4.541 move 1001 792
4.549 move 1001 793
4.565 move 1000 793
4.573 move 1000 794
4.972 click 4.6813474 0.62258065
5.524 move 999 794
5.532 move 999 792
5.54 move 998 790
5.548 move 997 788
5.556 move 996 786
5.564 move 996 784
5.572 move 996 782
5.58 move 997 780
5.588 move 998 777
5.596 move 999 775
5.604 move 1000 773
5.612 move 1001 770
5.621 move 1002 768
5.628 move 1002 766
5.636 move 1003 764
5.644 move 1004 762
5.652 move 1005 760
5.66 move 1005 758
5.668 move 1006 756
5.676 move 1006 754
5.684 move 1007 753
5.692 move 1008 751
5.7 move 1008 749
5.708 move 1009 748
5.716 move 1009 746
5.724 move 1010 744
5.732 move 1011 743
5.74 move 1011 742
5.748 move 1012 740
5.756 move 1012 739
5.765 move 1013 738
5.773 move 1013 736
5.781 move 1014 735
5.79 move 1014 734
5.797 move 1014 733
5.805 move 1015 732
5.813 move 1015 731
5.821 move 1016 730
5.829 move 1016 729
5.845 move 1017 728
5.853 move 1017 727
5.861 move 1017 726
5.877 move 1018 725
5.893 move 1018 724
5.917 move 1018 723
5.925 move 1019 723
6.125 click 4.779793 0.16451615
6.484 move 1020 723
6.492 move 1021 723
6.5 move 1023 725
6.508 move 1025 726
6.516 move 1028 728
6.524 move 1031 730
6.532 move 1035 731
6.54 move 1039 732
6.548 move 1042 733
6.556 move 1045 734
6.564 move 1048 735
6.572 move 1051 736
6.58 move 1054 737
6.588 move 1056 738
6.596 move 1059 738
6.605 move 1062 739
6.612 move 1064 740
6.62 move 1067 740
6.628 move 1069 741
6.636 move 1072 742
6.644 move 1074 742
6.652 move 1076 742
6.66 move 1079 743
6.668 move 1081 743
6.676 move 1083 744
6.684 move 1085 744
6.692 move 1087 745
6.7 move 1089 745
6.708 move 1091 746
6.716 move 1094 746
6.724 move 1095 747
6.732 move 1097 747
6.74 move 1099 748
6.748 move 1101 748
6.756 move 1103 748
6.764 move 1105 749
6.772 move 1107 749
6.78 move 1108 750
6.788 move 1110 750
6.796 move 1112 750
6.804 move 1113 751
6.813 move 1115 751
6.82 move 1116 751
6.828 move 1118 752
6.836 move 1119 752
6.844 move 1121 752
6.852 move 1122 753
6.86 move 1123 753
6.868 move 1125 753
6.876 move 1126 753
6.884 move 1127 754
6.892 move 1128 754
6.9 move 1129 754
6.908 move 1131 754
6.916 move 1132 755
6.924 move 1133 755
6.932 move 1134 755
6.948 move 1135 755
6.956 move 1136 755
6.972 move 1137 755
6.988 move 1138 755
6.996 move 1139 755
7.004 move 1141 755
7.012 move 1143 755
7.02 move 1146 754
7.028 move 1150 754
7.036 move 1154 754
7.044 move 1157 754
7.052 move 1161 754
7.061 move 1165 754
7.069 move 1168 754
7.077 move 1171 754
7.085 move 1174 753
7.093 move 1178 753
7.101 move 1181 753
7.109 move 1184 753
7.117 move 1187 753
7.125 move 1190 753
7.133 move 1193 753
7.141 move 1196 753
7.149 move 1199 753
7.157 move 1201 753
7.165 move 1204 753
7.173 move 1207 753
7.181 move 1209 753
7.189 move 1212 753
7.197 move 1215 753
7.205 move 1217 753
7.213 move 1220 753
7.221 move 1223 753
7.229 move 1225 753
7.237 move 1227 753
7.245 move 1230 753
7.253 move 1232 753
7.261 move 1234 753
7.269 move 1237 753
7.277 move 1239 753
7.285 move 1241 752
7.293 move 1243 752
7.301 move 1245 752
7.308 move 1247 752
7.317 move 1249 752
7.325 move 1250 752
7.333 move 1252 752
7.34 move 1254 752
7.349 move 1256 752
7.357 move 1257 752
7.364 move 1259 752
7.372 move 1260 752
7.38 move 1262 752
7.389 move 1263 752
7.397 move 1264 752
7.413 move 1265 752
7.46 move 1264 752
7.468 move 1264 753
7.477 move 1263 753
7.485 move 1262 753
7.501 move 1261 753
7.516 move 1260 753
7.532 move 1259 753
7.86 click 6.023316 0.35806453
8.228 enter
8.924 select learn 1
9.476 start 4.0 1.0
9.479 click 3.9974093 0.9967742
10.236 click 3.9974093 0.9967742
10.541 enter
10.996 left
11.076 select at 2
12.837 start 4.0 1.0
12.839 click 3.9974093 0.9967742
13.444 move 867 852
13.452 move 866 853
13.46 move 864 853
13.468 move 861 853
13.476 move 859 854
13.484 move 856 854
13.492 move 852 854
13.5 move 849 855
13.508 move 846 856
13.516 move 842 856
13.524 move 839 857
13.532 move 835 857
13.541 move 832 858
13.548 move 829 858
13.556 move 826 858
13.564 move 822 859
13.572 move 819 859
13.58 move 816 859
13.588 move 813 860
13.596 move 810 860
13.604 move 807 860
13.612 move 804 861
13.62 move 802 861
13.628 move 799 861
13.636 move 796 861
13.644 move 793 862
13.652 move 790 862
13.66 move 788 862
13.668 move 785 862
13.676 move 782 862
13.684 move 780 862
13.692 move 777 862
13.7 move 775 862
13.708 move 772 862
13.716 move 770 862
13.724 move 768 862
13.732 move 766 862
13.74 move 763 862
13.748 move 761 862
13.756 move 759 862
13.764 move 757 863
13.772 move 755 863
13.78 move 753 863
13.788 move 751 863
13.796 move 750 863
13.804 move 748 863
13.812 move 746 863
13.82 move 745 863
13.828 move 743 863
13.836 move 741 863
13.844 move 740 863
13.853 move 738 863
13.86 move 737 863
13.868 move 735 863
13.876 move 734 863
13.884 move 732 863
13.892 move 731 863
13.9 move 730 863
13.908 move 728 863
13.916 move 727 863
13.924 move 726 863
13.932 move 725 863
13.94 move 724 863
13.948 move 723 863
13.956 move 722 863
13.964 move 721 863
13.973 move 720 863
13.981 move 719 863
13.997 move 718 863
14.005 move 717 863
14.021 move 716 863
14.029 move 715 863
14.045 move 714 863
14.061 move 713 863
14.077 move 712 863
14.109 move 711 863
14.189 click 3.1839378 1.067742
14.764 click 3.1839378 1.067742
15.245 move 713 864
15.252 move 715 864
15.26 move 717 864
15.268 move 719 864
15.276 move 722 864
15.284 move 725 864
15.292 move 727 864
15.3 move 730 864
15.308 move 733 864
15.316 move 736 864
15.324 move 738 864
15.332 move 741 863
15.34 move 744 863
15.348 move 746 863
15.356 move 749 862
15.364 move 751 862
15.373 move 754 862
15.381 move 756 862
15.389 move 759 862
15.397 move 761 862
15.405 move 763 861
15.413 move 765 861
15.421 move 767 861
15.429 move 769 861
15.437 move 772 861
15.445 move 773 861
15.453 move 775 861
15.461 move 777 861
15.469 move 779 861
15.477 move 781 861
15.485 move 782 861
15.493 move 784 861
15.501 move 786 861
15.509 move 787 861
15.516 move 789 861
15.525 move 790 861
15.533 move 792 861
15.541 move 793 861
15.549 move 795 861
15.557 move 796 861
15.565 move 798 861
15.573 move 799 861
15.581 move 800 861
15.589 move 801 861
15.596 move 802 861
15.605 move 803 861
15.613 move 805 861
15.621 move 806 861
15.629 move 807 861
15.636 move 808 861
15.645 move 809 861
15.661 move 810 861
15.668 move 811 861
15.677 move 812 861
15.684 move 813 861
15.701 move 814 861
15.709 move 815 861
15.725 move 816 861
15.741 move 817 861
15.781 move 818 861
15.852 click 3.7383418 1.0548387
16.236 enter
17.533 right
18.461 nextPage
19.509 left
20.117 lastPage
20.284 right
20.893 right
21.589 select walk 5
24.028 start 4.0 1.0
24.031 move 868 853
24.036 move 868 854
24.044 move 868 856
24.052 move 868 860
24.06 move 868 863
24.068 move 868 866
24.076 move 869 869
24.084 move 869 872
24.092 move 870 874
24.1 move 871 877
24.108 move 872 880
24.116 move 872 883
24.124 move 873 885
24.133 move 873 888
24.14 move 873 890
24.148 move 874 892
24.156 move 874 894
24.164 move 875 896
24.172 move 875 898
24.18 move 876 900
24.188 move 876 902
24.197 move 876 904
24.204 move 877 906
24.212 move 877 908
24.22 move 878 909
24.228 move 878 911
24.236 move 878 913
24.244 move 879 914
24.252 move 879 916
24.26 move 880 917
24.268 move 880 919
24.276 move 880 920
24.284 move 881 921
24.292 move 881 922
24.3 move 881 924
24.308 move 882 925
24.316 move 882 926
24.324 move 882 927
24.332 move 882 928
24.34 move 883 929
24.356 move 883 930
24.364 move 884 931
24.38 move 884 932
24.396 move 884 933
24.412 move 885 933
24.42 move 885 934
25.372 click 4.085492 1.5258064
25.892 move 884 934
25.9 move 883 933
25.908 move 881 931
25.916 move 878 930
25.924 move 874 928
25.932 move 871 926
25.94 move 867 925
25.948 move 863 923
25.956 move 859 922
25.964 move 855 920
25.972 move 851 919
25.98 move 847 917
25.988 move 843 916
25.996 move 839 914
26.004 move 836 913
26.012 move 832 912
26.02 move 828 910
26.029 move 825 909
26.036 move 821 908
26.044 move 818 906
26.052 move 814 905
26.06 move 811 904
26.068 move 808 903
26.076 move 804 901
26.084 move 801 900
26.092 move 798 899
26.1 move 795 898
26.109 move 792 897
26.117 move 789 896
26.125 move 786 895
26.133 move 783 894
26.141 move 780 893
26.149 move 777 893
26.157 move 774 892
26.165 move 772 891
26.173 move 769 890
26.181 move 766 889
26.189 move 764 889
26.197 move 761 888
26.205 move 758 888
26.214 move 756 887
26.221 move 753 887
26.229 move 751 886
26.237 move 748 886
26.245 move 746 885
26.253 move 744 885
26.261 move 741 884
26.269 move 739 884
26.277 move 737 884
26.285 move 735 883
26.293 move 733 883
26.301 move 731 883
26.309 move 729 883
26.317 move 727 882
26.325 move 725 882
26.333 move 723 882
26.341 move 722 882
26.349 move 720 882
26.357 move 718 882
26.365 move 716 882
26.372 move 715 882
26.381 move 713 881
26.389 move 713 880
26.397 move 713 877
26.405 move 712 874
26.413 move 712 871
26.421 move 711 868
26.429 move 709 865
26.437 move 707 862
26.445 move 705 858
26.453 move 702 854
26.461 move 699 851
26.469 move 697 847
26.477 move 694 844
26.485 move 692 840
26.493 move 689 837
26.501 move 687 834
26.509 move 685 831
26.517 move 683 827
26.525 move 680 824
26.533 move 678 821
26.541 move 676 818
26.549 move 674 815
26.557 move 672 812
26.564 move 670 810
26.572 move 668 807
26.58 move 666 804
26.588 move 664 801
26.596 move 662 799
26.604 move 660 796
26.612 move 659 794
26.621 move 657 791
26.628 move 655 788
26.636 move 653 786
26.644 move 652 784
26.652 move 650 781
26.66 move 648 779
26.668 move 647 777
26.676 move 645 775
26.684 move 644 772
26.692 move 642 770
26.7 move 640 768
26.709 move 639 766
26.716 move 637 765
26.725 move 636 763
26.732 move 635 761
26.74 move 633 759
26.748 move 632 757
26.756 move 630 756
26.764 move 629 754
26.772 move 628 752
26.78 move 626 751
26.789 move 625 749
26.796 move 624 748
26.807 move 623 746
26.812 move 621 745
26.822 move 620 743
26.828 move 619 742
26.836 move 618 740
26.844 move 617 739
26.852 move 616 738
26.86 move 615 737
26.869 move 614 735
26.876 move 613 734
26.884 move 612 733
26.892 move 611 732
26.9 move 610 731
26.908 move 610 730
26.917 move 609 729
26.924 move 608 728
26.932 move 608 727
26.94 move 607 726
26.948 move 606 726
26.956 move 606 725
26.964 move 605 724
26.972 move 604 723
26.988 move 603 722
26.996 move 602 721
27.004 move 600 721
27.012 move 599 720
27.02 move 597 719
27.028 move 595 719
27.036 move 593 718
27.044 move 591 718
27.052 move 589 717
27.06 move 587 717
27.068 move 586 717
27.076 move 584 716
27.084 move 583 716
27.092 move 581 716
27.1 move 580 716
27.108 move 579 715
27.116 move 577 715
27.124 move 576 715
27.132 move 575 715
27.14 move 573 715
27.148 move 572 714
27.156 move 571 714
27.164 move 570 714
27.172 move 569 714
27.18 move 568 714
27.188 move 567 714
27.196 move 566 714
27.204 move 565 714
27.212 move 564 714
27.22 move 563 714
27.236 move 562 714
27.244 move 561 714
27.26 move 560 714
27.276 move 559 714
27.292 move 558 714
27.324 move 557 714
27.501 move 557 713
27.932 click 2.3860104 0.100000024
28.692 click 2.3860104 0.100000024
29.308 click 2.3860104 0.100000024
29.821 click 2.3860104 0.100000024
30.493 click 2.3860104 0.100000024
30.86 enter
31.268 select before 1
31.989 start 4.0 1.0
31.992 move 869 852
32.005 move 870 852
32.012 move 871 852
32.028 move 872 852
32.044 move 873 852
32.061 move 874 852
32.077 move 875 852
32.116 move 876 852
32.404 move 877 853
32.412 move 878 853
32.42 move 879 854
32.428 move 881 854
32.436 move 884 854
32.444 move 886 854
32.452 move 890 854
32.46 move 894 854
32.468 move 898 854
32.477 move 902 854
32.484 move 906 854
32.492 move 909 854
32.5 move 913 854
32.508 move 917 854
32.516 move 921 854
32.524 move 924 854
32.532 move 928 854
32.541 move 931 854
32.548 move 935 854
32.556 move 938 854
32.564 move 941 854
32.572 move 944 854
32.58 move 948 854
32.588 move 951 854
32.596 move 954 854
32.604 move 957 854
32.612 move 960 854
32.621 move 963 854
32.628 move 966 854
32.636 move 969 854
32.644 move 971 854
32.652 move 974 854
32.66 move 977 854
32.668 move 980 854
32.676 move 982 854
32.684 move 985 854
32.692 move 988 854
32.701 move 990 854
32.708 move 993 854
32.716 move 995 854
32.724 move 997 854
32.732 move 1000 854
32.74 move 1002 854
32.748 move 1004 854
32.756 move 1006 854
32.764 move 1007 854
32.772 move 1008 854
32.78 move 1009 854
32.788 move 1010 854
32.804 move 1011 854
32.828 move 1012 854
32.916 move 1011 854
33.3 click 4.738342 1.0096774
33.892 move 1012 854
33.9 move 1013 855
33.908 move 1015 856
33.916 move 1017 857
33.924 move 1020 857
33.932 move 1023 858
33.94 move 1026 858
33.948 move 1029 858
33.956 move 1032 859
33.964 move 1035 859
33.972 move 1038 859
33.98 move 1041 860
34.02 move 1055 860
34.028 move 1058 861
34.036 move 1061 861
34.044 move 1063 861
34.052 move 1066 861
34.06 move 1068 861
34.068 move 1071 861
34.076 move 1073 861
34.084 move 1076 861
34.092 move 1078 861
34.1 move 1080 861
34.108 move 1082 861
34.116 move 1084 861
34.124 move 1086 861
34.132 move 1088 861
34.14 move 1090 861
34.148 move 1092 861
34.156 move 1094 861
34.164 move 1096 861
34.172 move 1098 861
34.18 move 1099 861
34.188 move 1101 861
34.196 move 1103 861
34.204 move 1104 861
34.212 move 1106 861
34.22 move 1107 861
34.228 move 1109 861
34.236 move 1110 861
34.244 move 1111 861
34.252 move 1113 861
34.26 move 1114 861
34.268 move 1115 861
34.276 move 1116 861
34.284 move 1117 861
34.292 move 1118 861
34.3 move 1119 861
34.308 move 1120 861
34.317 move 1121 861
34.333 move 1122 861
34.341 move 1123 861
34.357 move 1124 861
34.365 move 1125 861
34.373 move 1127 861
34.381 move 1129 861
34.389 move 1131 861
34.397 move 1133 861
34.405 move 1136 861
34.413 move 1138 861
34.421 move 1140 861
34.429 move 1142 861
34.437 move 1144 860
34.445 move 1146 860
34.453 move 1148 860
34.461 move 1150 860
34.469 move 1152 860
34.477 move 1153 860
34.485 move 1155 860
34.493 move 1157 860
34.501 move 1158 860
34.509 move 1160 860
34.517 move 1161 860
34.525 move 1163 860
34.533 move 1164 860
34.541 move 1166 860
34.549 move 1167 860
34.557 move 1168 860
34.565 move 1169 860
34.573 move 1170 860
34.581 move 1171 860
34.589 move 1172 860
34.597 move 1173 860
34.605 move 1174 860
34.613 move 1175 860
34.621 move 1176 860
34.637 move 1177 860
34.645 move 1178 860
34.661 move 1179 860
34.677 move 1180 860
34.701 move 1181 860
35.044 click 5.619171 1.048387
35.7 move 1181 859
35.708 move 1181 858
35.716 move 1180 856
35.725 move 1178 854
35.733 move 1177 852
35.741 move 1177 850
35.749 move 1177 847
35.757 move 1177 844
35.765 move 1178 841
35.773 move 1179 837
35.781 move 1181 834
35.79 move 1182 830
35.797 move 1183 827
35.805 move 1184 824
35.812 move 1186 820
35.821 move 1187 817
35.829 move 1188 814
35.837 move 1189 811
35.845 move 1190 808
35.853 move 1192 804
35.861 move 1193 801
35.869 move 1194 799
35.877 move 1195 796
35.885 move 1196 793
35.893 move 1197 790
35.901 move 1198 787
35.909 move 1199 785
35.917 move 1200 782
35.925 move 1201 780
35.933 move 1202 777
35.941 move 1203 775
35.949 move 1204 772
35.957 move 1205 770
35.966 move 1206 768
35.973 move 1207 766
35.981 move 1208 764
35.989 move 1208 762
35.997 move 1209 760
36.005 move 1210 758
36.012 move 1210 756
36.021 move 1211 754
36.029 move 1212 753
36.037 move 1212 751
36.044 move 1213 749
36.053 move 1213 748
36.06 move 1214 747
36.069 move 1215 745
36.076 move 1215 744
36.085 move 1216 742
36.093 move 1216 741
36.101 move 1217 740
36.108 move 1217 739
36.117 move 1217 738
36.125 move 1218 737
36.133 move 1218 736
36.14 move 1218 735
36.149 move 1219 734
36.164 move 1219 733
36.172 move 1220 732
36.188 move 1220 731
36.204 move 1221 730
36.22 move 1221 729
36.244 move 1221 728
36.436 click 5.826425 0.19677418
36.805 enter
37.269 select you 1
38.012 start 4.0 1.0
38.015 click 3.9974093 0.9967742
38.765 click 3.9974093 0.9967742
40.061 move 869 853
40.069 move 869 855
40.077 move 870 858
40.085 move 871 861
40.093 move 872 864
40.1 move 873 867
40.108 move 874 870
40.116 move 875 873
40.125 move 876 875
40.132 move 877 878
40.14 move 878 880
40.148 move 879 883
40.156 move 880 885
40.165 move 880 887
40.173 move 881 889
40.181 move 882 891
40.189 move 883 893
40.196 move 884 895
40.205 move 884 897
40.213 move 885 899
40.221 move 886 901
40.228 move 886 902
40.237 move 887 904
40.245 move 888 905
40.253 move 888 907
40.26 move 889 908
40.268 move 889 910
40.277 move 890 911
40.284 move 891 912
40.292 move 891 914
40.301 move 892 915
40.309 move 892 916
40.316 move 893 917
40.324 move 893 918
40.332 move 894 919
40.34 move 894 920
40.356 move 895 921
40.364 move 895 922
40.372 move 895 923
40.38 move 896 923
40.388 move 896 924
40.404 move 896 925
40.412 move 897 925
40.428 move 897 926
40.676 move 897 927
40.684 move 897 928
40.692 move 897 930
40.7 move 897 932
40.708 move 897 933
40.716 move 897 934
40.724 move 897 935
40.732 move 898 936
40.74 move 898 937
40.748 move 898 938
40.764 move 898 939
40.772 move 899 940
40.789 move 899 941
40.812 move 899 942
41.22 click 4.158031 1.5774193
41.652 enter
42.06 select run 1
43.493 phrase rapidly running short on words
44.445 start 4.0 1.0
44.448 click 3.9974093 0.9967742
44.908 move 867 852
44.916 move 865 852
44.924 move 863 852
44.932 move 861 852
44.94 move 858 852
44.948 move 855 853
44.956 move 852 853
44.964 move 848 854
44.972 move 845 854
44.98 move 842 855
44.988 move 838 855
44.997 move 835 855
45.004 move 832 856
45.012 move 829 856
45.02 move 826 857
45.029 move 823 857
45.036 move 820 857
45.044 move 817 858
45.052 move 814 858
45.06 move 811 858
45.068 move 808 859
45.076 move 805 859
45.084 move 803 859
45.092 move 800 860
45.1 move 797 860
45.108 move 795 860
45.116 move 792 860
45.124 move 789 861
45.132 move 787 861
45.14 move 784 861
45.148 move 782 861
45.156 move 780 862
45.164 move 777 862
45.172 move 775 862
45.18 move 773 862
45.188 move 770 862
45.196 move 768 863
45.204 move 766 863
45.213 move 764 863
45.22 move 762 863
45.228 move 760 863
45.236 move 758 863
45.244 move 757 863
45.252 move 755 863
45.26 move 754 863
45.268 move 752 864
45.276 move 750 864
45.284 move 749 864
45.292 move 747 864
45.3 move 746 864
45.309 move 744 864
45.316 move 743 864
45.324 move 742 864
45.332 move 740 864
45.34 move 739 864
45.348 move 738 864
45.356 move 737 864
45.364 move 735 864
45.372 move 734 864
45.38 move 733 864
45.388 move 732 864
45.396 move 731 864
45.404 move 730 864
45.413 move 729 864
45.42 move 728 864
45.429 move 727 864
45.437 move 726 864
45.453 move 725 864
45.461 move 724 864
45.469 move 723 864
45.485 move 722 864
45.493 move 721 864
45.509 move 720 864
45.525 move 719 864
45.549 move 718 864
45.669 click 3.2202072 1.0741936
46.364 click 3.2202072 1.0741936
46.893 move 717 864
46.917 move 718 863
46.925 move 720 862
46.933 move 721 861
46.941 move 723 859
46.949 move 725 858
46.956 move 728 856
46.964 move 730 854
46.972 move 733 853
46.98 move 735 851
46.989 move 737 850
46.997 move 739 848
47.004 move 741 847
47.012 move 743 846
47.02 move 745 844
47.028 move 747 843
47.037 move 749 842
47.044 move 750 841
47.052 move 752 840
47.06 move 754 838
47.069 move 756 837
47.076 move 757 836
47.085 move 759 835
47.093 move 760 834
47.1 move 762 833
47.109 move 763 832
47.116 move 765 831
47.124 move 766 830
47.132 move 768 829
47.14 move 769 828
47.149 move 771 828
47.157 move 772 827
47.164 move 773 826
47.172 move 775 825
47.18 move 776 825
47.188 move 777 824
47.196 move 778 823
47.204 move 779 823
47.212 move 780 822
47.22 move 781 822
47.228 move 782 821
47.236 move 783 821
47.244 move 784 821
47.252 move 785 820
47.261 move 786 820
47.268 move 786 819
47.276 move 787 819
47.284 move 788 819
47.3 move 789 819
47.309 move 789 818
47.316 move 790 818
47.332 move 791 818
47.388 move 791 817
47.396 move 791 816
47.404 move 791 814
47.412 move 792 812
47.42 move 792 810
47.428 move 793 807
47.436 move 795 805
47.444 move 796 802
47.452 move 798 800
47.46 move 800 798
47.469 move 802 796
47.476 move 804 794
47.484 move 806 793
47.492 move 807 791
47.5 move 809 789
47.508 move 811 788
47.516 move 813 786
47.524 move 814 785
47.532 move 816 783
47.54 move 818 782
47.548 move 819 780
47.556 move 821 778
47.564 move 822 777
47.572 move 824 776
47.58 move 826 774
47.588 move 827 773
47.596 move 829 771
47.604 move 830 770
47.612 move 831 769
47.62 move 833 768
47.628 move 834 767
47.636 move 835 766
47.644 move 837 765
47.652 move 838 764
47.66 move 839 763
47.668 move 840 762
47.676 move 841 761
47.685 move 842 760
47.692 move 843 760
47.7 move 844 759
47.708 move 845 758
47.716 move 846 758
47.724 move 846 757
47.732 move 847 757
47.74 move 848 756
47.748 move 849 756
47.756 move 849 755
47.764 move 850 755
47.772 move 850 754
47.78 move 851 754
47.788 move 852 754
47.804 move 852 753
47.812 move 853 753
47.844 move 854 753
48.085 click 3.9248705 0.35806453
48.485 move 854 754
48.493 move 855 755
48.5 move 855 756
48.508 move 855 757
48.516 move 854 758
48.524 move 853 759
48.533 move 851 760
48.54 move 848 762
48.548 move 845 764
48.556 move 843 765
48.564 move 839 767
48.572 move 836 769
48.58 move 833 770
48.588 move 830 772
48.596 move 827 774
48.604 move 821 777
48.612 move 818 778
48.62 move 815 780
48.628 move 813 781
48.636 move 810 783
48.644 move 807 784
48.653 move 804 786
48.66 move 802 787
48.668 move 799 788
48.676 move 796 790
48.684 move 794 791
48.692 move 791 792
48.7 move 789 794
48.708 move 786 795
48.716 move 784 796
48.724 move 781 797
48.732 move 779 798
48.74 move 776 799
48.748 move 774 800
48.756 move 772 801
48.764 move 770 802
48.772 move 768 803
48.78 move 766 803
48.788 move 764 804
48.796 move 762 805
48.804 move 760 806
48.812 move 758 806
48.82 move 756 807
48.828 move 754 807
48.836 move 752 808
48.844 move 750 808
48.852 move 749 809
48.86 move 747 809
48.868 move 745 810
48.876 move 744 810
48.884 move 742 811
48.892 move 741 811
48.9 move 739 811
48.908 move 738 812
48.916 move 736 812
48.924 move 735 812
48.932 move 734 812
48.94 move 732 813
48.948 move 731 813
48.956 move 730 813
48.964 move 729 813
48.972 move 728 813
48.98 move 727 813
48.988 move 726 813
48.996 move 725 813
49.005 move 724 813
49.012 move 723 813
49.02 move 722 813
49.028 move 721 813
49.036 move 720 813
49.044 move 719 813
49.052 move 718 813
49.068 move 717 813
49.076 move 716 813
49.093 move 715 813
49.108 move 714 813
49.116 move 713 813
49.14 move 712 813
49.164 move 711 813
49.38 click 3.1839378 0.7451613
50.052 click 3.1839378 0.7451613
50.596 move 710 812
50.604 move 709 810
50.612 move 708 808
50.62 move 707 805
50.628 move 707 802
50.636 move 708 799
50.644 move 709 796
50.652 move 711 793
50.66 move 712 790
50.668 move 713 787
50.676 move 715 784
50.685 move 716 781
50.692 move 717 778
50.7 move 718 775
50.708 move 720 772
50.716 move 721 769
50.724 move 722 767
50.732 move 723 764
50.74 move 724 761
50.748 move 726 759
50.756 move 727 756
50.764 move 728 753
50.772 move 729 751
50.78 move 730 748
50.788 move 731 746
50.796 move 732 744
50.804 move 733 741
50.812 move 734 739
50.82 move 735 737
50.828 move 736 735
50.836 move 737 733
50.844 move 737 731
50.852 move 738 730
50.86 move 739 728
50.868 move 740 726
50.876 move 740 725
50.885 move 741 723
50.893 move 742 722
50.901 move 742 720
50.909 move 743 719
50.917 move 743 717
50.925 move 744 716
50.933 move 745 714
50.941 move 745 713
50.949 move 746 712
50.957 move 746 711
50.965 move 747 710
50.973 move 747 709
50.981 move 748 707
50.997 move 748 706
51.005 move 749 705
51.013 move 749 704
51.021 move 749 703
51.029 move 750 703
51.037 move 750 702
51.045 move 750 701
51.062 move 750 700
51.068 move 751 700
51.076 move 751 699
51.093 move 751 698
51.125 move 752 698
51.133 move 752 697
51.22 click 3.396373 -0.0032258034
51.732 enter
52.164 select rapidly 1
52.836 start 4.0 1.0
52.839 click 3.9974093 0.9967742
53.348 move 867 852
53.356 move 867 853
53.364 move 866 854
53.38 move 865 854
53.388 move 865 855
53.404 move 864 856
53.436 move 864 857
53.693 click 3.976684 1.0290322
54.356 move 864 858
54.364 move 865 859
54.372 move 867 860
54.38 move 868 862
54.388 move 869 864
54.396 move 870 866
54.404 move 871 869
54.412 move 871 872
54.42 move 871 874
54.428 move 871 877
54.436 move 871 880
54.444 move 871 883
54.452 move 871 885
54.46 move 871 888
54.469 move 871 891
54.476 move 871 893
54.484 move 871 895
54.492 move 871 898
54.5 move 870 900
54.509 move 870 902
54.516 move 870 904
54.524 move 870 906
54.532 move 870 908
54.54 move 870 910
54.548 move 869 912
54.556 move 869 914
54.565 move 869 916
54.572 move 869 918
54.58 move 869 919
54.588 move 869 921
54.596 move 869 923
54.604 move 869 924
54.612 move 868 926
54.621 move 868 927
54.628 move 868 929
54.636 move 868 930
54.644 move 868 931
54.652 move 868 932
54.66 move 868 934
54.668 move 868 935
54.676 move 868 936
54.684 move 868 937
54.7 move 868 938
54.708 move 867 939
54.716 move 867 940
54.724 move 867 941
54.74 move 867 942
54.756 move 867 943
54.78 move 867 944
55.133 click 3.992228 1.5903225
55.884 move 868 945
55.892 move 869 946
55.9 move 871 947
55.908 move 873 948
55.916 move 875 950
55.924 move 878 951
55.932 move 881 952
55.94 move 884 953
55.948 move 887 954
55.956 move 890 955
55.965 move 893 957
55.972 move 897 958
55.98 move 900 959
55.988 move 903 960
55.996 move 906 961
56.004 move 909 962
56.012 move 912 963
56.02 move 915 964
56.028 move 918 965
56.036 move 921 966
56.044 move 924 967
56.052 move 927 968
56.06 move 930 968
56.068 move 932 969
56.076 move 935 970
56.084 move 938 970
56.092 move 941 971
56.101 move 943 971
56.108 move 946 972
56.116 move 948 972
56.124 move 951 973
56.132 move 953 973
56.14 move 956 973
56.148 move 958 973
56.156 move 960 974
56.164 move 963 974
56.172 move 965 974
56.18 move 967 974
56.188 move 969 974
56.197 move 971 974
56.204 move 973 974
56.213 move 975 974
56.22 move 977 974
56.228 move 979 974
56.236 move 980 974
56.244 move 982 974
56.252 move 984 974
56.26 move 985 974
56.268 move 987 974
56.276 move 988 974
56.284 move 990 974
56.293 move 991 974
56.3 move 992 974
56.309 move 994 974
56.316 move 995 974
56.324 move 996 974
56.332 move 997 974
56.34 move 998 974
56.348 move 999 974
56.356 move 1001 974
56.364 move 1002 974
56.372 move 1003 974
56.388 move 1004 974
56.397 move 1005 974
56.405 move 1006 974
56.413 move 1007 974
56.421 move 1008 974
56.437 move 1009 974
56.445 move 1010 974
56.461 move 1011 974
56.477 move 1012 974
56.493 move 1013 974
56.517 move 1014 974
56.709 click 4.753886 1.7838709
57.388 click 4.753886 1.7838709
57.901 click 4.753886 1.7838709
58.364 click 4.753886 1.7838709
58.692 enter
59.453 select running 1
60.004 start 4.0 1.0
60.007 click 3.9974093 0.9967742
60.5 click 3.9974093 0.9967742
60.98 move 869 852
60.997 move 870 852
61.005 move 872 852
61.012 move 874 851
61.02 move 875 850
61.029 move 878 849
61.036 move 880 847
61.044 move 882 845
61.052 move 885 844
61.06 move 887 842
61.068 move 890 840
61.076 move 892 838
61.084 move 894 837
61.092 move 896 835
61.1 move 898 833
61.108 move 900 832
61.116 move 902 830
61.124 move 904 829
61.133 move 905 827
61.14 move 907 826
61.148 move 909 824
61.156 move 910 823
61.165 move 912 822
61.172 move 914 820
61.18 move 915 819
61.188 move 917 818
61.196 move 919 816
61.204 move 920 815
61.212 move 922 814
61.22 move 923 813
61.228 move 924 812
61.236 move 926 811
61.244 move 927 810
61.252 move 928 809
61.26 move 930 808
61.268 move 931 807
61.276 move 932 806
61.284 move 933 806
61.292 move 934 805
61.3 move 935 805
61.308 move 935 804
61.316 move 936 804
61.324 move 937 803
61.332 move 938 803
61.348 move 939 802
61.364 move 940 802
61.388 move 941 802
61.396 move 941 801
61.404 move 941 800
61.412 move 941 799
61.42 move 942 797
61.428 move 943 796
61.436 move 944 794
61.444 move 945 792
61.452 move 947 791
61.46 move 949 789
61.469 move 951 787
61.476 move 953 785
61.484 move 956 784
61.492 move 958 782
61.501 move 960 780
61.508 move 962 778
61.516 move 964 777
61.524 move 966 775
61.532 move 968 773
61.54 move 970 772
61.548 move 972 770
61.556 move 974 768
61.564 move 976 767
61.572 move 978 765
61.58 move 979 764
61.588 move 981 763
61.596 move 983 761
61.604 move 985 760
61.612 move 986 758
61.62 move 988 757
61.628 move 990 756
61.636 move 991 755
61.644 move 993 754
61.652 move 994 752
61.66 move 996 751
61.668 move 997 750
61.676 move 999 749
61.684 move 1000 748
61.692 move 1002 748
61.7 move 1003 747
61.708 move 1004 746
61.716 move 1006 745
61.724 move 1007 744
61.732 move 1008 744
61.74 move 1009 743
61.748 move 1011 743
61.756 move 1012 742
61.764 move 1013 742
61.772 move 1014 741
61.78 move 1015 741
61.788 move 1016 741
61.796 move 1017 740
61.812 move 1018 740
61.821 move 1019 740
61.828 move 1020 739
61.844 move 1021 739
61.86 move 1022 739
61.876 move 1023 739
61.996 click 4.800518 0.26774192
62.509 click 4.800518 0.26774192
63.204 move 1021 739
63.212 move 1019 739
63.22 move 1016 739
63.228 move 1012 739
63.236 move 1008 739
63.244 move 1004 739
63.252 move 1000 739
63.26 move 996 740
63.268 move 993 740
63.276 move 989 740
63.284 move 985 740
63.292 move 981 741
63.3 move 977 741
63.308 move 974 741
63.316 move 970 741
63.324 move 967 741
63.332 move 963 742
63.34 move 960 742
63.348 move 957 742
63.356 move 953 742
63.365 move 950 742
63.373 move 947 742
63.381 move 944 742
63.389 move 940 742
63.397 move 937 742
63.405 move 934 743
63.413 move 931 743
63.421 move 929 743
63.429 move 926 743
63.437 move 923 743
63.445 move 920 743
63.453 move 917 743
63.461 move 915 743
63.469 move 912 743
63.477 move 909 743
63.485 move 907 743
63.493 move 904 743
63.501 move 902 744
63.509 move 899 744
63.517 move 897 744
63.525 move 894 744
63.533 move 892 744
63.541 move 890 744
63.548 move 888 744
63.557 move 886 744
63.565 move 884 744
63.573 move 882 744
63.581 move 880 744
63.589 move 878 744
63.597 move 876 744
63.605 move 874 744
63.613 move 872 744
63.621 move 870 744
63.629 move 869 744
63.637 move 867 744
63.644 move 865 744
63.653 move 864 744
63.661 move 862 744
63.669 move 861 744
63.677 move 859 744
63.765 move 845 744
63.772 move 844 744
63.78 move 843 744
63.797 move 842 744
63.804 move 841 744
63.812 move 840 744
63.828 move 839 744
63.844 move 838 744
63.852 move 837 744
63.868 move 836 744
63.892 move 835 744
63.924 move 834 744
64.532 click 3.8212433 0.3
64.98 enter
65.596 select short 1
66.068 start 4.0 1.0
66.071 move 868 853
66.092 move 868 854
66.1 move 869 854
66.109 move 871 854
66.117 move 872 854
66.125 move 874 854
66.133 move 876 854
66.141 move 878 854
66.149 move 880 854
66.157 move 882 854
66.165 move 884 853
66.173 move 886 853
66.181 move 888 852
66.189 move 890 852
66.197 move 892 851
66.204 move 893 850
66.213 move 895 850
66.221 move 897 850
66.229 move 898 849
66.236 move 900 849
66.245 move 902 848
66.253 move 903 848
66.261 move 905 848
66.269 move 906 848
66.277 move 908 847
66.285 move 909 847
66.293 move 910 847
66.301 move 911 847
66.309 move 913 847
66.317 move 914 847
66.324 move 915 847
66.333 move 916 847
66.341 move 917 847
66.349 move 918 847
66.356 move 919 847
66.364 move 920 847
66.372 move 921 847
66.38 move 922 847
66.388 move 923 847
66.397 move 924 847
66.412 move 925 847
66.42 move 926 847
66.428 move 927 847
66.445 move 928 847
66.461 move 929 847
66.469 move 930 847
66.493 move 931 847
66.516 move 932 847
66.557 move 933 847
66.564 move 934 847
66.572 move 936 847
66.58 move 938 847
66.588 move 942 847
66.596 move 946 847
66.604 move 950 847
66.612 move 955 847
66.62 move 959 847
66.628 move 962 847
66.636 move 966 848
66.644 move 969 848
66.652 move 973 848
66.66 move 976 849
66.668 move 979 849
66.676 move 983 850
66.684 move 986 850
66.692 move 989 850
66.701 move 992 851
66.708 move 995 851
66.716 move 998 851
66.724 move 1001 851
66.732 move 1004 852
66.74 move 1006 852
66.748 move 1009 852
66.756 move 1012 852
66.764 move 1014 852
66.772 move 1017 853
66.78 move 1020 853
66.788 move 1022 853
66.796 move 1025 853
66.804 move 1028 853
66.812 move 1030 853
66.821 move 1032 853
66.828 move 1035 854
66.836 move 1037 854
66.844 move 1039 854
66.852 move 1041 854
66.86 move 1044 854
66.868 move 1046 854
66.876 move 1048 854
66.884 move 1050 854
66.892 move 1052 854
66.9 move 1053 854
66.908 move 1055 854
66.916 move 1057 854
66.924 move 1059 854
66.932 move 1060 854
66.94 move 1062 854
66.948 move 1063 854
66.956 move 1065 854
66.964 move 1067 854
66.972 move 1068 854
66.98 move 1069 854
66.988 move 1071 854
66.996 move 1072 854
67.004 move 1074 854
67.012 move 1075 854
67.02 move 1076 854
67.028 move 1078 854
67.036 move 1079 854
67.044 move 1080 854
67.052 move 1081 854
67.06 move 1082 854
67.068 move 1083 854
67.1 move 1082 854
67.108 move 1081 854
67.117 move 1080 854
67.124 move 1079 854
67.132 move 1078 854
67.14 move 1077 854
67.156 move 1076 854
67.164 move 1075 854
67.172 move 1074 854
67.189 move 1073 854
67.196 move 1072 854
67.212 move 1071 854
67.228 move 1070 854
67.244 move 1069 854
67.276 move 1068 854
67.565 click 5.0336785 1.0096774
68.052 move 1069 855
68.06 move 1071 856
68.068 move 1073 857
68.076 move 1076 858
68.084 move 1078 860
68.092 move 1080 861
68.1 move 1081 863
68.108 move 1082 865
68.116 move 1082 866
68.124 move 1082 868
68.132 move 1082 870
68.14 move 1081 872
68.148 move 1080 874
68.156 move 1079 875
68.164 move 1078 877
68.172 move 1077 879
68.18 move 1077 880
68.188 move 1076 882
68.196 move 1075 884
68.204 move 1074 885
68.212 move 1073 887
68.22 move 1073 888
68.228 move 1072 889
68.236 move 1071 891
68.244 move 1071 892
68.252 move 1070 893
68.26 move 1069 895
68.268 move 1069 896
68.276 move 1068 897
68.284 move 1068 898
68.292 move 1067 899
68.3 move 1067 900
68.308 move 1066 901
68.324 move 1066 902
68.332 move 1065 903
68.348 move 1064 904
68.356 move 1064 905
68.38 move 1063 906
68.532 move 1063 907
68.54 move 1064 909
68.548 move 1065 910
68.556 move 1066 912
68.564 move 1067 914
68.572 move 1069 915
68.58 move 1070 917
68.588 move 1070 919
68.596 move 1070 922
68.604 move 1070 924
68.612 move 1070 926
68.62 move 1070 929
68.628 move 1070 931
68.636 move 1069 933
68.644 move 1069 936
68.652 move 1069 938
68.66 move 1068 940
68.668 move 1068 942
68.676 move 1067 944
68.684 move 1067 946
68.692 move 1066 948
68.7 move 1066 950
68.708 move 1065 952
68.716 move 1065 954
68.724 move 1065 955
68.732 move 1064 957
68.74 move 1064 959
68.748 move 1064 960
68.756 move 1063 962
68.764 move 1063 963
68.772 move 1063 965
68.78 move 1062 967
68.788 move 1062 968
68.796 move 1062 969
68.804 move 1062 971
68.812 move 1061 972
68.82 move 1061 973
68.828 move 1061 974
68.836 move 1061 975
68.844 move 1061 977
68.852 move 1061 978
68.86 move 1061 979
68.868 move 1060 979
68.876 move 1060 980
68.884 move 1060 981
68.892 move 1060 982
68.9 move 1060 983
68.916 move 1060 984
68.933 move 1060 985
68.949 move 1060 986
69.021 move 1061 986
69.037 move 1062 986
69.468 click 5.0025907 1.8612902
69.86 enter
70.276 left
70.844 select on 2
71.724 start 4.0 1.0
71.728 click 3.9974093 0.9967742
72.396 click 3.9974093 0.9967742
73.173 click 3.9974093 0.9967742
73.796 move 867 852
73.804 move 867 851
73.812 move 867 850
73.82 move 866 849
73.828 move 865 848
73.844 move 864 848
73.852 move 862 848
73.86 move 861 848
73.868 move 859 848
73.876 move 857 848
73.884 move 856 848
73.892 move 854 848
73.901 move 852 848
73.908 move 851 848
73.916 move 849 848
73.924 move 847 848
73.932 move 846 848
73.94 move 844 848
73.948 move 843 848
73.956 move 841 848
73.964 move 840 848
73.972 move 839 848
73.98 move 837 848
73.988 move 836 848
73.996 move 835 848
74.004 move 834 848
74.012 move 833 848
74.02 move 831 848
74.028 move 830 848
74.036 move 829 848
74.044 move 828 848
74.052 move 827 848
74.068 move 826 848
74.076 move 825 848
74.084 move 824 848
74.092 move 823 848
74.108 move 822 848
74.116 move 821 848
74.132 move 820 848
74.14 move 819 848
74.156 move 818 848
74.18 move 817 848
74.212 move 816 848
74.276 move 815 849
74.284 move 814 849
74.292 move 812 850
74.3 move 810 850
74.308 move 808 850
74.317 move 805 851
74.325 move 802 851
74.333 move 800 851
74.341 move 797 852
74.349 move 794 852
74.357 move 792 852
74.365 move 789 852
74.373 move 787 852
74.381 move 784 853
74.389 move 782 853
74.397 move 779 853
74.405 move 777 853
74.413 move 774 853
74.421 move 772 854
74.429 move 770 854
74.437 move 768 854
74.445 move 766 854
74.452 move 764 854
74.461 move 762 854
74.469 move 759 854
74.477 move 758 854
74.485 move 756 854
74.493 move 754 854
74.501 move 752 854
74.509 move 750 854
74.517 move 749 854
74.525 move 747 854
74.533 move 745 854
74.54 move 744 855
74.549 move 742 855
74.557 move 741 855
74.565 move 739 855
74.573 move 738 855
74.581 move 736 855
74.589 move 735 855
74.597 move 734 855
74.604 move 733 855
74.613 move 732 855
74.621 move 731 855
74.629 move 730 855
74.636 move 729 855
74.644 move 728 855
74.653 move 727 855
74.661 move 726 855
74.677 move 725 855
74.692 move 724 855
74.876 click 3.2512953 1.016129
75.508 click 3.2512953 1.016129
76.004 enter
77.844 left
78.437 select words 2
