0.001 session 1
0.005 phrase construction makes traveling difficult
0.055 start 4.0 1.0
0.055 move 868 852
0.334 move 869 852
0.354 move 871 852
0.384 move 880 848
0.384 move 893 841
0.399 move 903 836
0.404 move 913 831
0.414 move 924 825
0.414 move 934 821
0.424 move 942 817
0.434 move 949 815
0.444 move 953 813
0.454 move 957 812
0.454 move 959 811
0.715 move 957 811
0.725 move 955 813
0.735 move 951 814
0.735 move 944 818
0.745 move 937 822
0.755 move 929 826
0.765 move 919 830
0.775 move 905 837
0.775 move 898 840
0.785 move 894 842
0.799 move 891 843
0.805 move 889 844
0.805 move 888 844
0.815 move 887 845
0.855 move 886 845
2.199 move 886 846
2.206 move 886 847
2.206 move 885 849
2.216 move 884 851
2.226 move 882 855
2.236 move 881 857
2.246 move 879 860
2.246 move 878 862
2.286 move 871 872
2.286 move 869 874
2.303 move 867 877
2.306 move 865 879
2.316 move 863 882
2.326 move 860 884
2.326 move 857 886
2.336 move 855 889
2.346 move 852 892
2.356 move 849 894
2.366 move 847 896
2.366 move 844 898
2.376 move 841 901
2.386 move 839 904
2.399 move 836 906
2.406 move 833 909
2.406 move 830 911
2.416 move 827 913
2.426 move 825 914
2.436 move 822 916
2.446 move 818 918
2.446 move 814 920
2.456 move 809 923
2.466 move 804 925
2.476 move 798 928
2.486 move 792 931
2.486 move 787 933
2.503 move 781 936
2.507 move 775 939
2.517 move 769 942
2.527 move 763 945
2.527 move 759 948
2.537 move 755 950
2.547 move 752 951
2.557 move 750 952
2.567 move 748 953
2.567 move 747 954
2.686 move 749 954
2.686 move 753 951
2.703 move 761 945
2.706 move 773 936
2.716 move 788 925
2.726 move 807 914
2.726 move 827 901
2.736 move 851 888
2.746 move 873 875
2.756 move 895 863
2.766 move 915 851
2.766 move 933 840
2.776 move 948 830
2.786 move 962 821
2.799 move 974 813
2.807 move 987 804
2.807 move 998 796
2.817 move 1009 789
2.827 move 1019 782
2.837 move 1029 776
2.847 move 1038 770
2.847 move 1046 765
2.857 move 1052 762
2.867 move 1058 759
2.877 move 1062 756
2.887 move 1065 755
2.887 move 1066 755
2.917 move 1066 756
2.927 move 1066 758
2.927 move 1064 761
2.937 move 1062 764
2.947 move 1060 767
2.957 move 1057 771
2.967 move 1054 775
2.967 move 1050 779
2.977 move 1046 783
2.987 move 1043 787
2.999 move 1039 791
3.007 move 1034 794
3.007 move 1029 798
3.017 move 1023 802
3.027 move 1016 807
3.037 move 1008 812
3.037 move 999 817
3.068 move 971 832
3.078 move 962 836
3.078 move 953 840
3.087 move 944 845
3.103 move 935 849
3.107 move 928 853
3.117 move 920 856
3.127 move 913 860
3.127 move 907 863
3.137 move 901 865
3.147 move 895 867
3.157 move 890 869
3.167 move 886 871
3.167 move 882 873
3.177 move 879 874
3.187 move 876 876
3.199 move 873 877
3.207 move 869 878
3.208 move 866 880
3.218 move 863 881
3.228 move 861 882
3.238 move 857 884
3.238 move 854 885
3.248 move 852 886
3.258 move 849 887
3.268 move 846 889
3.278 move 844 890
3.278 move 841 891
3.288 move 839 892
3.303 move 837 893
3.308 move 836 894
3.318 move 834 894
3.318 move 832 895
3.328 move 831 896
3.338 move 829 896
3.348 move 827 897
3.358 move 826 898
3.358 move 825 899
3.368 move 824 899
3.388 move 824 900
3.708 move 824 901
3.718 move 824 904
3.718 move 824 908
3.728 move 825 911
3.738 move 825 915
3.748 move 825 918
3.758 move 824 921
3.758 move 822 924
3.768 move 819 929
3.778 move 817 932
3.788 move 815 934
3.799 move 812 937
3.807 move 810 939
3.809 move 807 942
3.819 move 804 944
3.829 move 802 946
3.839 move 798 948
3.839 move 795 950
3.849 move 792 952
3.859 move 789 954
3.869 move 786 955
3.879 move 783 957
3.879 move 781 958
3.889 move 778 959
3.903 move 776 960
3.909 move 774 961
3.919 move 772 961
3.919 move 770 962
3.929 move 769 962
3.939 move 768 962
3.949 move 766 963
3.959 move 765 963
3.959 move 764 963
3.969 move 763 964
3.979 move 761 964
3.989 move 760 964
4.0 move 759 964
4.007 move 758 964
4.009 move 757 964
4.019 move 756 964
4.029 move 755 964
4.029 move 754 964
4.039 move 754 965
4.049 move 753 965
4.059 move 752 965
4.079 move 751 965
4.119 move 750 966
4.599 click 3.3860104 1.7322581
5.719 click 3.3860104 1.7322581
6.29 click 3.3860104 1.7322581
7.541 move 749 966
7.551 move 747 968
7.551 move 744 970
7.561 move 738 973
7.571 move 730 977
7.581 move 721 981
7.591 move 712 985
7.591 move 701 989
7.607 move 691 992
7.611 move 680 996
7.621 move 668 1001
7.621 move 657 1004
7.631 move 644 1007
7.641 move 631 1010
7.651 move 618 1012
7.661 move 605 1014
7.661 move 593 1016
7.671 move 581 1018
7.681 move 570 1019
7.691 move 560 1020
7.703 move 551 1021
7.711 move 544 1021
7.712 move 538 1021
7.722 move 532 1021
7.732 move 528 1021
7.742 move 524 1021
7.742 move 521 1021
7.752 move 517 1022
7.762 move 514 1022
7.772 move 511 1022
7.782 move 508 1022
7.782 move 505 1022
7.792 move 502 1022
7.807 move 499 1022
7.811 move 497 1022
7.821 move 494 1023
7.821 move 492 1023
7.831 move 490 1023
7.841 move 488 1023
7.851 move 485 1023
7.861 move 483 1023
7.861 move 480 1023
7.871 move 478 1023
7.881 move 475 1024
7.891 move 472 1024
7.903 move 470 1024
7.911 move 467 1024
7.911 move 464 1024
7.921 move 461 1024
7.932 move 457 1024
7.942 move 454 1024
7.942 move 451 1024
7.951 move 448 1024
7.961 move 446 1024
7.972 move 445 1024
7.982 move 444 1024
7.982 move 443 1024
8.007 move 442 1023
8.012 move 441 1022
8.022 move 440 1021
8.032 move 440 1020
8.062 move 442 1019
8.062 move 443 1019
8.082 move 444 1019
8.352 move 444 1018
8.362 move 443 1017
8.372 move 441 1015
8.382 move 439 1014
8.382 move 437 1014
8.392 move 435 1014
8.407 move 434 1013
8.412 move 432 1012
8.422 move 430 1011
8.422 move 427 1010
8.432 move 424 1009
8.442 move 421 1008
8.452 move 418 1007
8.462 move 415 1005
8.462 move 412 1005
8.472 move 408 1004
8.482 move 404 1003
8.492 move 401 1002
8.503 move 398 1001
8.511 move 395 1001
8.513 move 392 1000
8.523 move 389 1000
8.533 move 386 1000
8.543 move 384 1000
8.543 move 382 1000
8.553 move 380 999
8.563 move 378 999
8.573 move 376 999
8.583 move 375 999
8.583 move 373 999
8.593 move 372 999
8.607 move 370 998
8.612 move 369 998
8.622 move 368 998
8.622 move 367 998
8.632 move 366 998
8.652 move 365 998
8.662 move 364 998
8.672 move 363 998
8.682 move 363 997
8.692 move 362 997
8.703 move 361 997
8.711 move 361 996
8.713 move 360 996
9.163 click 1.3652849 1.9258065
10.686 move 362 995
10.696 move 366 994
10.711 move 372 992
10.716 move 377 991
10.726 move 382 990
10.726 move 389 989
10.736 move 397 987
10.746 move 406 984
10.756 move 417 981
10.766 move 428 977
10.766 move 439 974
10.776 move 449 970
10.786 move 459 967
10.796 move 468 965
10.807 move 476 963
10.815 move 484 961
10.817 move 491 960
10.827 move 498 958
10.837 move 507 957
10.847 move 515 956
10.847 move 523 955
10.857 move 532 954
10.867 move 539 953
10.877 move 547 952
10.887 move 553 952
10.887 move 560 951
10.897 move 565 951
10.911 move 571 951
10.916 move 576 951
10.926 move 580 951
10.926 move 584 951
10.936 move 587 951
10.946 move 590 951
10.956 move 593 951
10.966 move 596 951
10.966 move 599 951
10.976 move 601 951
10.986 move 603 951
10.996 move 604 951
11.007 move 606 951
11.015 move 607 951
11.027 move 608 951
11.047 move 609 951
11.067 move 610 951
11.127 move 608 951
11.127 move 606 951
11.137 move 604 952
11.147 move 602 952
11.157 move 600 952
11.167 move 598 952
11.167 move 597 952
11.177 move 596 952
11.187 move 595 952
11.197 move 594 952
11.215 move 593 952
11.958 click 2.5725389 1.6419356
13.63 click 2.5725389 1.6419356
14.251 move 594 952
14.261 move 596 952
14.271 move 599 952
14.271 move 601 952
14.281 move 603 953
14.291 move 605 953
14.301 move 607 953
14.311 move 610 953
14.319 move 612 953
14.322 move 615 953
14.332 move 618 953
14.342 move 621 953
14.342 move 624 953
14.352 move 627 953
14.362 move 629 953
14.372 move 631 952
14.382 move 633 952
14.382 move 636 951
14.392 move 638 951
14.402 move 641 951
14.415 move 644 950
14.422 move 647 950
14.422 move 650 950
14.432 move 653 949
14.442 move 656 949
14.452 move 660 948
14.462 move 663 947
14.462 move 667 947
14.472 move 670 947
14.482 move 674 946
14.492 move 678 946
14.502 move 681 945
14.502 move 686 945
14.519 move 690 945
14.522 move 694 945
14.532 move 698 945
14.542 move 701 944
14.542 move 705 944
14.552 move 708 944
14.562 move 711 944
14.572 move 713 944
14.582 move 716 944
14.582 move 720 944
14.592 move 723 944
14.602 move 726 944
14.615 move 729 944
14.622 move 732 944
14.622 move 735 944
14.632 move 738 944
14.642 move 742 944
14.652 move 745 944
14.662 move 748 944
14.662 move 752 944
14.672 move 756 944
14.682 move 759 944
14.692 move 763 944
14.702 move 766 944
14.702 move 770 944
14.719 move 773 944
14.722 move 777 944
14.732 move 780 944
14.742 move 784 944
14.742 move 788 944
14.752 move 791 945
14.762 move 795 945
14.772 move 799 946
14.782 move 802 947
14.782 move 806 947
14.792 move 809 948
14.802 move 812 948
14.815 move 816 948
14.822 move 819 949
14.822 move 822 949
14.832 move 824 949
14.842 move 827 949
14.852 move 829 950
14.862 move 831 950
14.862 move 833 950
14.872 move 834 950
14.882 move 834 951
15.443 click 3.8212433 1.635484
16.225 click 3.8212433 1.635484
16.855 click 3.8212433 1.635484
17.596 click 3.8212433 1.635484
18.257 move 835 951
18.277 move 836 951
18.287 move 838 950
18.287 move 841 948
18.297 move 844 946
18.307 move 849 942
18.319 move 853 939
18.327 move 857 936
18.327 move 859 934
18.337 move 861 931
18.347 move 863 929
18.357 move 864 927
18.367 move 865 926
18.367 move 865 924
18.377 move 866 922
18.387 move 866 920
18.397 move 866 918
18.407 move 866 915
18.407 move 866 912
18.423 move 866 909
18.427 move 866 905
18.437 move 866 901
18.437 move 865 897
18.447 move 864 893
18.457 move 863 888
18.467 move 861 883
18.477 move 859 878
18.477 move 857 872
18.487 move 855 867
18.497 move 853 861
18.507 move 850 855
18.519 move 848 850
18.527 move 845 844
18.528 move 843 839
18.538 move 840 833
18.548 move 838 828
18.558 move 836 823
18.558 move 833 818
18.568 move 830 812
18.578 move 827 807
18.588 move 824 802
18.598 move 822 797
18.598 move 820 793
18.608 move 818 789
18.623 move 816 785
18.627 move 815 782
18.637 move 813 777
18.637 move 811 774
18.647 move 810 770
18.657 move 808 766
18.667 move 807 763
18.677 move 806 760
18.677 move 805 758
18.687 move 804 755
18.697 move 803 753
18.707 move 802 751
18.719 move 802 748
18.727 move 801 746
18.728 move 801 743
18.738 move 800 741
18.748 move 800 739
18.758 move 800 737
18.758 move 800 735
18.768 move 800 733
18.778 move 800 731
18.788 move 800 729
18.798 move 800 728
18.798 move 800 726
18.808 move 800 725
18.823 move 800 724
18.838 move 800 723
19.32 click 3.6450777 0.16451615
19.59 click 3.6450777 0.16451615
20.811 enter
21.543 select construction 1
21.553 start 4.0 1.0
21.553 move 868 852
22.333 move 868 853
22.333 move 868 854
22.344 move 869 857
22.354 move 869 859
22.364 move 869 861
22.374 move 869 863
22.374 move 869 865
22.384 move 869 866
22.394 move 869 868
22.404 move 869 870
22.414 move 869 872
22.414 move 869 874
22.431 move 869 876
22.434 move 869 879
22.444 move 869 881
22.454 move 869 883
22.454 move 869 885
22.464 move 869 887
22.474 move 869 889
22.484 move 869 891
22.494 move 869 894
22.494 move 869 896
22.504 move 870 898
22.514 move 870 900
22.527 move 871 902
22.533 move 871 904
22.533 move 871 906
22.544 move 872 908
22.554 move 872 910
22.564 move 872 912
22.574 move 872 914
22.574 move 872 916
22.584 move 872 917
22.594 move 873 918
22.604 move 873 920
22.614 move 873 921
22.614 move 873 922
22.631 move 873 924
22.634 move 873 925
22.644 move 873 926
22.654 move 873 927
22.664 move 873 928
23.115 move 873 929
23.135 move 873 930
23.145 move 873 932
23.155 move 873 934
23.165 move 873 937
23.175 move 874 939
23.175 move 875 941
23.185 move 875 943
23.195 move 876 946
23.205 move 876 948
23.215 move 876 951
23.215 move 876 953
23.231 move 875 956
23.235 move 874 958
23.245 move 873 960
23.255 move 872 963
23.255 move 871 965
23.265 move 870 967
23.275 move 869 968
23.285 move 868 969
23.295 move 868 971
23.295 move 867 972
23.305 move 867 973
23.327 move 867 974
23.777 click 3.992228 1.7838709
24.535 move 866 974
24.547 move 864 975
24.557 move 861 975
24.567 move 857 976
24.567 move 852 976
24.577 move 845 977
24.587 move 838 978
24.597 move 831 978
24.607 move 822 979
24.607 move 812 980
24.617 move 801 981
24.631 move 788 981
24.637 move 774 982
24.637 move 760 983
24.647 move 745 984
24.657 move 728 986
24.667 move 712 987
24.677 move 697 988
24.677 move 684 990
24.687 move 671 991
24.697 move 659 993
24.707 move 648 994
24.717 move 637 995
24.717 move 626 996
24.735 move 617 997
24.738 move 609 998
24.748 move 602 998
24.758 move 594 998
24.758 move 588 999
24.768 move 582 999
24.778 move 577 999
24.788 move 571 999
24.798 move 565 1000
24.798 move 560 1000
24.808 move 555 1001
24.818 move 551 1001
24.831 move 547 1002
24.838 move 544 1003
24.838 move 541 1003
24.848 move 538 1004
24.858 move 535 1004
24.868 move 534 1004
24.878 move 532 1004
24.878 move 530 1004
24.888 move 529 1004
24.898 move 528 1004
24.908 move 527 1004
24.918 move 526 1004
25.217 move 525 1004
25.231 move 522 1004
25.238 move 519 1004
25.238 move 515 1004
25.248 move 509 1004
25.258 move 503 1004
25.268 move 496 1004
25.278 move 488 1004
25.278 move 481 1004
25.288 move 474 1004
25.298 move 468 1004
25.308 move 461 1004
25.318 move 457 1004
25.318 move 453 1004
25.335 move 449 1004
25.338 move 446 1004
25.348 move 442 1004
25.358 move 439 1004
25.358 move 435 1004
25.368 move 431 1004
25.378 move 427 1004
25.388 move 424 1004
25.398 move 420 1004
25.398 move 417 1004
25.408 move 413 1004
25.418 move 410 1004
25.431 move 408 1004
25.438 move 405 1004
25.438 move 403 1004
25.448 move 401 1004
25.458 move 399 1004
25.468 move 397 1004
25.478 move 395 1004
25.478 move 394 1004
25.488 move 393 1004
25.498 move 392 1004
25.508 move 391 1004
25.518 move 390 1004
25.535 move 389 1004
25.918 move 388 1004
25.918 move 387 1004
25.935 move 386 1004
25.939 move 383 1004
25.949 move 381 1004
25.959 move 378 1004
25.959 move 375 1004
25.969 move 373 1004
25.979 move 371 1004
25.989 move 369 1004
25.999 move 367 1004
25.999 move 366 1004
26.009 move 364 1004
26.019 move 363 1004
26.031 move 361 1004
26.039 move 359 1004
26.039 move 358 1004
26.049 move 356 1004
26.059 move 355 1004
26.069 move 354 1004
26.549 click 1.3341969 1.9774194
26.81 move 355 1004
26.82 move 357 1004
26.831 move 359 1004
26.839 move 361 1005
26.84 move 364 1005
26.85 move 366 1006
26.86 move 369 1006
26.87 move 373 1006
26.87 move 378 1006
26.88 move 384 1006
26.89 move 390 1006
26.9 move 395 1006
26.91 move 400 1006
26.91 move 404 1006
26.92 move 407 1006
26.935 move 409 1006
26.94 move 412 1006
26.95 move 413 1006
26.95 move 415 1006
26.96 move 416 1006
26.97 move 417 1006
26.98 move 418 1006
26.99 move 419 1006
27.01 move 419 1005
27.031 move 420 1004
27.04 move 420 1002
27.05 move 420 1001
27.06 move 421 1000
27.07 move 421 998
27.07 move 421 996
27.08 move 421 994
27.09 move 421 992
27.1 move 421 990
27.11 move 420 988
27.11 move 420 985
27.12 move 419 983
27.135 move 419 981
27.14 move 418 979
27.15 move 418 976
27.15 move 417 973
27.16 move 417 970
27.17 move 416 968
27.18 move 416 965
27.19 move 416 962
27.19 move 415 960
27.2 move 415 957
27.21 move 415 954
27.22 move 415 952
27.231 move 415 949
27.239 move 415 947
27.24 move 415 944
27.25 move 415 942
27.26 move 414 939
27.27 move 414 937
27.27 move 414 934
27.28 move 414 932
27.29 move 414 929
27.3 move 414 927
27.31 move 414 924
27.31 move 414 922
27.32 move 414 919
27.335 move 414 917
27.34 move 415 914
27.35 move 415 912
27.35 move 415 910
27.36 move 415 908
27.37 move 416 905
27.38 move 416 903
27.39 move 416 901
27.39 move 416 899
27.4 move 417 897
27.41 move 417 895
27.42 move 417 893
27.431 move 418 890
27.439 move 418 889
27.44 move 419 887
27.45 move 419 885
27.46 move 420 884
27.47 move 420 883
27.47 move 420 882
27.48 move 421 881
27.5 move 421 880
28.021 click 1.6813471 1.1774193
28.741 click 1.6813471 1.1774193
29.562 enter
30.213 select make 1
30.213 start 4.0 1.0
30.213 move 868 852
31.314 click 3.9974093 0.9967742
32.015 move 867 852
32.025 move 864 852
32.039 move 861 852
32.046 move 856 852
32.046 move 850 852
32.056 move 842 852
32.066 move 835 853
32.076 move 826 853
32.086 move 817 853
32.086 move 808 854
32.096 move 800 854
32.106 move 792 854
32.116 move 785 854
32.126 move 778 855
32.126 move 772 855
32.143 move 767 855
32.146 move 762 855
32.156 move 758 855
32.166 move 754 855
32.166 move 751 855
32.176 move 747 855
32.186 move 743 855
32.196 move 739 855
32.206 move 736 855
32.206 move 732 855
32.216 move 728 855
32.226 move 725 855
32.239 move 722 855
32.246 move 719 855
32.246 move 716 855
32.256 move 714 855
32.266 move 712 855
32.276 move 709 855
32.286 move 708 855
32.286 move 707 855
32.296 move 706 855
32.306 move 705 855
32.756 click 3.1528497 1.016129
33.357 click 3.1528497 1.016129
33.943 move 705 856
33.948 move 704 859
33.958 move 702 864
33.958 move 700 872
33.968 move 697 881
33.978 move 692 892
33.988 move 687 900
33.998 move 683 909
33.998 move 678 916
34.008 move 674 922
34.018 move 671 927
34.028 move 669 933
34.039 move 667 937
34.047 move 665 941
34.048 move 664 944
34.058 move 663 946
34.068 move 662 948
34.078 move 661 950
34.078 move 661 952
34.088 move 660 954
34.098 move 659 955
34.108 move 659 956
34.118 move 658 957
34.118 move 658 958
34.128 move 658 959
34.148 move 658 960
34.678 click 2.9093263 1.6935484
35.247 move 657 960
35.249 move 654 962
35.259 move 651 964
35.269 move 649 965
36.62 click 2.8834198 1.7064517
38.813 click 2.8834198 1.7064517
39.715 click 2.8834198 1.7064517
40.225 click 2.8834198 1.7064517
40.806 click 2.8834198 1.7064517
41.757 enter
43.158 left
43.87 select traveling 2
43.88 start 4.0 1.0
43.88 move 868 852
45.241 click 3.9974093 0.9967742
45.982 move 867 853
45.992 move 864 853
46.002 move 862 855
46.103 move 866 855
47.334 click 3.9870467 1.016129
48.159 click 3.9870467 1.016129
49.226 move 863 855
49.236 move 858 855
49.246 move 850 855
49.246 move 839 855
49.263 move 829 855
49.267 move 819 855
49.277 move 809 857
49.287 move 800 859
49.287 move 793 861
49.297 move 786 863
49.307 move 781 864
49.317 move 776 864
49.327 move 771 864
49.327 move 766 865
49.337 move 762 865
49.347 move 759 865
49.359 move 755 865
49.366 move 751 865
49.366 move 747 865
49.376 move 743 865
49.386 move 739 865
49.396 move 735 865
49.406 move 730 865
49.406 move 726 865
49.416 move 722 865
49.426 move 718 865
49.436 move 715 865
49.446 move 713 865
49.446 move 711 865
49.463 move 710 865
49.497 move 710 864
49.507 move 710 863
49.527 move 710 862
49.527 move 711 861
49.559 move 711 860
49.927 click 3.1839378 1.048387
50.588 move 712 860
50.598 move 713 860
50.598 move 716 860
50.608 move 719 860
50.618 move 723 860
50.628 move 728 860
50.638 move 734 860
50.638 move 742 860
50.648 move 750 859
50.663 move 758 858
50.668 move 767 857
50.678 move 776 856
50.678 move 785 856
50.688 move 793 855
50.698 move 802 855
50.708 move 810 855
50.718 move 819 855
50.718 move 825 855
50.728 move 833 855
50.738 move 841 855
50.748 move 849 855
50.759 move 859 856
50.767 move 870 856
50.769 move 881 857
50.779 move 893 857
50.789 move 904 858
50.799 move 915 858
50.799 move 925 858
50.809 move 936 859
50.819 move 945 859
50.829 move 954 860
50.839 move 961 860
50.839 move 968 861
50.849 move 974 861
50.863 move 979 861
50.868 move 984 861
50.878 move 987 862
50.878 move 990 862
50.888 move 992 862
50.898 move 993 863
50.908 move 995 863
50.918 move 997 864
50.918 move 999 864
50.928 move 1001 865
50.938 move 1003 865
50.948 move 1005 865
50.96 move 1007 865
50.967 move 1008 866
50.969 move 1009 866
50.979 move 1010 866
50.999 move 1011 866
51.039 move 1011 867
51.609 click 4.738342 1.0935484
52.68 click 4.738342 1.0935484
53.25 click 4.738342 1.0935484
53.801 click 4.738342 1.0935484
54.401 click 4.738342 1.0935484
55.112 enter
55.783 select difficult 1
55.793 start 4.0 1.0
55.793 move 868 852
57.915 phrase valid until the end of the year
59.246 start 4.0 1.0
59.246 move 868 853
59.246 move 868 856
59.256 move 868 860
59.271 move 868 866
59.276 move 867 872
59.287 move 866 877
59.287 move 865 883
59.297 move 864 887
59.307 move 863 892
59.317 move 862 897
59.327 move 862 901
59.327 move 861 906
59.337 move 860 911
59.347 move 859 914
59.357 move 858 917
59.367 move 857 921
59.375 move 856 924
59.377 move 855 927
59.387 move 853 931
59.397 move 852 934
59.397 move 851 937
59.407 move 850 940
59.417 move 850 942
59.427 move 849 943
59.437 move 849 945
59.437 move 849 946
59.447 move 849 947
59.457 move 849 948
59.471 move 849 949
59.487 move 849 950
60.087 click 3.898964 1.6290324
60.878 move 847 950
60.878 move 844 951
60.888 move 839 953
60.898 move 831 955
60.908 move 821 959
60.918 move 809 961
60.918 move 796 963
60.928 move 780 965
60.938 move 764 968
60.948 move 746 969
60.958 move 727 970
60.958 move 708 972
60.975 move 687 973
60.979 move 665 974
60.989 move 646 975
60.999 move 627 975
60.999 move 611 975
61.009 move 596 975
61.019 move 584 975
61.029 move 572 974
61.039 move 561 973
61.039 move 550 972
61.049 move 539 971
61.059 move 530 970
61.071 move 522 970
61.078 move 514 969
61.078 move 507 968
61.088 move 500 968
61.098 move 494 968
61.108 move 489 967
61.118 move 484 967
61.118 move 480 967
61.128 move 477 967
61.138 move 474 967
61.148 move 471 967
61.158 move 469 967
61.158 move 467 967
61.175 move 465 967
61.179 move 463 967
61.189 move 462 967
61.199 move 461 967
61.199 move 460 967
61.409 move 459 967
61.419 move 458 967
61.429 move 456 967
61.439 move 453 967
61.439 move 449 967
61.449 move 443 967
61.459 move 438 967
61.471 move 431 967
61.479 move 425 967
61.479 move 418 968
61.489 move 411 968
61.499 move 404 968
61.509 move 398 968
61.519 move 392 968
61.519 move 387 968
61.529 move 383 968
61.539 move 380 968
61.549 move 377 968
61.559 move 374 968
61.559 move 371 968
61.575 move 369 968
61.578 move 367 968
61.589 move 365 968
61.599 move 363 968
61.599 move 361 968
61.609 move 359 968
61.619 move 357 968
61.629 move 355 968
61.639 move 354 969
61.639 move 353 969
61.649 move 352 969
61.659 move 351 970
61.679 move 350 970
61.679 move 350 971
61.719 move 350 972
61.729 move 351 972
61.739 move 353 973
61.749 move 355 974
61.759 move 357 974
61.759 move 358 975
61.775 move 359 976
61.779 move 360 976
61.789 move 361 977
61.799 move 362 977
62.109 click 1.3756477 1.8032258
62.91 move 361 976
62.91 move 359 975
62.92 move 357 974
62.93 move 355 973
62.94 move 353 972
62.95 move 352 970
62.95 move 350 968
62.96 move 349 967
62.975 move 348 965
62.98 move 347 963
62.99 move 346 960
62.99 move 345 957
63.0 move 344 953
63.01 move 344 950
63.02 move 343 946
63.03 move 343 942
63.03 move 343 937
63.04 move 343 933
63.05 move 342 928
63.06 move 342 923
63.071 move 342 917
63.079 move 342 912
63.08 move 342 905
63.09 move 342 900
63.101 move 343 893
63.111 move 344 887
63.111 move 345 881
63.12 move 346 875
63.13 move 346 869
63.141 move 347 864
63.151 move 347 861
63.151 move 348 857
63.16 move 348 854
63.175 move 349 851
63.18 move 350 848
63.19 move 352 845
63.19 move 352 843
63.2 move 353 841
63.21 move 354 840
63.22 move 354 838
63.23 move 355 837
63.23 move 355 835
63.24 move 356 834
63.26 move 356 833
63.521 move 354 833
63.531 move 351 835
63.541 move 348 836
63.551 move 346 837
63.551 move 344 837
63.561 move 342 837
63.575 move 341 837
63.591 move 341 836
63.591 move 341 835
63.601 move 340 833
63.611 move 340 831
63.621 move 340 829
63.631 move 340 827
63.631 move 340 824
63.641 move 340 821
63.651 move 340 819
63.661 move 340 817
63.671 move 340 815
63.679 move 340 813
63.681 move 340 811
63.691 move 339 810
63.701 move 339 809
63.711 move 339 807
63.711 move 339 805
63.721 move 339 804
63.731 move 339 803
63.741 move 339 801
63.751 move 339 800
63.751 move 339 798
63.761 move 339 797
63.775 move 340 795
63.78 move 340 794
63.79 move 341 792
63.79 move 341 791
63.8 move 342 790
63.81 move 342 789
63.82 move 343 788
63.83 move 343 786
63.83 move 344 785
63.84 move 344 784
63.86 move 345 783
63.871 move 345 782
63.879 move 345 781
63.881 move 346 780
63.891 move 346 779
63.901 move 346 778
63.911 move 347 777
63.911 move 347 776
63.931 move 347 775
63.941 move 348 775
63.951 move 348 774
63.975 move 348 773
63.991 move 348 772
63.991 move 349 772
64.0 move 349 771
64.021 move 349 770
64.041 move 349 769
64.061 move 349 768
64.071 move 350 767
64.081 move 350 766
64.111 move 350 765
64.111 move 351 765
64.121 move 351 764
64.141 move 351 763
64.191 move 352 763
64.191 move 352 762
64.281 move 352 763
64.291 move 352 764
64.301 move 351 765
64.311 move 351 766
64.311 move 350 768
64.321 move 350 770
64.331 move 349 772
64.341 move 348 773
64.351 move 347 775
64.351 move 347 778
64.361 move 346 780
64.375 move 345 782
64.381 move 344 784
64.381 move 343 787
64.391 move 342 789
64.401 move 341 792
64.411 move 340 794
64.421 move 338 796
64.421 move 337 798
64.431 move 336 800
64.441 move 335 802
64.451 move 334 803
64.461 move 333 805
64.461 move 332 806
64.479 move 331 807
64.482 move 331 808
64.492 move 330 808
64.962 click 1.2098446 0.71290326
65.503 move 332 808
65.503 move 334 808
65.513 move 335 808
65.523 move 336 808
65.533 move 338 808
65.543 move 339 808
65.543 move 340 808
65.553 move 342 808
65.563 move 344 808
65.575 move 347 808
65.583 move 350 807
65.583 move 354 806
65.593 move 357 804
65.603 move 361 801
65.613 move 365 799
65.623 move 369 797
65.623 move 373 795
65.633 move 378 791
65.643 move 383 789
65.653 move 388 786
65.663 move 394 783
65.663 move 399 780
65.679 move 404 777
65.683 move 409 775
65.693 move 415 772
65.693 move 421 769
65.703 move 427 766
65.713 move 434 764
65.723 move 442 761
65.733 move 449 757
65.733 move 457 755
65.743 move 466 752
65.753 move 474 749
65.763 move 482 747
65.775 move 491 744
65.783 move 499 742
65.784 move 508 740
65.794 move 516 738
65.804 move 525 737
65.814 move 533 735
65.814 move 541 734
65.824 move 547 733
65.834 move 554 732
65.844 move 560 731
65.854 move 565 731
65.854 move 570 730
65.864 move 575 730
65.879 move 580 730
65.884 move 585 729
65.894 move 589 729
65.894 move 594 729
65.904 move 597 729
65.914 move 600 728
65.924 move 603 728
65.934 move 605 728
65.934 move 607 728
65.944 move 609 728
65.954 move 611 728
65.964 move 612 728
65.975 move 613 728
65.983 move 614 728
65.984 move 615 728
66.083 move 614 728
66.093 move 613 728
66.093 move 611 728
66.103 move 609 728
66.113 move 607 728
66.123 move 606 728
66.133 move 605 728
66.133 move 604 728
66.143 move 603 728
66.175 move 602 728
66.604 click 2.619171 0.19677418
67.455 move 601 730
67.465 move 600 732
67.479 move 598 734
67.486 move 596 736
67.486 move 593 739
67.496 move 590 741
67.506 move 586 744
67.516 move 582 747
67.526 move 577 751
67.526 move 573 755
67.536 move 568 758
67.546 move 562 762
67.556 move 556 767
67.566 move 550 771
67.566 move 544 774
67.583 move 538 778
67.586 move 530 782
67.596 move 524 786
67.606 move 518 790
67.606 move 513 793
67.616 move 507 795
67.626 move 502 798
67.636 move 498 800
67.646 move 494 803
67.646 move 491 804
67.656 move 488 806
67.666 move 486 807
67.679 move 484 809
67.685 move 482 810
67.685 move 480 811
67.696 move 478 812
67.705 move 477 813
67.716 move 476 814
67.726 move 474 815
67.726 move 473 816
67.736 move 473 817
67.745 move 472 818
67.766 move 471 819
67.783 move 470 820
67.796 move 470 821
68.296 click 1.9352331 0.79677415
69.057 enter
69.783 select valid 1
69.788 start 4.0 1.0
69.788 move 868 852
70.409 move 870 852
70.419 move 873 852
70.429 move 878 852
70.439 move 884 852
70.439 move 891 852
70.449 move 899 852
70.459 move 907 851
70.469 move 917 850
70.479 move 926 849
70.487 move 936 848
70.489 move 947 846
70.499 move 956 844
70.509 move 966 843
70.509 move 974 842
70.519 move 983 842
70.529 move 990 841
70.539 move 995 841
70.549 move 1001 841
70.549 move 1007 841
70.559 move 1014 841
70.569 move 1020 840
70.583 move 1027 840
70.589 move 1034 840
70.599 move 1041 840
70.599 move 1048 840
70.609 move 1055 840
70.619 move 1062 840
70.629 move 1069 840
70.639 move 1075 840
70.639 move 1081 840
70.649 move 1085 840
70.659 move 1089 840
70.669 move 1091 840
70.679 move 1093 840
70.687 move 1095 840
70.69 move 1096 840
70.7 move 1097 840
70.75 move 1095 840
70.76 move 1092 840
70.77 move 1089 840
70.783 move 1086 840
70.789 move 1083 839
70.789 move 1079 839
70.799 move 1076 839
70.809 move 1073 839
70.82 move 1070 839
70.83 move 1066 839
70.83 move 1063 839
70.839 move 1060 839
70.849 move 1057 839
70.86 move 1054 838
70.87 move 1052 838
70.87 move 1050 838
70.887 move 1048 838
70.89 move 1046 838
70.9 move 1044 838
70.91 move 1043 838
70.91 move 1041 838
70.92 move 1040 838
70.93 move 1038 838
70.94 move 1037 838
70.95 move 1035 838
70.95 move 1034 838
70.97 move 1033 838
70.99 move 1032 838
71.46 click 4.8471503 0.9064516
71.97 move 1032 839
71.983 move 1033 841
71.99 move 1033 845
71.99 move 1033 848
72.0 move 1033 851
72.01 move 1033 855
72.02 move 1033 858
72.03 move 1032 861
72.03 move 1031 864
72.04 move 1030 868
72.05 move 1030 872
72.06 move 1029 875
72.07 move 1028 879
72.07 move 1027 882
72.087 move 1026 885
72.091 move 1026 888
72.101 move 1025 891
72.111 move 1024 893
72.111 move 1023 896
72.121 move 1023 898
72.131 move 1022 900
72.141 move 1022 902
72.151 move 1021 904
72.151 move 1021 906
72.161 move 1020 908
72.171 move 1020 910
72.183 move 1020 912
72.191 move 1019 913
72.191 move 1019 915
72.211 move 1019 916
72.221 move 1019 917
72.231 move 1019 918
72.231 move 1019 919
72.251 move 1019 920
72.271 move 1019 921
72.291 move 1019 922
72.301 move 1020 922
72.311 move 1020 923
72.321 move 1021 924
72.341 move 1021 925
72.351 move 1022 925
72.351 move 1022 926
72.371 move 1022 927
72.383 move 1023 928
72.391 move 1024 929
72.401 move 1025 930
72.421 move 1026 931
72.421 move 1026 932
72.431 move 1027 934
72.441 move 1027 935
72.451 move 1027 936
72.461 move 1027 938
72.461 move 1027 939
72.471 move 1027 940
72.487 move 1027 942
72.491 move 1027 943
72.502 move 1027 944
72.512 move 1027 945
72.522 move 1027 946
72.532 move 1027 947
72.542 move 1027 948
72.562 move 1027 949
72.583 move 1027 950
72.592 move 1027 951
72.942 move 1026 951
72.942 move 1026 952
72.952 move 1025 952
73.992 click 4.8108807 1.6483872
74.713 click 4.8108807 1.6483872
75.223 move 1026 953
75.223 move 1028 953
75.233 move 1030 953
75.243 move 1033 953
75.253 move 1036 953
75.253 move 1040 952
75.263 move 1044 951
75.273 move 1050 950
75.287 move 1058 949
75.293 move 1067 947
75.293 move 1077 945
75.303 move 1087 943
75.313 move 1098 941
75.323 move 1109 939
75.333 move 1119 937
75.333 move 1130 936
75.343 move 1140 934
75.353 move 1150 933
75.363 move 1160 933
75.373 move 1169 932
75.373 move 1178 932
75.391 move 1189 931
75.394 move 1200 931
75.404 move 1210 930
75.414 move 1221 930
75.414 move 1232 930
75.424 move 1244 930
75.434 move 1255 930
75.444 move 1267 930
75.454 move 1277 930
75.454 move 1287 930
75.464 move 1296 929
75.474 move 1303 929
75.487 move 1309 929
75.494 move 1314 929
75.494 move 1317 929
75.504 move 1320 929
75.514 move 1322 929
75.524 move 1324 929
75.534 move 1325 929
76.264 click 6.365285 1.4935484
76.805 click 6.365285 1.4935484
78.628 delete
79.559 move 1327 929
79.569 move 1330 929
79.579 move 1334 930
79.591 move 1338 931
79.599 move 1342 931
79.6 move 1346 931
79.61 move 1349 931
79.62 move 1352 931
79.63 move 1355 931
79.63 move 1357 932
79.64 move 1359 932
79.65 move 1360 932
79.66 move 1361 932
79.67 move 1362 932
79.67 move 1363 932
79.695 move 1364 932
79.7 move 1365 932
79.71 move 1366 932
79.71 move 1367 932
79.72 move 1368 932
79.74 move 1369 932
79.77 move 1370 932
80.37 click 6.5984454 1.5129032
81.495 enter
82.143 select until 1
82.153 start 4.0 1.0
82.153 move 868 852
82.664 move 867 853
82.674 move 866 854
82.684 move 863 856
82.695 move 860 858
82.703 move 856 859
82.704 move 854 861
82.714 move 851 862
82.724 move 849 863
82.734 move 847 864
82.734 move 845 865
82.744 move 843 865
82.754 move 842 866
82.764 move 841 866
82.774 move 840 866
82.774 move 839 866
82.799 move 838 866
83.095 click 3.841969 1.0870968
83.665 click 3.841969 1.0870968
84.276 click 3.841969 1.0870968
84.867 enter
85.507 select the 1
85.507 start 4.0 1.0
85.517 move 868 852
86.308 click 3.9974093 0.9967742
86.789 move 868 853
86.789 move 868 855
86.807 move 868 859
86.81 move 868 862
86.82 move 867 865
86.83 move 866 867
86.83 move 866 870
86.84 move 866 872
86.85 move 866 875
86.86 move 866 878
86.87 move 866 881
86.87 move 866 884
86.88 move 866 887
86.89 move 866 890
86.903 move 866 894
86.909 move 866 896
86.909 move 866 900
86.919 move 865 903
86.929 move 864 906
86.939 move 863 909
86.949 move 863 911
86.949 move 862 914
86.959 move 861 916
86.969 move 860 918
86.979 move 859 920
86.989 move 858 922
86.989 move 858 923
87.007 move 857 924
87.01 move 857 925
87.02 move 857 926
87.03 move 857 927
87.48 move 857 928
87.49 move 857 931
87.504 move 859 934
87.511 move 860 937
87.511 move 861 940
87.521 move 863 942
87.531 move 863 945
87.541 move 863 947
87.551 move 863 949
87.551 move 863 952
87.561 move 863 954
87.571 move 862 956
87.581 move 861 958
87.591 move 860 959
87.591 move 859 961
87.61 move 859 962
88.111 click 3.950777 1.7064517
88.807 click 3.950777 1.7064517
89.382 enter
90.223 left
90.994 select end 2
91.009 start 4.0 1.0
91.013 move 868 852
91.574 move 870 852
91.584 move 874 852
91.594 move 879 852
91.607 move 883 852
91.614 move 886 852
91.614 move 890 852
91.625 move 896 852
91.635 move 904 852
91.645 move 913 852
91.655 move 924 851
91.655 move 936 850
91.665 move 947 849
91.675 move 958 847
91.685 move 968 846
91.695 move 977 844
91.695 move 985 844
91.711 move 991 843
91.715 move 996 843
91.725 move 999 843
91.725 move 1003 843
91.735 move 1005 843
91.745 move 1008 843
91.755 move 1010 843
91.765 move 1013 843
91.775 move 1015 843
91.775 move 1018 843
91.785 move 1021 843
91.795 move 1023 843
91.807 move 1026 842
91.815 move 1029 842
91.815 move 1031 842
91.825 move 1033 842
91.835 move 1034 842
91.845 move 1035 842
91.855 move 1036 842
91.855 move 1037 842
92.385 click 4.873057 0.932258
93.186 click 4.873057 0.932258
93.777 enter
94.397 select of 1
94.397 start 4.0 1.0
94.407 move 868 852
95.418 click 3.9974093 0.9967742
96.189 click 3.9974093 0.9967742
97.071 click 3.9974093 0.9967742
97.652 enter
98.222 select the 1
99.022 start 4.0 1.0
99.032 move 869 852
99.032 move 871 852
99.042 move 874 852
99.052 move 876 852
99.062 move 880 852
99.062 move 884 852
99.072 move 889 852
99.082 move 894 852
99.092 move 899 852
99.102 move 905 852
99.102 move 911 852
99.119 move 916 852
99.123 move 920 852
99.133 move 924 852
99.143 move 927 852
99.143 move 929 852
99.153 move 931 852
99.163 move 933 852
99.173 move 935 852
99.183 move 938 852
99.183 move 940 852
99.193 move 943 852
99.203 move 946 852
99.215 move 949 852
99.223 move 953 852
99.223 move 957 852
99.233 move 961 852
99.243 move 966 852
99.253 move 969 852
99.263 move 972 852
99.263 move 976 852
99.273 move 978 852
99.283 move 981 852
99.293 move 983 852
99.303 move 985 852
99.303 move 986 852
99.319 move 987 852
99.333 move 988 852
99.353 move 988 853
100.002 click 4.619171 1.0032258
100.483 move 988 851
100.493 move 988 850
100.493 move 987 847
100.503 move 986 846
100.519 move 986 844
100.523 move 985 842
100.533 move 985 840
100.543 move 984 838
100.543 move 984 835
100.553 move 983 832
100.563 move 981 829
100.573 move 980 825
100.583 move 978 822
100.583 move 977 818
100.593 move 975 813
100.603 move 974 809
100.615 move 973 805
100.623 move 972 800
100.624 move 970 795
100.634 move 969 790
100.644 move 968 786
100.654 move 967 782
100.654 move 967 778
100.664 move 967 775
100.674 move 967 771
100.684 move 966 768
100.694 move 966 765
100.694 move 966 762
100.704 move 966 759
100.719 move 966 757
100.723 move 966 755
100.734 move 966 753
100.734 move 967 751
100.744 move 967 750
100.754 move 967 748
100.764 move 968 747
100.774 move 969 745
100.774 move 969 743
100.784 move 971 741
100.794 move 971 739
100.804 move 972 737
100.815 move 973 736
100.823 move 974 734
100.824 move 974 733
100.834 move 975 731
100.854 move 976 731
100.854 move 976 730
101.374 click 4.556995 0.2096774
101.835 move 977 730
101.845 move 978 732
101.855 move 979 735
101.855 move 980 738
101.865 move 981 742
101.875 move 982 745
101.885 move 982 748
101.895 move 982 751
101.895 move 982 754
101.905 move 982 757
101.919 move 982 761
101.924 move 982 764
101.935 move 982 768
101.935 move 982 772
101.945 move 982 775
101.955 move 982 779
101.965 move 982 782
101.975 move 982 785
101.975 move 982 788
101.985 move 982 790
101.995 move 981 793
102.005 move 981 795
102.015 move 981 798
102.023 move 981 800
102.025 move 981 802
102.035 move 981 803
102.045 move 981 805
102.055 move 981 806
102.055 move 981 807
102.075 move 981 808
102.535 click 4.5829015 0.71290326
103.046 move 980 806
103.056 move 977 803
103.066 move 974 800
103.076 move 972 798
103.086 move 970 796
103.086 move 969 793
103.096 move 967 791
103.106 move 967 788
103.119 move 966 785
103.126 move 965 781
103.126 move 965 777
103.136 move 965 772
103.146 move 965 767
103.156 move 965 762
103.166 move 965 758
103.166 move 965 754
103.176 move 965 750
103.186 move 964 747
103.196 move 964 744
103.206 move 964 741
103.206 move 964 738
103.223 move 964 735
103.226 move 964 732
103.237 move 964 729
103.247 move 964 727
103.247 move 964 725
103.257 move 964 723
103.267 move 964 720
103.277 move 964 719
103.287 move 965 717
103.287 move 965 716
103.297 move 966 715
103.307 move 966 714
103.319 move 966 713
103.327 move 967 713
103.327 move 967 712
103.687 click 4.5103626 0.09354836
104.277 enter
104.878 select year 1
104.878 start 4.0 1.0
104.878 move 868 852
105.75 phrase rain rain go away
107.061 start 4.0 1.0
107.071 click 3.9974093 0.9967742
107.642 move 869 851
107.652 move 870 849
107.662 move 872 847
107.662 move 873 846
107.672 move 873 845
107.702 move 873 844
107.702 move 872 844
107.712 move 869 844
107.727 move 864 844
107.732 move 856 844
107.742 move 847 844
107.742 move 836 845
107.752 move 824 846
107.762 move 811 847
107.772 move 799 849
107.782 move 788 851
107.782 move 776 853
107.792 move 767 854
107.802 move 756 855
107.812 move 747 856
107.823 move 739 857
107.831 move 732 857
107.832 move 725 858
107.842 move 718 858
107.852 move 712 858
107.862 move 707 858
107.862 move 703 858
107.872 move 699 858
107.882 move 695 858
107.892 move 692 858
107.902 move 689 858
107.902 move 686 858
107.912 move 683 858
107.927 move 681 858
107.932 move 679 858
107.942 move 677 858
107.942 move 676 858
107.962 move 675 858
107.972 move 674 858
108.442 click 2.992228 1.0354838
108.823 move 675 858
108.831 move 677 858
108.833 move 680 858
108.843 move 684 858
108.853 move 687 858
108.863 move 691 858
108.863 move 694 858
108.873 move 698 858
108.883 move 702 858
108.893 move 708 858
108.893 move 713 858
108.903 move 720 858
108.913 move 727 858
108.927 move 735 858
108.933 move 742 858
108.943 move 751 858
108.943 move 760 857
108.953 move 769 856
108.963 move 780 856
108.973 move 791 855
108.983 move 803 855
108.983 move 814 855
108.993 move 827 855
109.003 move 839 854
109.013 move 851 854
109.023 move 863 854
109.031 move 874 854
109.033 move 886 854
109.043 move 897 854
109.053 move 907 854
109.053 move 917 854
109.063 move 926 854
109.073 move 935 854
109.083 move 944 854
109.093 move 951 854
109.093 move 958 854
109.103 move 965 854
109.113 move 971 854
109.127 move 977 854
109.133 move 981 854
109.143 move 986 855
109.143 move 991 855
109.153 move 994 855
109.163 move 997 855
109.173 move 1000 855
109.183 move 1003 855
109.183 move 1005 855
109.193 move 1007 855
109.203 move 1008 855
109.213 move 1010 856
109.223 move 1011 856
109.231 move 1013 856
109.234 move 1015 856
109.244 move 1016 857
109.254 move 1017 857
109.254 move 1018 857
109.264 move 1019 857
109.814 click 4.779793 1.0290322
110.255 move 1019 858
110.264 move 1019 859
110.274 move 1019 861
110.284 move 1019 865
110.294 move 1020 871
110.294 move 1020 877
110.304 move 1020 883
110.314 move 1020 889
110.326 move 1020 894
110.335 move 1019 900
110.335 move 1019 905
110.345 move 1018 910
110.355 move 1018 914
110.365 move 1018 918
110.375 move 1018 923
110.375 move 1018 927
110.385 move 1018 931
110.395 move 1018 934
110.405 move 1018 937
110.415 move 1017 939
110.415 move 1017 942
110.431 move 1017 944
110.435 move 1017 945
110.445 move 1017 946
110.455 move 1017 947
111.031 click 4.76943 1.6096773
111.555 enter
112.116 left
112.646 left
113.318 select rain 4
113.318 start 4.0 1.0
113.332 move 868 852
114.199 click 3.9974093 0.9967742
114.789 move 866 852
114.799 move 863 852
114.799 move 858 852
114.809 move 854 852
114.819 move 851 852
114.831 move 848 852
114.839 move 845 852
114.839 move 842 852
114.849 move 839 852
114.859 move 836 852
114.869 move 832 852
114.879 move 827 852
114.879 move 821 852
114.889 move 816 852
114.899 move 811 852
114.909 move 805 852
114.919 move 801 852
114.919 move 797 852
114.935 move 794 852
114.939 move 791 852
114.949 move 788 852
114.949 move 785 852
114.959 move 782 852
114.969 move 779 852
114.979 move 777 852
114.989 move 774 852
114.989 move 772 852
114.999 move 770 852
115.009 move 768 852
115.019 move 767 852
115.031 move 766 852
115.631 click 3.468912 0.9967742
116.07 move 768 853
116.08 move 772 853
116.09 move 778 854
116.1 move 784 855
116.11 move 790 855
116.11 move 796 855
116.12 move 805 855
116.135 move 814 855
116.14 move 823 855
116.15 move 834 854
116.15 move 846 854
116.16 move 857 853
116.17 move 870 852
116.18 move 883 851
116.19 move 895 851
116.19 move 907 850
116.2 move 918 849
116.21 move 929 849
116.22 move 941 849
116.231 move 952 849
116.239 move 962 849
116.241 move 972 849
116.251 move 982 849
116.261 move 992 849
116.271 move 1003 849
116.271 move 1012 849
116.281 move 1022 849
116.291 move 1031 849
116.301 move 1039 850
116.311 move 1046 851
116.311 move 1053 851
116.321 move 1058 851
116.335 move 1062 852
116.341 move 1066 852
116.351 move 1068 852
116.351 move 1070 852
116.361 move 1071 852
117.402 move 1070 855
117.412 move 1069 856
117.422 move 1067 858
117.422 move 1066 859
117.439 move 1065 860
117.452 move 1065 861
117.962 click 5.0181346 1.0548387
118.342 move 1065 862
118.342 move 1066 863
118.352 move 1069 865
118.362 move 1071 867
118.372 move 1073 869
118.382 move 1074 871
118.382 move 1075 874
118.392 move 1075 876
118.402 move 1075 879
118.412 move 1076 882
118.422 move 1076 886
118.422 move 1077 890
118.439 move 1077 895
118.443 move 1077 898
118.453 move 1077 902
118.453 move 1077 906
118.463 move 1077 909
118.473 move 1077 913
118.483 move 1077 916
118.493 move 1077 919
118.493 move 1076 922
118.503 move 1076 925
118.513 move 1075 928
118.523 move 1075 930
118.537 move 1075 932
118.543 move 1074 933
118.543 move 1074 935
118.553 move 1073 936
118.563 move 1073 937
118.573 move 1073 938
119.143 click 5.0595856 1.5516129
119.704 enter
120.095 left
121.126 left
121.646 select rain 4
121.656 start 4.0 1.0
121.666 move 868 852
122.717 click 3.9974093 0.9967742
123.518 click 3.9974093 0.9967742
124.028 enter
124.649 nextPage
125.83 lastPage
126.431 right
126.951 right
127.652 select go 5
127.652 start 4.0 1.0
127.662 move 868 852
128.734 click 3.9974093 0.9967742
129.194 move 867 852
129.204 move 866 852
129.214 move 863 852
129.214 move 860 852
129.224 move 855 852
129.234 move 849 852
129.247 move 842 853
129.254 move 834 854
129.254 move 826 856
129.264 move 817 857
129.274 move 808 858
129.284 move 797 860
129.294 move 786 861
129.294 move 775 862
129.304 move 767 863
129.314 move 759 864
129.324 move 753 864
129.334 move 747 864
129.344 move 744 864
129.351 move 741 864
129.354 move 739 864
129.364 move 736 864
129.374 move 734 864
129.374 move 732 864
129.384 move 730 864
129.394 move 728 864
129.404 move 727 864
129.414 move 726 864
129.414 move 725 864
129.424 move 724 864
129.434 move 723 864
129.924 click 3.246114 1.0741936
130.475 click 3.246114 1.0741936
131.005 move 722 864
131.015 move 721 864
131.025 move 718 861
131.035 move 715 859
131.047 move 712 856
131.054 move 711 854
131.056 move 710 852
131.066 move 709 849
131.076 move 709 846
131.086 move 709 842
131.086 move 710 837
131.096 move 712 833
131.106 move 714 827
131.116 move 715 822
131.126 move 717 816
131.126 move 719 810
131.136 move 721 805
131.15 move 722 800
131.156 move 723 795
131.166 move 724 790
131.166 move 725 786
131.176 move 726 782
131.186 move 727 777
131.196 move 727 773
131.206 move 727 769
131.206 move 728 765
131.216 move 729 760
131.226 move 731 755
131.236 move 732 751
131.247 move 734 747
131.255 move 735 744
131.256 move 736 741
131.266 move 737 739
131.276 move 738 737
131.286 move 739 735
131.286 move 740 733
131.296 move 740 732
131.306 move 741 730
131.316 move 741 729
131.326 move 741 728
131.336 move 742 728
131.786 click 3.3445597 0.19677418
132.376 enter
132.996 select away 1
133.006 start 4.0 1.0
133.006 move 868 852
133.968 phrase hands on experience with a job
135.151 start 4.0 1.0
135.159 move 873 850
135.16 move 873 850
135.17 move 882 848
135.17 move 893 844
135.18 move 906 841
135.19 move 922 838
135.2 move 938 834
135.2 move 956 831
135.21 move 973 828
135.22 move 990 825
135.23 move 1007 822
135.23 move 1022 820
135.24 move 1036 818
135.255 move 1047 817
135.26 move 1057 817
135.27 move 1063 816
135.27 move 1066 816
135.28 move 1069 816
135.29 move 1071 816
135.3 move 1072 816
135.31 move 1073 816
135.32 move 1074 816
136.01 click 5.064767 0.7645161
136.841 click 5.064767 0.7645161
137.255 move 1076 819
137.262 move 1079 824
137.262 move 1082 829
137.272 move 1084 834
137.282 move 1086 838
137.292 move 1087 842
137.302 move 1088 846
137.302 move 1089 850
137.312 move 1089 854
137.322 move 1090 857
137.332 move 1090 861
137.342 move 1090 865
137.342 move 1090 868
137.359 move 1090 872
137.362 move 1090 875
137.372 move 1091 878
137.382 move 1092 881
137.382 move 1094 885
137.392 move 1095 888
137.402 move 1096 891
137.412 move 1098 894
137.422 move 1099 897
137.422 move 1101 900
137.432 move 1102 903
137.442 move 1104 907
137.454 move 1105 910
137.462 move 1107 915
137.462 move 1110 919
137.472 move 1112 923
137.482 move 1113 926
137.492 move 1115 928
137.502 move 1117 931
137.502 move 1118 933
137.512 move 1120 935
137.522 move 1121 936
137.532 move 1123 938
137.542 move 1125 939
137.542 move 1127 940
137.559 move 1129 941
137.562 move 1132 941
137.572 move 1134 942
137.582 move 1137 942
137.582 move 1140 942
137.592 move 1143 942
137.602 move 1147 942
137.612 move 1150 943
137.622 move 1153 943
137.622 move 1156 943
137.632 move 1159 943
137.642 move 1161 944
137.659 move 1164 944
137.662 move 1167 944
137.672 move 1169 945
137.682 move 1171 946
137.682 move 1173 946
137.692 move 1175 947
137.702 move 1176 948
137.712 move 1177 948
137.722 move 1178 949
138.342 click 5.6036267 1.6225805
139.163 click 5.6036267 1.6225805
139.934 click 5.6036267 1.6225805
140.455 enter
141.065 select hands 1
141.075 start 4.0 1.0
141.085 move 868 852
141.546 move 869 853
141.559 move 870 854
141.566 move 872 855
141.566 move 873 856
141.576 move 876 856
141.586 move 879 857
141.596 move 882 857
141.606 move 886 858
141.606 move 892 858
141.616 move 898 858
141.626 move 906 858
141.636 move 915 858
141.646 move 924 857
141.646 move 933 857
141.663 move 942 856
141.666 move 950 856
141.676 move 957 856
141.686 move 963 856
141.686 move 970 856
141.696 move 976 855
141.706 move 983 855
141.716 move 989 855
141.726 move 996 855
141.726 move 1003 855
141.736 move 1010 855
141.746 move 1018 855
141.759 move 1025 855
141.766 move 1033 855
141.766 move 1038 855
141.776 move 1044 855
141.786 move 1048 855
141.796 move 1051 855
141.806 move 1054 855
141.806 move 1056 855
141.816 move 1058 855
141.826 move 1060 855
141.836 move 1061 855
141.846 move 1063 855
141.846 move 1064 855
141.865 move 1065 855
142.316 click 5.0181346 1.016129
142.687 move 1066 856
142.696 move 1066 860
142.706 move 1067 866
142.716 move 1067 872
142.726 move 1067 878
142.726 move 1067 883
142.736 move 1067 888
142.746 move 1067 892
142.759 move 1066 897
142.766 move 1066 903
142.766 move 1066 909
142.776 move 1065 916
142.786 move 1065 922
142.796 move 1065 928
142.806 move 1065 934
142.816 move 1065 939
142.816 move 1065 944
142.826 move 1065 949
142.836 move 1065 952
142.846 move 1065 956
142.846 move 1065 959
142.862 move 1065 962
142.867 move 1065 965
142.877 move 1065 967
142.877 move 1065 969
142.887 move 1066 970
142.897 move 1066 971
142.907 move 1067 971
143.397 click 5.028497 1.7645161
143.887 enter
144.928 left
145.549 select on 2
145.549 start 4.0 1.0
145.563 move 868 852
146.439 click 3.9974093 0.9967742
146.91 move 868 853
146.92 move 868 854
146.93 move 868 856
146.94 move 869 863
146.95 move 871 871
146.95 move 873 878
146.967 move 875 884
146.97 move 876 889
146.98 move 877 894
146.99 move 878 899
146.99 move 878 904
147.0 move 878 909
147.01 move 878 915
147.02 move 878 922
147.03 move 878 927
147.03 move 878 931
147.04 move 877 935
147.05 move 877 937
147.063 move 877 940
147.07 move 877 942
147.07 move 877 943
147.08 move 876 945
147.09 move 876 946
147.12 move 876 947
147.41 move 875 947
147.44 move 863 949
147.47 move 806 964
147.501 move 746 984
147.531 move 707 998
147.564 move 663 1008
147.591 move 634 1008
147.611 move 619 1009
147.641 move 606 1009
147.67 move 598 1009
147.701 move 591 1009
147.731 move 588 1009
147.762 move 587 1009
147.92 move 585 1009
147.95 move 578 1009
147.965 move 575 1009
147.97 move 572 1009
147.97 move 569 1009
147.98 move 567 1009
147.99 move 564 1009
147.99 move 562 1009
148.0 move 560 1009
148.01 move 558 1009
148.02 move 556 1009
148.03 move 555 1009
148.03 move 554 1009
148.05 move 553 1009
148.511 click 2.365285 2.0096774
149.342 click 2.365285 2.0096774
150.094 click 2.365285 2.0096774
150.745 click 2.365285 2.0096774
151.606 click 2.365285 2.0096774
152.247 move 552 1009
152.257 move 551 1009
152.271 move 550 1009
152.276 move 548 1009
152.287 move 546 1009
152.287 move 544 1009
152.296 move 542 1009
152.306 move 540 1009
152.317 move 538 1009
152.327 move 537 1009
152.327 move 536 1009
152.336 move 535 1009
152.357 move 534 1009
152.717 click 2.2668393 2.0096774
153.298 move 535 1009
153.308 move 537 1009
153.318 move 539 1008
153.318 move 542 1007
153.328 move 547 1005
153.338 move 555 1002
153.348 move 564 999
153.358 move 573 996
153.358 move 583 992
153.378 move 593 989
153.388 move 601 986
153.398 move 608 983
153.398 move 615 981
153.408 move 617 981
153.418 move 618 981
153.428 move 619 981
153.438 move 620 981
153.471 move 621 981
153.778 move 619 981
153.788 move 617 981
153.798 move 616 982
153.878 move 623 982
153.888 move 624 982
154.629 click 2.7331607 1.8354838
155.239 click 2.7331607 1.8354838
155.879 click 2.7331607 1.8354838
156.441 enter
157.033 select experience 1
157.043 start 4.0 1.0
157.053 move 868 852
157.878 click 3.9974093 0.9967742
158.614 click 3.9974093 0.9967742
159.406 click 3.9974093 0.9967742
160.206 click 3.9974093 0.9967742
160.727 enter
161.257 select with 1
161.938 start 4.0 1.0
161.948 click 3.9974093 0.9967742
162.439 enter
162.983 select a 1
164.34 start 4.0 1.0
164.34 move 869 852
164.35 move 870 853
164.36 move 872 856
164.36 move 875 858
164.37 move 878 860
164.383 move 881 860
164.39 move 886 861
164.39 move 891 861
164.4 move 897 861
164.41 move 903 861
164.42 move 908 861
164.43 move 914 861
164.43 move 919 860
164.44 move 923 859
164.45 move 927 858
164.46 move 929 858
164.47 move 932 858
164.47 move 934 858
164.487 move 936 858
164.491 move 938 858
164.501 move 939 858
164.511 move 941 858
164.511 move 943 858
164.521 move 946 858
164.531 move 948 858
164.541 move 951 857
164.551 move 953 857
164.551 move 956 857
164.561 move 958 857
164.571 move 960 857
164.583 move 963 857
164.591 move 964 857
164.591 move 965 857
164.601 move 966 857
164.611 move 967 857
165.031 move 968 857
165.041 move 969 857
165.051 move 971 858
165.061 move 974 859
165.061 move 976 860
165.071 move 979 861
165.087 move 981 862
165.092 move 983 862
165.102 move 986 862
165.102 move 988 862
165.112 move 990 862
165.122 move 991 862
165.132 move 992 862
165.142 move 993 862
165.142 move 994 862
165.662 click 4.650259 1.0612903
166.222 move 995 862
166.222 move 997 864
166.232 move 999 865
166.242 move 1002 867
166.252 move 1004 868
166.262 move 1007 869
166.262 move 1011 869
166.272 move 1017 869
166.287 move 1025 869
166.293 move 1034 869
166.303 move 1043 869
166.303 move 1052 869
166.313 move 1060 869
166.323 move 1066 869
166.333 move 1071 868
166.343 move 1074 868
166.343 move 1076 868
166.353 move 1078 868
166.363 move 1079 867
166.373 move 1080 867
166.383 move 1082 867
166.39 move 1084 867
166.393 move 1086 867
166.403 move 1089 866
166.413 move 1092 866
166.423 move 1097 865
166.423 move 1103 864
166.433 move 1109 862
166.443 move 1115 861
166.453 move 1121 860
166.453 move 1126 859
166.463 move 1131 858
166.473 move 1135 858
166.486 move 1139 857
166.493 move 1142 857
166.493 move 1145 857
166.503 move 1147 857
166.513 move 1149 857
166.523 move 1150 857
166.533 move 1151 857
166.983 move 1152 857
166.991 move 1154 857
166.993 move 1159 857
167.003 move 1170 857
167.013 move 1185 857
167.013 move 1201 857
167.023 move 1218 857
167.033 move 1232 856
167.043 move 1243 856
167.053 move 1250 856
167.053 move 1253 856
167.063 move 1254 856
167.073 move 1255 856
167.624 click 6.0025907 1.0225806
168.075 move 1255 859
168.087 move 1255 864
168.095 move 1255 871
168.095 move 1255 878
168.105 move 1254 886
168.115 move 1253 892
168.125 move 1253 898
168.125 move 1253 905
168.135 move 1253 911
168.145 move 1253 919
168.155 move 1253 927
168.165 move 1255 934
168.175 move 1258 942
168.175 move 1261 948
168.191 move 1264 955
168.195 move 1266 962
168.205 move 1267 966
168.205 move 1268 972
168.215 move 1268 977
168.225 move 1268 982
168.235 move 1268 987
168.245 move 1267 991
168.245 move 1266 995
168.255 move 1265 998
168.265 move 1264 1000
168.275 move 1263 1002
168.286 move 1262 1004
168.295 move 1261 1006
168.296 move 1261 1007
168.306 move 1260 1008
168.326 move 1260 1009
168.756 click 6.028497 2.0096774
169.226 enter
169.857 select job 1
169.867 start 4.0 1.0
169.867 move 868 852
173.251 phrase the back yard of our house
174.713 start 4.0 1.0
174.723 click 3.9974093 0.9967742
175.054 click 3.9974093 0.9967742
175.464 click 3.9974093 0.9967742
176.015 enter
176.557 select the 1
177.027 start 4.0 1.0
177.037 move 868 854
177.047 move 867 858
177.057 move 866 865
177.067 move 865 873
177.077 move 862 889
177.087 move 860 896
177.098 move 859 904
177.107 move 858 911
177.117 move 857 918
177.117 move 856 925
177.127 move 855 931
177.127 move 854 937
177.137 move 853 943
177.147 move 852 947
177.158 move 851 951
177.158 move 850 955
177.167 move 850 958
177.177 move 849 960
177.187 move 849 963
177.205 move 849 965
177.208 move 849 968
177.218 move 849 971
177.228 move 849 973
177.238 move 849 974
177.248 move 849 976
177.258 move 849 977
177.278 move 850 977
177.678 click 3.9041452 1.8032258
178.207 move 849 978
178.209 move 847 978
178.219 move 844 978
178.239 move 837 978
178.249 move 831 978
178.259 move 821 978
178.259 move 810 978
178.269 move 794 978
178.279 move 778 979
178.289 move 758 981
178.306 move 719 987
178.309 move 699 989
178.319 move 683 991
178.329 move 667 992
178.339 move 653 994
178.349 move 629 995
178.359 move 618 996
178.369 move 607 996
178.379 move 599 997
178.389 move 582 997
178.403 move 576 998
178.409 move 565 998
178.419 move 561 998
178.429 move 556 998
178.439 move 553 998
178.449 move 546 998
178.459 move 544 998
178.469 move 541 998
178.479 move 539 998
178.489 move 538 998
178.504 move 535 998
178.509 move 534 998
178.749 move 533 998
178.759 move 532 998
178.769 move 530 998
178.779 move 526 997
178.789 move 520 997
178.807 move 501 997
178.809 move 490 997
178.819 move 477 997
178.829 move 466 997
178.839 move 442 998
178.849 move 431 998
178.859 move 421 998
178.869 move 403 999
178.879 move 397 999
178.889 move 391 999
178.909 move 387 999
178.919 move 380 999
178.929 move 376 999
178.939 move 373 999
178.949 move 365 999
178.959 move 361 1000
178.969 move 357 1000
178.979 move 350 1000
178.989 move 347 1001
179.001 move 344 1002
179.009 move 342 1002
179.019 move 341 1002
179.029 move 338 1002
179.039 move 337 1002
179.119 move 338 1002
179.139 move 339 1002
179.149 move 340 1002
179.503 click 1.2616581 1.9645162
180.431 click 1.2616581 1.9645162
181.103 click 1.2616581 1.9645162
182.062 enter
182.593 select back 1
182.614 start 4.0 1.0
182.634 move 868 852
183.274 move 869 852
183.284 move 871 852
183.294 move 874 852
183.294 move 878 852
183.311 move 882 852
183.315 move 888 852
183.325 move 894 852
183.335 move 899 852
183.335 move 906 852
183.345 move 914 850
183.375 move 938 842
183.412 move 958 837
183.434 move 967 837
183.474 move 974 837
183.507 move 981 837
183.535 move 986 837
183.565 move 987 837
183.865 move 988 837
183.875 move 989 837
183.885 move 993 837
183.895 move 1000 838
183.895 move 1009 838
183.911 move 1020 838
183.915 move 1031 838
183.925 move 1041 838
183.925 move 1050 838
183.935 move 1055 838
183.945 move 1059 839
183.955 move 1061 839
183.965 move 1063 840
183.965 move 1064 840
183.985 move 1064 841
183.995 move 1065 841
184.006 move 1065 842
184.375 move 1063 843
184.385 move 1055 847
184.395 move 1045 851
184.407 move 1042 852
184.416 move 1042 851
184.426 move 1043 849
184.436 move 1043 848
184.476 move 1043 847
185.116 click 4.9041452 0.96451616
185.826 click 4.9041452 0.96451616
186.311 move 1043 845
186.317 move 1043 842
186.317 move 1043 839
186.327 move 1043 835
186.337 move 1043 831
186.347 move 1043 828
186.357 move 1043 824
186.357 move 1043 820
186.367 move 1043 815
186.377 move 1043 811
186.387 move 1043 806
186.397 move 1043 802
186.397 move 1042 798
186.417 move 1041 794
186.417 move 1040 789
186.427 move 1038 785
186.437 move 1037 780
186.437 move 1035 776
186.448 move 1034 771
186.458 move 1033 768
186.467 move 1033 764
186.477 move 1032 761
186.477 move 1032 758
186.487 move 1031 755
186.498 move 1031 752
186.51 move 1030 749
186.518 move 1030 747
186.518 move 1030 745
186.528 move 1030 743
186.538 move 1031 741
186.548 move 1031 740
186.558 move 1032 739
186.568 move 1032 738
187.059 click 4.8471503 0.2612903
187.479 move 1033 738
187.489 move 1034 740
187.499 move 1034 743
187.511 move 1036 748
187.519 move 1036 753
187.519 move 1037 756
187.529 move 1037 759
187.539 move 1037 762
187.549 move 1037 765
187.549 move 1037 768
187.559 move 1037 771
187.569 move 1037 775
187.579 move 1037 779
187.589 move 1036 783
187.589 move 1036 786
187.599 move 1035 789
187.614 move 1035 792
187.619 move 1034 795
187.629 move 1033 798
187.629 move 1033 801
187.639 move 1033 803
187.649 move 1032 806
187.659 move 1032 809
187.669 move 1032 811
187.669 move 1032 813
187.679 move 1032 814
187.689 move 1032 815
187.699 move 1032 817
187.71 move 1031 817
187.718 move 1031 818
188.191 click 4.841969 0.7774193
188.7 enter
189.551 nextPage
190.541 select yard 6
190.541 start 4.0 1.0
190.551 move 868 852
191.072 move 871 853
191.082 move 877 854
191.092 move 885 855
191.102 move 895 855
191.102 move 905 855
191.119 move 915 855
191.122 move 925 855
191.132 move 936 855
191.142 move 945 853
191.152 move 962 852
191.162 move 969 852
191.182 move 980 851
191.192 move 983 851
191.202 move 989 851
191.219 move 991 851
191.222 move 993 851
191.232 move 997 851
191.252 move 998 851
191.262 move 1001 851
191.272 move 1002 851
191.282 move 1003 851
191.815 click 4.6968913 0.9903226
192.343 click 4.6968913 0.9903226
192.834 enter
193.415 select of 1
193.422 start 4.0 1.0
193.425 move 868 852
193.785 move 869 852
193.805 move 870 852
193.805 move 872 853
193.823 move 875 855
193.825 move 877 857
193.835 move 880 858
193.845 move 883 858
193.845 move 887 859
193.855 move 893 859
193.865 move 901 859
193.875 move 908 859
193.885 move 916 859
193.885 move 923 859
193.895 move 928 859
193.905 move 933 859
193.919 move 936 859
193.925 move 939 859
193.925 move 942 859
193.935 move 944 859
193.945 move 947 859
193.955 move 950 859
193.965 move 954 859
193.965 move 958 860
193.975 move 961 860
193.985 move 965 860
193.995 move 970 860
194.005 move 974 860
194.005 move 977 860
194.023 move 980 860
194.025 move 983 860
194.035 move 985 860
194.045 move 988 860
194.045 move 989 860
194.055 move 991 860
194.065 move 992 860
194.075 move 994 860
194.085 move 995 860
194.085 move 997 860
194.095 move 998 860
194.119 move 999 860
194.635 click 4.6761656 1.048387
195.126 move 1000 860
195.126 move 1002 861
195.136 move 1005 862
195.146 move 1008 862
195.156 move 1013 862
195.166 move 1022 862
195.166 move 1032 862
195.176 move 1042 862
195.186 move 1055 861
195.196 move 1068 859
195.206 move 1082 856
195.206 move 1095 853
195.223 move 1107 850
195.227 move 1119 848
195.237 move 1129 848
195.247 move 1137 848
195.247 move 1145 848
195.257 move 1151 848
195.267 move 1158 848
195.277 move 1166 848
195.277 move 1174 849
195.287 move 1185 850
195.297 move 1197 851
195.307 move 1209 851
195.318 move 1220 851
195.326 move 1233 852
195.326 move 1244 853
195.336 move 1257 853
195.346 move 1267 854
195.356 move 1277 855
195.366 move 1286 855
195.366 move 1293 856
195.376 move 1300 856
195.386 move 1305 856
195.396 move 1310 856
195.406 move 1314 856
195.406 move 1317 856
195.422 move 1320 856
195.427 move 1323 856
195.437 move 1325 856
195.437 move 1328 856
195.457 move 1330 856
195.467 move 1335 856
195.477 move 1336 856
195.497 move 1339 856
195.507 move 1340 856
195.523 move 1341 856
195.527 move 1342 856
195.967 click 6.4533677 1.0225806
196.448 move 1343 854
196.458 move 1345 852
196.478 move 1351 843
196.488 move 1355 834
196.508 move 1356 829
196.521 move 1357 821
196.528 move 1357 814
196.538 move 1357 810
196.558 move 1355 803
196.568 move 1353 798
196.578 move 1351 788
196.598 move 1348 780
196.608 move 1347 772
196.624 move 1346 769
196.628 move 1346 766
196.638 move 1344 761
196.648 move 1343 758
196.658 move 1342 756
196.668 move 1340 755
196.678 move 1338 754
196.688 move 1337 753
196.698 move 1335 752
196.708 move 1333 751
196.721 move 1330 750
196.728 move 1327 750
196.738 move 1325 750
196.738 move 1322 750
196.748 move 1319 750
196.758 move 1315 750
196.768 move 1307 750
196.778 move 1300 751
196.788 move 1293 751
196.798 move 1285 752
196.808 move 1277 753
196.819 move 1268 754
196.828 move 1259 755
196.838 move 1240 758
196.838 move 1231 759
196.848 move 1221 760
196.858 move 1212 761
196.868 move 1204 763
196.878 move 1196 763
196.888 move 1189 764
196.898 move 1182 764
196.908 move 1176 765
196.919 move 1164 766
196.928 move 1159 766
196.928 move 1154 766
196.948 move 1150 767
196.958 move 1147 767
196.958 move 1139 767
196.968 move 1136 767
196.978 move 1132 767
196.988 move 1129 767
196.998 move 1125 767
197.008 move 1122 768
197.02 move 1119 768
197.028 move 1116 768
197.028 move 1113 768
197.038 move 1108 768
197.048 move 1105 768
197.058 move 1103 768
197.068 move 1101 768
197.078 move 1100 768
197.088 move 1099 768
197.098 move 1098 768
197.108 move 1097 767
197.121 move 1097 766
197.129 move 1097 765
197.199 move 1098 764
197.209 move 1100 764
197.226 move 1101 763
197.229 move 1102 763
197.239 move 1103 762
197.249 move 1104 762
197.259 move 1105 762
197.269 move 1107 762
197.279 move 1108 762
197.289 move 1110 762
197.299 move 1111 762
197.299 move 1113 762
197.309 move 1114 762
197.326 move 1115 762
197.329 move 1116 762
197.679 click 5.2823834 0.41612905
198.223 enter
198.67 left
199.2 right
199.671 right
200.331 select our 3
200.341 start 4.0 1.0
200.351 move 868 852
200.962 move 869 852
200.972 move 871 852
200.982 move 875 853
200.992 move 884 855
201.002 move 894 856
201.002 move 904 856
201.012 move 915 856
201.031 move 934 856
201.032 move 941 856
201.042 move 946 856
201.052 move 949 856
201.062 move 951 856
201.072 move 952 856
201.082 move 954 856
201.092 move 955 856
201.102 move 956 856
201.112 move 957 856
201.631 move 958 856
202.113 move 959 856
202.133 move 961 856
202.143 move 963 858
202.153 move 966 859
202.163 move 970 859
202.173 move 976 859
202.183 move 980 859
202.183 move 984 859
202.193 move 988 859
202.203 move 991 859
202.213 move 994 859
202.229 move 997 859
202.234 move 999 859
202.244 move 1003 859
202.254 move 1004 859
202.264 move 1005 859
202.274 move 1006 859
202.274 move 1007 859
202.284 move 1008 859
202.294 move 1009 859
202.304 move 1010 859
202.774 click 4.7331605 1.0419354
203.366 enter
204.631 move 868 852
205.077 move 869 852
205.087 move 871 852
205.087 move 874 853
205.097 move 880 854
205.107 move 890 854
205.117 move 901 854
205.132 move 915 854
205.137 move 929 854
205.147 move 956 853
205.157 move 967 853
205.167 move 978 852
205.167 move 988 851
205.177 move 995 851
205.187 move 1000 851
205.197 move 1004 851
205.207 move 1008 851
205.217 move 1011 851
205.23 move 1018 851
205.237 move 1022 851
205.248 move 1025 851
205.257 move 1029 851
205.257 move 1032 851
205.268 move 1035 851
205.278 move 1038 851
205.288 move 1041 851
205.298 move 1043 851
205.308 move 1047 851
205.318 move 1049 851
205.328 move 1050 851
205.337 move 1052 851
205.337 move 1053 851
205.357 move 1054 851
205.367 move 1055 851
205.618 move 1057 851
205.634 move 1060 851
205.638 move 1068 851
205.648 move 1081 850
205.658 move 1098 848
205.668 move 1132 844
205.678 move 1148 842
205.688 move 1161 841
205.698 move 1180 838
205.708 move 1186 837
205.718 move 1191 836
205.731 move 1195 836
205.738 move 1200 836
205.748 move 1205 836
205.758 move 1209 836
205.758 move 1215 836
205.768 move 1218 836
205.778 move 1220 836
205.788 move 1223 836
205.798 move 1225 835
205.808 move 1226 835
205.818 move 1228 835
205.829 move 1229 835
205.838 move 1231 835
205.858 move 1232 835
206.358 click 5.8834195 0.88709676
207.05 move 1232 834
207.06 move 1230 833
207.07 move 1227 830
207.08 move 1224 828
207.09 move 1220 825
207.1 move 1218 823
207.1 move 1215 822
207.11 move 1214 820
207.12 move 1212 815
207.138 move 1212 811
207.14 move 1212 807
207.15 move 1213 802
207.16 move 1214 797
207.17 move 1217 787
207.18 move 1218 783
207.19 move 1218 779
207.2 move 1218 776
207.21 move 1218 773
207.22 move 1218 767
207.233 move 1218 765
207.24 move 1218 762
207.25 move 1218 759
207.26 move 1219 757
207.26 move 1220 754
207.27 move 1221 751
207.28 move 1223 746
207.29 move 1224 744
207.3 move 1225 742
207.31 move 1226 740
207.32 move 1226 739
207.331 move 1227 737
207.34 move 1227 736
207.35 move 1228 735
207.37 move 1228 734
207.76 click 5.8626943 0.23548388
208.19 move 1229 735
208.2 move 1231 738
208.21 move 1232 740
208.236 move 1235 746
208.24 move 1236 748
208.25 move 1236 750
208.26 move 1237 756
208.27 move 1237 759
208.28 move 1237 763
208.29 move 1238 766
208.29 move 1238 770
208.3 move 1238 773
208.31 move 1238 777
208.32 move 1238 783
208.339 move 1238 786
208.34 move 1238 790
208.35 move 1238 793
208.36 move 1238 795
208.37 move 1239 798
208.38 move 1240 801
208.39 move 1240 803
208.4 move 1240 805
208.4 move 1241 806
208.42 move 1241 807
208.831 click 5.930052 0.70645165
209.281 move 1240 803
209.291 move 1239 797
209.301 move 1237 791
209.311 move 1236 785
209.321 move 1236 780
209.332 move 1236 775
209.341 move 1236 769
209.351 move 1238 756
209.361 move 1239 750
209.371 move 1239 744
209.381 move 1239 740
209.381 move 1239 736
209.391 move 1236 729
209.401 move 1234 727
209.411 move 1233 724
209.421 move 1231 722
209.435 move 1230 720
209.441 move 1229 719
209.451 move 1228 717
209.461 move 1228 716
209.935 click 5.8626943 0.119354844
210.441 enter
211.061 select house 1
211.071 start 4.0 1.0
211.071 move 868 852
