0.001 session 1
0.004 phrase learn to walk before you run
0.154 start 4.0 1.0
0.157 move 869 852
3.034 move 870 852
3.042 move 872 852
3.05 move 874 852
3.058 move 877 852
3.066 move 880 852
3.074 move 883 852
3.082 move 886 852
3.09 move 889 852
3.098 move 891 852
3.106 move 894 852
3.114 move 896 852
3.122 move 898 852
3.13 move 900 852
3.138 move 901 852
3.146 move 903 852
3.154 move 904 852
3.17 move 905 852
3.538 move 906 852
3.554 move 907 851
3.562 move 910 850
3.569 move 918 846
3.578 move 928 842
3.586 move 940 840
3.594 move 953 838
3.602 move 966 837
3.61 move 980 837
3.618 move 993 837
3.626 move 1007 837
3.634 move 1020 837
3.642 move 1032 839
3.65 move 1045 841
3.659 move 1057 845
3.667 move 1070 848
3.675 move 1084 852
3.682 move 1100 856
3.69 move 1117 859
3.698 move 1136 862
3.706 move 1156 864
3.714 move 1176 866
3.723 move 1198 868
3.73 move 1222 869
3.738 move 1245 870
3.747 move 1268 870
3.755 move 1291 870
3.763 move 1314 868
3.77 move 1337 867
3.778 move 1359 865
3.786 move 1381 864
3.794 move 1402 863
3.802 move 1421 862
3.81 move 1440 861
3.818 move 1458 861
3.826 move 1476 861
3.834 move 1494 860
3.842 move 1510 860
3.85 move 1526 860
3.858 move 1543 860
3.866 move 1558 860
3.874 move 1574 860
3.882 move 1588 860
3.89 move 1602 860
3.898 move 1616 860
3.906 move 1629 860
3.914 move 1642 860
3.922 move 1655 860
3.93 move 1667 860
3.938 move 1679 860
3.947 move 1690 860
3.954 move 1702 860
3.962 move 1713 860
3.97 move 1723 860
3.978 move 1734 859
3.986 move 1744 859
3.994 move 1753 859
4.002 move 1761 859
4.01 move 1769 859
4.018 move 1776 859
4.026 move 1783 859
4.034 move 1790 859
4.042 move 1795 859
4.05 move 1801 859
4.058 move 1806 859
4.066 move 1810 859
4.074 move 1814 859
4.082 move 1817 859
4.091 move 1821 859
4.098 move 1824 858
4.106 move 1827 858
4.114 move 1830 858
4.122 move 1832 858
4.13 move 1835 858
4.138 move 1837 858
4.146 move 1839 858
4.154 move 1840 858
4.162 move 1842 858
4.17 move 1843 858
4.178 move 1844 858
4.194 move 1845 858
5.106 click 9.059586 1.0354838
5.634 move 1843 858
5.642 move 1840 857
5.65 move 1834 855
5.658 move 1827 855
5.666 move 1817 854
5.674 move 1808 853
5.682 move 1798 852
5.69 move 1787 851
5.698 move 1775 850
5.706 move 1762 850
5.714 move 1750 848
5.722 move 1738 848
5.73 move 1725 848
5.738 move 1714 848
5.746 move 1702 848
5.754 move 1692 848
5.762 move 1681 850
5.77 move 1669 852
5.778 move 1657 854
5.786 move 1646 856
5.794 move 1634 857
5.802 move 1620 859
5.81 move 1607 861
5.818 move 1593 862
5.826 move 1579 864
5.834 move 1565 865
5.842 move 1550 865
5.85 move 1534 866
5.858 move 1519 866
5.866 move 1504 866
5.874 move 1490 865
5.882 move 1475 864
5.89 move 1462 863
5.898 move 1449 863
5.906 move 1438 862
5.914 move 1426 862
5.922 move 1415 862
5.93 move 1404 862
5.938 move 1394 862
5.946 move 1384 862
5.954 move 1375 862
5.962 move 1367 862
5.97 move 1359 862
5.978 move 1352 862
5.986 move 1345 862
5.994 move 1338 862
6.002 move 1332 862
6.01 move 1326 862
6.018 move 1321 862
6.026 move 1316 862
6.034 move 1312 862
6.042 move 1308 862
6.05 move 1305 862
6.058 move 1301 862
6.066 move 1298 862
6.074 move 1295 862
6.082 move 1293 862
6.09 move 1290 862
6.098 move 1288 862
6.105 move 1287 862
6.114 move 1285 862
6.121 move 1284 862
6.13 move 1283 862
6.146 move 1282 862
6.386 move 1279 862
6.394 move 1275 862
6.402 move 1267 864
6.41 move 1257 866
6.418 move 1246 868
6.426 move 1234 869
6.434 move 1223 870
6.442 move 1211 871
6.45 move 1199 871
6.458 move 1186 871
6.466 move 1173 871
6.474 move 1159 871
6.482 move 1145 871
6.49 move 1132 872
6.498 move 1117 872
6.506 move 1102 872
6.514 move 1086 872
6.522 move 1068 872
6.53 move 1049 872
6.539 move 1028 873
6.546 move 1007 873
6.554 move 983 873
6.562 move 960 873
6.57 move 936 873
6.578 move 914 873
6.586 move 892 873
6.594 move 870 873
6.602 move 848 874
6.61 move 828 874
6.618 move 807 874
6.626 move 788 874
6.634 move 768 875
6.642 move 750 875
6.65 move 732 875
6.659 move 715 875
6.666 move 698 875
6.674 move 681 876
6.682 move 666 876
6.69 move 650 876
6.698 move 635 876
6.706 move 620 876
6.714 move 606 876
6.722 move 593 876
6.73 move 579 876
6.738 move 568 876
6.746 move 556 876
6.754 move 544 876
6.762 move 533 876
6.77 move 521 876
6.778 move 511 876
6.786 move 501 877
6.794 move 491 877
6.802 move 483 877
6.81 move 475 877
6.818 move 467 877
6.826 move 460 877
6.834 move 454 877
6.842 move 448 877
6.85 move 442 877
6.858 move 437 877
6.866 move 432 877
6.874 move 428 877
6.882 move 423 877
6.89 move 419 877
6.899 move 416 877
6.906 move 412 877
6.914 move 410 877
6.922 move 407 877
6.93 move 404 877
6.938 move 402 877
6.946 move 401 877
6.954 move 399 877
6.962 move 397 877
6.978 move 396 877
7.082 move 396 876
7.09 move 398 875
7.098 move 400 874
7.107 move 403 873
7.114 move 406 872
7.122 move 408 872
7.13 move 411 872
7.138 move 414 872
7.146 move 417 872
7.154 move 420 872
7.162 move 422 872
7.17 move 424 872
7.178 move 426 872
7.186 move 427 872
7.307 move 426 872
7.314 move 424 873
7.322 move 422 874
7.33 move 420 875
7.338 move 417 876
7.346 move 415 878
7.354 move 413 879
7.362 move 411 881
7.37 move 409 883
7.377 move 407 884
7.386 move 405 886
7.394 move 404 887
7.402 move 403 889
7.41 move 402 890
7.418 move 401 892
7.426 move 400 893
7.442 move 399 894
7.466 move 399 895
8.242 click 1.5673575 1.2741935
8.754 move 398 895
8.762 move 397 895
8.77 move 394 895
8.778 move 389 895
8.786 move 380 895
8.794 move 369 895
8.802 move 357 895
8.81 move 345 895
8.818 move 334 895
8.826 move 322 895
8.834 move 312 895
8.842 move 303 895
8.85 move 294 895
8.858 move 287 895
8.866 move 279 895
8.874 move 272 895
8.882 move 265 894
8.89 move 259 894
8.898 move 252 894
8.906 move 243 894
8.914 move 235 894
8.922 move 226 894
8.93 move 217 894
8.938 move 209 894
8.946 move 201 894
8.954 move 194 894
8.962 move 188 894
8.97 move 183 894
8.978 move 180 894
8.986 move 178 894
8.994 move 176 895
9.001 move 175 895
9.018 move 175 896
9.042 move 175 897
9.051 move 176 897
9.059 move 176 898
9.067 move 177 898
9.075 move 178 899
9.083 move 179 899
9.091 move 180 899
9.098 move 180 900
9.106 move 181 900
9.122 move 182 900
9.714 click 0.4430052 1.3064516
10.05 move 183 900
10.066 move 185 900
10.074 move 189 900
10.082 move 196 900
10.09 move 205 900
10.098 move 217 900
10.106 move 229 900
10.114 move 242 900
10.122 move 256 900
10.13 move 269 900
10.138 move 281 900
10.146 move 294 900
10.154 move 307 900
10.162 move 319 900
10.17 move 331 900
10.178 move 342 899
10.185 move 355 898
10.194 move 366 897
10.202 move 377 896
10.21 move 388 895
10.218 move 398 894
10.225 move 407 894
10.234 move 415 894
10.242 move 421 894
10.249 move 426 894
10.258 move 430 894
10.266 move 434 894
10.274 move 437 893
10.282 move 439 893
10.289 move 441 893
10.298 move 443 893
10.306 move 444 893
10.314 move 445 893
11.122 click 1.8056996 1.2612903
11.41 move 446 893
11.426 move 447 893
11.434 move 449 893
11.442 move 452 893
11.45 move 456 893
11.458 move 461 893
11.466 move 470 893
11.474 move 480 893
11.482 move 492 893
11.49 move 507 892
11.498 move 522 892
11.506 move 539 892
11.514 move 559 892
11.522 move 580 891
11.53 move 602 891
11.538 move 626 891
11.545 move 649 891
11.554 move 672 890
11.562 move 695 889
11.57 move 718 889
11.578 move 740 887
11.586 move 762 886
11.594 move 783 885
11.602 move 804 885
11.61 move 824 885
11.618 move 844 885
11.626 move 863 885
11.634 move 882 885
11.642 move 900 885
11.65 move 917 884
11.658 move 933 884
11.666 move 950 884
11.674 move 966 884
11.682 move 981 884
11.69 move 996 883
11.698 move 1010 883
11.706 move 1023 883
11.714 move 1036 883
11.722 move 1049 883
11.729 move 1061 883
11.738 move 1072 883
11.746 move 1083 883
11.753 move 1094 883
11.761 move 1105 883
11.77 move 1115 883
11.778 move 1125 883
11.785 move 1134 883
11.793 move 1142 883
11.802 move 1150 883
11.81 move 1156 883
11.818 move 1162 883
11.825 move 1167 883
11.834 move 1173 883
11.842 move 1177 883
11.85 move 1181 883
11.858 move 1185 883
11.867 move 1188 883
11.874 move 1191 883
11.883 move 1194 883
11.89 move 1197 883
11.898 move 1199 883
11.906 move 1201 883
11.914 move 1203 883
11.922 move 1205 883
11.93 move 1206 883
11.938 move 1207 883
11.946 move 1208 883
12.666 click 5.7590675 1.1967742
13.442 enter
14.77 select learn 1
15.458 start 4.0 1.0
15.461 move 866 852
15.466 move 863 852
15.474 move 861 852
15.482 move 857 852
15.49 move 854 852
15.498 move 852 852
15.506 move 849 852
15.514 move 846 852
15.522 move 844 852
15.53 move 842 852
15.538 move 839 852
15.546 move 837 852
15.554 move 833 852
15.562 move 830 852
15.57 move 825 852
15.578 move 819 852
15.586 move 813 852
15.594 move 807 852
15.602 move 800 852
15.61 move 793 852
15.618 move 788 852
15.626 move 783 852
15.634 move 779 852
15.642 move 777 852
15.65 move 776 852
15.658 move 775 852
15.69 move 776 852
15.698 move 777 852
15.706 move 779 852
15.714 move 782 852
15.722 move 785 853
15.73 move 788 853
15.738 move 791 854
15.746 move 795 855
15.754 move 800 856
15.762 move 805 857
15.77 move 809 858
15.778 move 814 858
15.786 move 819 859
15.794 move 824 859
15.802 move 829 859
15.81 move 834 860
15.818 move 839 860
15.825 move 845 860
15.833 move 851 860
15.841 move 857 860
15.849 move 864 860
15.857 move 869 860
15.865 move 875 860
15.873 move 882 860
15.881 move 886 860
15.889 move 890 860
15.897 move 894 860
15.905 move 896 860
15.914 move 898 860
15.923 move 900 861
15.986 move 899 861
15.994 move 898 861
16.002 move 896 861
16.01 move 894 861
16.018 move 891 861
16.026 move 888 861
16.034 move 885 861
16.042 move 882 861
16.05 move 879 860
16.059 move 876 859
16.066 move 873 858
16.074 move 871 857
16.082 move 869 855
16.09 move 868 854
16.098 move 866 853
16.106 move 865 852
16.114 move 864 852
16.122 move 864 851
16.714 click 3.976684 0.9903226
17.05 move 865 851
17.058 move 870 851
17.065 move 879 851
17.074 move 892 850
17.082 move 908 850
17.09 move 926 849
17.098 move 945 849
17.105 move 965 848
17.114 move 985 848
17.121 move 1006 848
17.129 move 1028 848
17.137 move 1051 848
17.146 move 1076 847
17.154 move 1100 847
17.162 move 1126 846
17.169 move 1152 844
17.178 move 1179 842
17.186 move 1208 841
17.194 move 1235 839
17.202 move 1262 838
17.21 move 1288 836
17.218 move 1313 835
17.226 move 1339 834
17.234 move 1365 834
17.242 move 1390 833
17.249 move 1416 833
17.258 move 1441 833
17.266 move 1465 833
17.274 move 1490 833
17.282 move 1514 833
17.29 move 1538 832
17.297 move 1562 832
17.306 move 1584 832
17.314 move 1606 832
17.322 move 1629 832
17.33 move 1652 831
17.338 move 1672 831
17.347 move 1693 831
17.355 move 1712 831
17.363 move 1731 831
17.371 move 1750 831
17.379 move 1769 831
17.387 move 1785 831
17.394 move 1804 830
17.402 move 1820 830
17.41 move 1836 830
17.418 move 1853 829
17.426 move 1869 829
17.434 move 1884 829
17.442 move 1898 829
17.45 move 1911 829
17.458 move 1919 829
17.57 move 1919 828
18.378 move 1918 828
18.386 move 1916 829
18.394 move 1912 831
18.402 move 1906 834
18.41 move 1901 838
18.418 move 1896 843
18.426 move 1890 848
18.434 move 1885 852
18.442 move 1880 857
18.45 move 1875 862
18.458 move 1868 866
18.466 move 1863 870
18.474 move 1856 873
18.481 move 1851 876
18.489 move 1846 877
18.498 move 1841 878
18.506 move 1838 878
18.513 move 1835 878
18.522 move 1831 878
18.53 move 1828 878
18.538 move 1824 878
18.546 move 1821 878
18.554 move 1818 878
18.562 move 1816 878
18.57 move 1815 878
18.578 move 1814 878
19.218 click 8.898964 1.1645161
20.266 enter
21.258 select to 1
21.898 start 4.0 1.0
21.901 move 867 852
21.906 move 866 852
21.914 move 863 852
21.922 move 856 852
21.93 move 846 852
21.938 move 834 852
21.947 move 822 852
21.954 move 810 852
21.962 move 799 852
21.97 move 788 853
21.978 move 779 854
21.986 move 771 855
21.994 move 762 855
22.003 move 754 856
22.01 move 744 856
22.018 move 733 857
22.026 move 721 857
22.034 move 709 857
22.042 move 695 857
22.05 move 680 857
22.058 move 665 857
22.066 move 650 857
22.074 move 634 857
22.082 move 618 857
22.09 move 602 857
22.099 move 587 857
22.106 move 572 857
22.114 move 558 857
22.123 move 545 857
22.13 move 532 857
22.138 move 520 857
22.146 move 508 857
22.154 move 496 857
22.162 move 484 857
22.17 move 472 857
22.178 move 461 857
22.186 move 450 857
22.194 move 439 857
22.202 move 428 857
22.21 move 418 857
22.218 move 408 857
22.226 move 399 857
22.234 move 390 857
22.242 move 382 857
22.25 move 374 857
22.259 move 366 857
22.266 move 359 857
22.275 move 353 857
22.282 move 347 857
22.29 move 341 857
22.298 move 336 857
22.306 move 331 857
22.314 move 326 857
22.322 move 323 857
22.33 move 319 857
22.338 move 316 857
22.346 move 313 857
22.355 move 310 857
22.362 move 308 857
22.371 move 305 857
22.378 move 303 857
22.386 move 301 857
22.394 move 300 857
22.402 move 299 857
22.41 move 298 857
22.418 move 297 857
22.434 move 296 857
22.802 move 295 857
22.81 move 294 857
22.818 move 293 858
22.825 move 291 858
22.833 move 290 859
22.841 move 289 859
22.849 move 288 859
22.857 move 287 860
22.898 move 287 861
23.026 click 0.9870466 1.0548387
23.378 move 289 861
23.386 move 293 861
23.394 move 298 861
23.402 move 307 861
23.41 move 318 861
23.418 move 331 861
23.426 move 345 861
23.434 move 357 861
23.442 move 371 862
23.45 move 383 862
23.458 move 395 862
23.466 move 407 863
23.474 move 417 863
23.482 move 426 863
23.49 move 435 863
23.498 move 445 863
23.506 move 454 863
23.514 move 464 862
23.523 move 475 860
23.53 move 485 859
23.538 move 495 858
23.546 move 505 857
23.554 move 514 857
23.562 move 523 857
23.57 move 532 857
23.578 move 540 856
23.586 move 548 856
23.594 move 555 856
23.602 move 561 856
23.61 move 567 856
23.618 move 573 856
23.626 move 578 856
23.634 move 582 856
23.642 move 586 856
23.65 move 590 856
23.658 move 593 856
23.666 move 596 856
23.674 move 599 856
23.682 move 602 856
23.69 move 605 856
23.698 move 607 856
23.706 move 609 856
23.714 move 611 856
23.722 move 613 856
23.73 move 614 856
23.738 move 615 856
23.746 move 616 856
23.754 move 617 856
24.218 move 616 856
24.226 move 612 856
24.234 move 607 855
24.242 move 598 855
24.25 move 586 853
24.258 move 575 852
24.266 move 563 850
24.274 move 552 849
24.282 move 541 849
24.29 move 529 848
24.299 move 517 848
24.306 move 506 848
24.314 move 494 847
24.322 move 481 847
24.33 move 470 847
24.338 move 458 847
24.346 move 446 847
24.354 move 435 847
24.362 move 424 847
24.37 move 413 847
24.378 move 403 847
24.386 move 393 847
24.394 move 383 847
24.402 move 374 847
24.411 move 365 847
24.418 move 357 847
24.426 move 349 847
24.434 move 342 847
24.442 move 335 847
24.45 move 329 847
24.458 move 323 847
24.466 move 318 847
24.474 move 312 847
24.482 move 308 847
24.49 move 304 847
24.498 move 301 847
24.507 move 297 847
24.514 move 294 847
24.523 move 292 847
24.53 move 289 847
24.538 move 287 847
24.546 move 285 847
24.554 move 284 847
24.562 move 282 847
24.57 move 281 847
24.578 move 280 847
24.594 move 279 847
25.194 click 0.94559586 0.96451616
25.434 move 281 847
25.442 move 284 847
25.45 move 288 847
25.458 move 293 848
25.466 move 299 850
25.474 move 304 853
25.482 move 310 855
25.49 move 317 858
25.498 move 325 861
25.506 move 333 864
25.514 move 343 867
25.522 move 355 870
25.53 move 368 872
25.538 move 382 874
25.546 move 399 875
25.554 move 417 875
25.561 move 435 875
25.57 move 454 874
25.578 move 476 871
25.586 move 498 866
25.594 move 522 860
25.602 move 546 853
25.61 move 570 846
25.618 move 595 839
25.626 move 619 831
25.634 move 643 823
25.642 move 667 816
25.65 move 691 808
25.658 move 713 801
25.665 move 735 795
25.674 move 756 789
25.681 move 778 783
25.689 move 797 778
25.697 move 818 773
25.706 move 838 768
25.713 move 858 764
25.723 move 876 760
25.73 move 894 756
25.739 move 911 752
25.747 move 928 750
25.754 move 944 747
25.763 move 959 745
25.77 move 974 742
25.778 move 988 740
25.786 move 1003 738
25.795 move 1016 737
25.803 move 1028 736
25.81 move 1040 735
25.818 move 1053 735
25.826 move 1064 735
25.834 move 1076 735
25.842 move 1087 735
25.85 move 1097 735
25.858 move 1108 735
25.866 move 1119 735
25.874 move 1129 734
25.882 move 1138 734
25.89 move 1147 734
25.898 move 1157 734
25.906 move 1165 734
25.914 move 1172 734
25.922 move 1178 734
25.93 move 1184 734
25.938 move 1189 734
25.946 move 1195 734
25.954 move 1200 734
25.962 move 1205 734
25.97 move 1209 734
25.978 move 1213 734
25.986 move 1217 734
25.994 move 1220 734
26.002 move 1223 734
26.01 move 1226 734
26.022 move 1229 734
26.027 move 1232 734
26.034 move 1234 733
26.042 move 1235 733
26.05 move 1237 733
26.058 move 1238 733
26.066 move 1239 733
26.074 move 1240 733
26.082 move 1241 733
26.41 move 1242 733
26.418 move 1244 733
26.426 move 1246 733
26.434 move 1249 733
26.442 move 1254 735
26.45 move 1263 739
26.458 move 1273 742
26.466 move 1284 746
26.474 move 1296 750
26.482 move 1308 752
26.49 move 1320 754
26.498 move 1332 754
26.506 move 1344 755
26.514 move 1355 755
26.522 move 1366 755
26.53 move 1378 754
26.538 move 1389 753
26.546 move 1400 752
26.554 move 1411 751
26.562 move 1423 750
26.57 move 1434 749
26.578 move 1446 747
26.586 move 1458 746
26.594 move 1469 745
26.602 move 1480 744
26.61 move 1490 743
26.618 move 1501 742
26.626 move 1511 742
26.634 move 1520 742
26.642 move 1531 741
26.65 move 1540 741
26.658 move 1550 741
26.666 move 1558 741
26.674 move 1566 741
26.682 move 1573 741
26.69 move 1580 741
26.698 move 1586 741
26.706 move 1593 741
26.714 move 1598 741
26.722 move 1603 741
26.73 move 1608 741
26.738 move 1611 741
26.746 move 1615 741
26.754 move 1618 741
26.762 move 1621 741
26.77 move 1624 741
26.778 move 1627 741
26.786 move 1629 741
26.794 move 1631 741
26.802 move 1634 741
26.81 move 1635 741
26.818 move 1636 741
26.826 move 1637 741
26.834 move 1638 741
26.842 move 1639 741
26.858 move 1640 741
27.466 click 7.997409 0.28064513
27.658 move 1641 741
27.666 move 1642 741
27.674 move 1643 741
27.682 move 1645 741
27.69 move 1648 741
27.698 move 1650 741
27.706 move 1652 740
27.714 move 1655 740
27.722 move 1657 740
27.73 move 1659 740
27.738 move 1660 740
27.746 move 1662 740
27.754 move 1663 740
27.763 move 1664 740
27.77 move 1665 740
27.778 move 1666 740
27.97 move 1664 740
27.978 move 1661 740
27.986 move 1656 740
27.994 move 1649 741
28.002 move 1640 744
28.01 move 1629 747
28.018 move 1618 750
28.026 move 1607 754
28.034 move 1596 757
28.042 move 1584 761
28.05 move 1573 763
28.058 move 1563 765
28.066 move 1553 766
28.074 move 1544 767
28.082 move 1535 768
28.09 move 1526 768
28.098 move 1520 768
28.106 move 1513 768
28.114 move 1507 768
28.122 move 1502 768
28.13 move 1497 768
28.138 move 1493 768
28.146 move 1489 768
28.154 move 1486 768
28.162 move 1483 768
28.17 move 1480 768
28.178 move 1478 768
28.186 move 1476 768
28.193 move 1474 768
28.202 move 1472 768
28.21 move 1471 768
28.218 move 1470 768
28.226 move 1469 768
28.234 move 1468 768
28.242 move 1467 768
28.842 click 7.101036 0.4548387
29.617 enter
30.314 select walk 1
30.994 start 4.0 1.0
30.997 move 867 852
31.002 move 864 852
31.01 move 858 852
31.018 move 850 852
31.026 move 839 852
31.034 move 828 853
31.042 move 817 853
31.05 move 806 855
31.058 move 796 856
31.066 move 786 859
31.074 move 779 862
31.082 move 772 864
31.089 move 767 866
31.097 move 761 869
31.105 move 755 871
31.114 move 750 874
31.122 move 743 875
31.129 move 737 877
31.138 move 731 879
31.146 move 724 880
31.154 move 716 881
31.162 move 708 882
31.169 move 699 883
31.179 move 690 884
31.186 move 679 884
31.194 move 668 884
31.202 move 658 884
31.21 move 649 884
31.218 move 639 885
31.226 move 631 885
31.234 move 623 885
31.242 move 617 885
31.25 move 612 885
31.258 move 609 885
31.266 move 606 885
31.274 move 603 885
31.282 move 601 885
31.29 move 599 885
31.298 move 597 885
31.308 move 596 885
31.314 move 595 885
31.482 move 597 885
31.49 move 601 885
31.498 move 606 885
31.507 move 615 885
31.514 move 627 885
31.522 move 641 885
31.531 move 657 885
31.538 move 675 885
31.546 move 692 885
31.554 move 710 885
31.562 move 729 885
31.57 move 745 885
31.578 move 761 884
31.586 move 774 883
31.594 move 786 882
31.603 move 797 880
31.61 move 808 879
31.618 move 818 878
31.626 move 828 876
31.634 move 835 875
31.642 move 843 874
31.65 move 850 873
31.659 move 857 873
31.666 move 862 873
31.674 move 868 873
31.682 move 872 873
31.69 move 877 873
31.698 move 881 873
31.706 move 884 873
31.714 move 888 873
31.722 move 891 873
31.73 move 894 873
31.738 move 897 873
31.746 move 899 873
31.754 move 902 873
31.762 move 904 873
31.77 move 906 873
31.778 move 908 873
31.786 move 909 873
31.794 move 910 873
31.802 move 911 873
31.811 move 912 873
31.818 move 913 873
31.826 move 914 873
31.834 move 914 872
32.465 click 4.235751 1.1258065
32.994 move 912 872
33.002 move 908 872
33.01 move 899 872
33.018 move 889 872
33.026 move 875 872
33.034 move 860 874
33.042 move 847 875
33.05 move 834 878
33.058 move 821 880
33.066 move 809 883
33.074 move 798 886
33.082 move 787 888
33.09 move 777 890
33.098 move 767 891
33.106 move 757 891
33.114 move 746 891
33.122 move 737 891
33.13 move 727 892
33.138 move 718 892
33.146 move 710 892
33.154 move 703 892
33.162 move 698 892
33.17 move 694 892
33.178 move 691 892
33.186 move 689 892
33.194 move 687 892
33.282 move 688 892
33.306 move 689 892
33.778 click 3.0699482 1.2548387
34.346 click 3.0699482 1.2548387
34.61 move 690 892
34.618 move 692 892
34.626 move 695 892
34.634 move 701 892
34.642 move 707 893
34.65 move 715 894
34.658 move 724 897
34.666 move 733 899
34.674 move 742 902
34.682 move 751 905
34.69 move 759 907
34.698 move 766 910
34.706 move 773 911
34.714 move 778 912
34.722 move 783 912
34.73 move 788 912
34.738 move 792 912
34.746 move 795 912
34.754 move 799 912
34.762 move 803 911
34.77 move 806 911
34.778 move 810 910
34.786 move 815 909
34.794 move 820 908
34.802 move 826 908
34.81 move 832 907
34.818 move 840 906
34.826 move 848 905
34.834 move 855 905
34.842 move 862 904
34.85 move 870 903
34.858 move 877 903
34.866 move 883 903
34.874 move 888 903
34.882 move 894 903
34.89 move 899 903
34.899 move 903 903
34.906 move 906 903
34.914 move 908 903
34.931 move 913 903
34.938 move 914 903
34.946 move 915 902
34.954 move 916 902
35.554 move 917 902
35.562 move 919 902
35.57 move 923 902
35.578 move 930 904
35.586 move 940 906
35.594 move 952 908
35.603 move 966 911
35.61 move 981 914
35.618 move 997 916
35.626 move 1014 917
35.634 move 1031 917
35.642 move 1049 917
35.65 move 1067 917
35.658 move 1086 917
35.666 move 1104 917
35.674 move 1123 915
35.682 move 1143 914
35.69 move 1162 912
35.698 move 1180 911
35.706 move 1199 909
35.714 move 1216 907
35.722 move 1233 906
35.73 move 1250 905
35.738 move 1267 904
35.747 move 1284 903
35.754 move 1300 902
35.762 move 1317 902
35.77 move 1332 901
35.779 move 1347 901
35.786 move 1362 900
35.794 move 1376 900
35.802 move 1391 900
35.81 move 1404 900
35.818 move 1417 900
35.826 move 1429 900
35.834 move 1441 900
35.843 move 1453 900
35.85 move 1464 900
35.858 move 1475 900
35.866 move 1486 900
35.874 move 1497 899
35.882 move 1507 899
35.89 move 1516 899
35.898 move 1526 899
35.906 move 1534 899
35.915 move 1542 899
35.922 move 1550 899
35.93 move 1557 899
35.938 move 1563 899
35.946 move 1569 898
35.954 move 1575 898
35.962 move 1580 898
35.97 move 1584 898
35.978 move 1589 898
35.986 move 1593 898
35.994 move 1596 898
36.002 move 1599 898
36.01 move 1602 898
36.018 move 1605 898
36.026 move 1608 898
36.034 move 1610 898
36.042 move 1612 898
36.05 move 1613 898
36.058 move 1615 898
36.066 move 1616 898
36.082 move 1617 898
36.625 click 7.8782387 1.2935483
37.05 move 1616 898
37.058 move 1611 898
37.066 move 1600 898
37.074 move 1586 900
37.082 move 1569 905
37.09 move 1553 909
37.098 move 1536 914
37.106 move 1519 919
37.115 move 1503 924
37.122 move 1487 927
37.13 move 1471 929
37.138 move 1456 929
37.146 move 1438 929
37.155 move 1421 929
37.162 move 1402 928
37.17 move 1384 925
37.178 move 1365 923
37.186 move 1349 921
37.194 move 1333 919
37.202 move 1317 917
37.21 move 1303 915
37.218 move 1289 914
37.227 move 1277 912
37.234 move 1264 910
37.242 move 1252 909
37.25 move 1240 908
37.259 move 1228 908
37.266 move 1217 907
37.274 move 1206 907
37.282 move 1195 907
37.29 move 1184 907
37.298 move 1174 907
37.306 move 1164 907
37.314 move 1154 907
37.322 move 1145 907
37.33 move 1135 907
37.339 move 1126 907
37.346 move 1119 907
37.354 move 1112 907
37.362 move 1105 907
37.37 move 1099 907
37.378 move 1093 907
37.386 move 1088 907
37.394 move 1082 907
37.402 move 1077 907
37.41 move 1073 907
37.418 move 1069 907
37.426 move 1065 907
37.435 move 1062 907
37.442 move 1059 907
37.45 move 1056 907
37.458 move 1053 907
37.466 move 1050 907
37.474 move 1048 907
37.482 move 1046 907
37.49 move 1044 907
37.498 move 1042 907
37.506 move 1040 907
37.514 move 1039 907
37.522 move 1038 907
37.538 move 1037 907
37.914 move 1036 907
37.93 move 1033 907
37.938 move 1029 907
37.945 move 1019 907
37.954 move 1008 908
37.962 move 994 911
37.97 move 981 915
37.977 move 968 919
37.986 move 954 923
37.994 move 941 927
38.002 move 927 931
38.009 move 912 933
38.018 move 897 935
38.026 move 883 936
38.034 move 868 937
38.041 move 853 938
38.049 move 838 938
38.057 move 824 938
38.065 move 812 938
38.073 move 800 938
38.081 move 789 938
38.089 move 779 938
38.097 move 769 938
38.105 move 761 937
38.113 move 754 936
38.121 move 748 936
38.129 move 743 936
38.138 move 738 936
38.146 move 735 936
38.154 move 731 936
38.162 move 729 936
38.17 move 726 936
38.178 move 723 936
38.186 move 722 936
38.194 move 720 936
38.202 move 719 936
38.21 move 718 936
38.218 move 717 936
38.234 move 716 936
38.73 click 3.2098446 1.5387096
39.114 click 3.2098446 1.5387096
39.876 enter
40.57 select before 1
40.922 start 4.0 1.0
40.925 move 869 852
40.93 move 872 852
40.937 move 876 852
40.946 move 881 852
40.954 move 888 852
40.962 move 896 853
40.97 move 902 853
40.978 move 908 855
40.986 move 914 856
40.994 move 918 856
41.002 move 921 856
41.01 move 925 857
41.018 move 928 857
41.026 move 930 857
41.034 move 931 857
41.042 move 932 857
41.05 move 933 857
41.154 move 932 857
41.162 move 931 857
41.17 move 929 857
41.178 move 927 857
41.187 move 925 857
41.194 move 923 857
41.202 move 922 857
41.21 move 920 857
41.219 move 918 857
41.226 move 917 857
41.234 move 915 857
41.25 move 914 857
41.258 move 913 857
41.714 click 4.23057 1.0290322
41.93 move 915 857
41.938 move 918 857
41.946 move 923 858
41.954 move 931 859
41.962 move 939 861
41.97 move 948 864
41.978 move 957 867
41.986 move 967 870
41.994 move 975 872
42.002 move 985 874
42.01 move 996 874
42.018 move 1006 874
42.026 move 1018 874
42.034 move 1030 873
42.042 move 1044 871
42.05 move 1058 868
42.058 move 1074 864
42.066 move 1089 860
42.074 move 1104 855
42.082 move 1120 851
42.09 move 1136 846
42.098 move 1151 842
42.105 move 1166 838
42.114 move 1180 834
42.122 move 1195 831
42.13 move 1208 827
42.138 move 1221 824
42.146 move 1234 821
42.154 move 1246 818
42.162 move 1259 816
42.169 move 1270 814
42.178 move 1281 813
42.186 move 1292 811
42.194 move 1303 810
42.202 move 1313 810
42.21 move 1322 809
42.218 move 1332 809
42.226 move 1341 809
42.234 move 1349 809
42.242 move 1357 809
42.25 move 1364 809
42.258 move 1371 809
42.266 move 1378 809
42.274 move 1384 809
42.282 move 1390 809
42.29 move 1395 809
42.297 move 1401 809
42.305 move 1405 809
42.313 move 1410 808
42.321 move 1414 808
42.329 move 1417 808
42.337 move 1421 808
42.345 move 1424 808
42.353 move 1427 808
42.362 move 1430 808
42.37 move 1432 808
42.379 move 1435 808
42.386 move 1437 808
42.394 move 1439 808
42.402 move 1441 808
42.41 move 1443 808
42.418 move 1444 808
42.426 move 1445 808
42.435 move 1446 808
42.442 move 1447 808
42.45 move 1448 808
42.466 move 1449 808
42.762 move 1450 808
42.77 move 1452 808
42.778 move 1455 808
42.786 move 1459 808
42.794 move 1466 810
42.802 move 1475 811
42.81 move 1485 813
42.818 move 1496 814
42.826 move 1507 815
42.834 move 1518 816
42.842 move 1529 816
42.85 move 1540 816
42.858 move 1550 816
42.866 move 1560 815
42.874 move 1570 814
42.882 move 1579 813
42.89 move 1588 812
42.898 move 1596 810
42.907 move 1603 808
42.915 move 1609 806
42.922 move 1616 804
42.93 move 1621 802
42.938 move 1626 800
42.946 move 1629 799
42.954 move 1632 798
42.962 move 1634 797
42.97 move 1636 797
42.979 move 1638 796
42.994 move 1639 796
43.601 click 7.9922276 0.63548386
43.954 move 1638 796
43.962 move 1635 796
43.97 move 1630 798
43.978 move 1621 802
43.986 move 1612 806
43.994 move 1602 811
44.002 move 1592 816
44.01 move 1581 821
44.018 move 1570 824
44.026 move 1559 827
44.034 move 1549 828
44.042 move 1539 829
44.05 move 1528 829
44.058 move 1517 829
44.066 move 1507 829
44.074 move 1497 829
44.082 move 1487 829
44.09 move 1478 829
44.098 move 1470 829
44.106 move 1463 829
44.114 move 1457 829
44.122 move 1451 829
44.13 move 1445 829
44.138 move 1439 829
44.146 move 1434 829
44.154 move 1428 829
44.162 move 1424 829
44.17 move 1419 829
44.178 move 1416 829
44.186 move 1412 829
44.195 move 1409 829
44.202 move 1407 829
44.21 move 1404 829
44.219 move 1402 829
44.226 move 1401 829
44.234 move 1399 829
44.242 move 1398 829
44.25 move 1397 829
44.258 move 1396 829
44.266 move 1395 829
44.29 move 1394 829
44.754 click 6.722798 0.8483871
45.49 enter
46.61 select you 1
47.178 start 4.0 1.0
47.181 move 866 852
47.186 move 861 852
47.194 move 853 853
47.202 move 844 855
47.21 move 836 857
47.218 move 829 860
47.226 move 822 863
47.234 move 817 865
47.242 move 812 866
47.25 move 807 867
47.258 move 800 867
47.266 move 794 867
47.274 move 787 867
47.282 move 779 867
47.29 move 772 867
47.298 move 764 867
47.306 move 755 867
47.314 move 746 867
47.322 move 737 867
47.33 move 728 867
47.338 move 718 867
47.346 move 708 867
47.354 move 699 867
47.362 move 691 866
47.37 move 684 866
47.378 move 678 866
47.386 move 673 866
47.394 move 670 866
47.402 move 667 866
47.41 move 664 866
47.418 move 663 866
47.426 move 662 866
47.434 move 661 866
48.01 click 2.9248705 1.0870968
48.195 move 662 866
48.202 move 664 866
48.21 move 669 866
48.218 move 675 866
48.226 move 682 867
48.234 move 689 868
48.242 move 694 870
48.25 move 699 873
48.259 move 703 876
48.266 move 709 879
48.274 move 714 881
48.282 move 721 883
48.29 move 729 885
48.298 move 739 885
48.306 move 750 885
48.314 move 761 885
48.322 move 773 885
48.33 move 784 885
48.338 move 796 885
48.346 move 808 883
48.354 move 821 881
48.362 move 835 879
48.37 move 849 875
48.378 move 864 872
48.386 move 880 868
48.394 move 896 863
48.402 move 911 859
48.41 move 926 855
48.418 move 941 850
48.426 move 956 845
48.434 move 969 840
48.442 move 983 835
48.45 move 997 831
48.458 move 1009 827
48.466 move 1022 823
48.474 move 1035 819
48.482 move 1048 815
48.49 move 1060 811
48.498 move 1073 808
48.506 move 1084 805
48.514 move 1097 802
48.522 move 1108 798
48.53 move 1118 796
48.538 move 1129 794
48.546 move 1138 792
48.554 move 1148 790
48.562 move 1157 789
48.57 move 1166 788
48.578 move 1173 787
48.586 move 1180 787
48.594 move 1187 786
48.603 move 1192 786
48.61 move 1198 786
48.618 move 1203 786
48.626 move 1207 786
48.634 move 1211 786
48.642 move 1215 786
48.65 move 1218 786
48.658 move 1221 786
48.666 move 1223 786
48.674 move 1225 786
48.682 move 1227 786
48.69 move 1229 786
48.698 move 1230 786
48.706 move 1231 786
48.714 move 1232 786
48.722 move 1233 786
49.914 click 5.888601 0.5709678
49.994 move 1234 786
50.002 move 1236 785
50.01 move 1238 785
50.018 move 1242 784
50.026 move 1244 784
50.034 move 1247 784
50.042 move 1249 784
50.05 move 1250 784
50.058 move 1250 785
50.066 move 1251 786
50.074 move 1251 788
50.082 move 1251 790
50.09 move 1251 793
50.098 move 1251 796
50.106 move 1251 798
50.114 move 1251 799
50.122 move 1251 800
50.13 move 1251 801
50.162 move 1250 801
50.186 move 1249 802
50.202 move 1248 802
50.218 move 1247 802
50.298 move 1246 802
50.354 move 1245 802
50.362 move 1244 802
50.386 move 1243 802
51.81 click 5.9404144 0.6870967
52.531 enter
53.289 select run 1
54.573 phrase rapidly running short on words
57.13 start 4.0 1.0
57.134 move 864 852
57.138 move 860 852
57.146 move 852 852
57.154 move 845 852
57.162 move 839 852
57.17 move 834 852
57.178 move 829 852
57.186 move 825 852
57.194 move 822 852
57.202 move 818 852
57.21 move 814 852
57.218 move 809 852
57.226 move 803 850
57.234 move 796 848
57.242 move 788 845
57.25 move 780 843
57.258 move 773 841
57.266 move 766 840
57.274 move 759 839
57.282 move 754 838
57.29 move 748 838
57.298 move 742 837
57.306 move 736 836
57.314 move 728 835
57.322 move 720 835
57.33 move 710 835
57.338 move 700 835
57.345 move 692 835
57.353 move 684 835
57.362 move 677 835
57.369 move 672 835
57.378 move 668 835
57.385 move 666 835
57.393 move 664 835
57.402 move 663 835
57.41 move 662 835
57.979 click 2.9300518 0.88709676
58.474 move 661 835
58.482 move 658 835
58.49 move 653 836
58.498 move 645 838
58.506 move 634 842
58.514 move 625 846
58.522 move 614 849
58.53 move 604 852
58.538 move 595 854
58.546 move 586 855
58.554 move 576 855
58.562 move 566 855
58.57 move 555 856
58.578 move 544 856
58.586 move 533 856
58.594 move 522 856
58.602 move 510 856
58.61 move 499 856
58.618 move 488 856
58.626 move 477 856
58.634 move 467 856
58.641 move 456 856
58.65 move 447 856
58.658 move 437 856
58.666 move 428 856
58.674 move 418 856
58.681 move 410 856
58.69 move 402 856
58.698 move 396 856
58.706 move 391 856
58.714 move 387 856
58.722 move 383 856
58.729 move 381 856
58.738 move 378 856
58.746 move 376 856
58.754 move 375 856
58.762 move 374 856
58.77 move 373 856
58.786 move 372 856
59.57 click 1.4274611 1.0225806
59.906 move 373 856
59.914 move 375 856
59.922 move 383 856
59.931 move 396 856
59.938 move 413 856
59.946 move 429 856
59.954 move 446 856
59.962 move 463 856
59.97 move 480 856
59.978 move 497 856
59.986 move 516 856
59.994 move 536 858
60.002 move 556 860
60.01 move 578 863
60.018 move 599 866
60.026 move 620 870
60.034 move 642 871
60.042 move 662 872
60.05 move 681 872
60.058 move 700 872
60.066 move 718 872
60.074 move 737 872
60.082 move 754 871
60.09 move 771 871
60.098 move 788 871
60.106 move 804 871
60.114 move 819 871
60.122 move 834 871
60.13 move 847 871
60.137 move 861 871
60.146 move 874 871
60.153 move 887 871
60.162 move 899 871
60.169 move 911 871
60.177 move 922 871
60.185 move 933 871
60.193 move 944 871
60.201 move 954 870
60.21 move 964 870
60.218 move 973 870
60.225 move 982 870
60.233 move 990 870
60.242 move 998 870
60.25 move 1005 870
60.257 move 1011 870
60.265 move 1018 870
60.273 move 1024 870
60.281 move 1030 870
60.289 move 1035 870
60.298 move 1039 870
60.306 move 1044 870
60.314 move 1047 870
60.322 move 1051 870
60.33 move 1054 870
60.338 move 1057 870
60.346 move 1060 870
60.354 move 1062 870
60.362 move 1064 870
60.37 move 1066 870
60.378 move 1068 870
60.386 move 1070 870
60.394 move 1071 870
60.402 move 1072 870
60.41 move 1073 870
60.426 move 1074 870
60.682 move 1075 870
60.69 move 1077 870
60.698 move 1082 870
60.706 move 1090 871
60.714 move 1101 874
60.722 move 1113 876
60.73 move 1125 880
60.738 move 1138 882
60.746 move 1150 884
60.754 move 1163 886
60.762 move 1176 887
60.77 move 1190 888
60.778 move 1206 888
60.786 move 1221 888
60.794 move 1239 888
60.802 move 1255 888
60.81 move 1272 887
60.818 move 1290 886
60.826 move 1306 884
60.834 move 1322 883
60.842 move 1337 880
60.851 move 1351 878
60.858 move 1365 875
60.866 move 1378 872
60.874 move 1390 869
60.883 move 1403 867
60.89 move 1414 864
60.898 move 1426 863
60.906 move 1436 861
60.914 move 1448 859
60.922 move 1458 859
60.93 move 1468 858
60.938 move 1478 858
60.946 move 1487 857
60.954 move 1496 857
60.962 move 1505 857
60.97 move 1513 857
60.978 move 1521 857
60.986 move 1527 857
60.994 move 1534 857
61.002 move 1540 857
61.01 move 1545 857
61.018 move 1551 857
61.026 move 1556 857
61.034 move 1560 857
61.042 move 1564 857
61.05 move 1568 857
61.058 move 1571 857
61.066 move 1575 857
61.074 move 1578 857
61.082 move 1581 857
61.09 move 1584 857
61.098 move 1586 857
61.106 move 1588 857
61.114 move 1590 857
61.122 move 1592 857
61.13 move 1593 857
61.138 move 1594 857
61.154 move 1595 857
61.162 move 1596 857
61.786 click 7.76943 1.0290322
62.298 move 1595 857
62.306 move 1592 857
62.314 move 1588 857
62.322 move 1581 857
62.33 move 1574 857
62.338 move 1565 857
62.346 move 1559 857
62.354 move 1552 857
62.362 move 1547 857
62.37 move 1544 857
62.378 move 1541 857
62.386 move 1539 857
62.394 move 1538 857
62.41 move 1537 857
62.482 move 1536 857
63.073 click 7.458549 1.0290322
63.634 move 1535 858
63.642 move 1531 858
63.65 move 1521 860
63.658 move 1506 863
63.667 move 1489 867
63.674 move 1471 871
63.682 move 1454 876
63.693 move 1437 880
63.698 move 1423 883
63.706 move 1410 885
63.714 move 1399 886
63.722 move 1388 887
63.73 move 1377 887
63.738 move 1366 887
63.746 move 1356 887
63.754 move 1347 887
63.762 move 1337 887
63.77 move 1330 886
63.778 move 1323 884
63.786 move 1317 882
63.794 move 1313 881
63.802 move 1309 880
63.81 move 1306 879
63.818 move 1302 877
63.826 move 1300 876
63.834 move 1297 876
63.842 move 1295 875
63.85 move 1292 875
63.858 move 1290 875
63.866 move 1288 875
63.874 move 1287 875
63.882 move 1285 875
63.89 move 1284 875
63.898 move 1283 875
63.906 move 1282 875
64.418 move 1281 875
64.442 move 1278 875
64.449 move 1271 877
64.457 move 1259 881
64.465 move 1243 884
64.473 move 1225 889
64.481 move 1206 892
64.489 move 1188 895
64.497 move 1171 897
64.505 move 1153 898
64.513 move 1137 899
64.522 move 1122 899
64.53 move 1106 899
64.538 move 1091 899
64.546 move 1075 899
64.554 move 1059 899
64.563 move 1042 899
64.571 move 1026 897
64.578 move 1009 896
64.586 move 992 895
64.594 move 975 894
64.602 move 960 893
64.61 move 944 892
64.619 move 930 891
64.626 move 915 890
64.635 move 901 889
64.642 move 887 889
64.65 move 874 888
64.658 move 861 887
64.666 move 848 887
64.675 move 836 886
64.682 move 823 886
64.69 move 811 886
64.698 move 799 886
64.706 move 788 885
64.714 move 777 885
64.722 move 765 885
64.73 move 754 885
64.738 move 744 885
64.746 move 734 885
64.754 move 724 885
64.762 move 714 885
64.77 move 706 885
64.778 move 698 885
64.786 move 691 885
64.794 move 685 885
64.802 move 678 885
64.81 move 673 885
64.818 move 668 885
64.826 move 663 885
64.834 move 659 885
64.842 move 655 885
64.85 move 652 885
64.858 move 648 885
64.866 move 645 885
64.874 move 642 885
64.882 move 640 885
64.89 move 637 885
64.898 move 635 885
64.906 move 632 885
64.914 move 631 885
64.922 move 629 885
64.931 move 627 885
64.938 move 626 885
64.954 move 625 885
65.306 click 2.738342 1.2096775
66.539 move 627 885
66.546 move 634 885
66.554 move 647 885
66.562 move 665 885
66.57 move 688 886
66.578 move 712 887
66.586 move 738 889
66.594 move 764 891
66.602 move 790 893
66.61 move 817 894
66.618 move 842 895
66.626 move 869 895
66.634 move 895 895
66.642 move 920 894
66.65 move 945 892
66.658 move 970 890
66.666 move 994 887
66.674 move 1018 886
66.682 move 1041 884
66.69 move 1066 882
66.698 move 1088 881
66.706 move 1111 879
66.714 move 1133 877
66.722 move 1156 876
66.73 move 1178 875
66.738 move 1199 874
66.746 move 1221 873
66.754 move 1240 872
66.762 move 1261 871
66.77 move 1281 870
66.778 move 1301 870
66.786 move 1319 870
66.794 move 1337 869
66.802 move 1355 869
66.81 move 1373 869
66.818 move 1389 869
66.826 move 1406 869
66.834 move 1422 869
66.842 move 1437 869
66.85 move 1453 869
66.858 move 1467 869
66.866 move 1480 869
66.874 move 1494 869
66.882 move 1507 869
66.89 move 1520 869
66.898 move 1532 869
66.906 move 1544 869
66.914 move 1556 869
66.922 move 1567 869
66.93 move 1579 869
66.938 move 1589 869
66.946 move 1600 869
66.954 move 1610 869
66.962 move 1619 869
66.97 move 1628 869
66.978 move 1637 869
66.986 move 1645 869
66.994 move 1653 869
67.002 move 1660 869
67.01 move 1667 869
67.018 move 1672 869
67.026 move 1678 869
67.034 move 1684 869
67.042 move 1689 868
67.05 move 1694 868
67.058 move 1699 868
67.066 move 1702 868
67.074 move 1706 868
67.082 move 1709 868
67.09 move 1712 868
67.098 move 1715 868
67.106 move 1718 868
67.114 move 1720 868
67.122 move 1723 868
67.13 move 1725 868
67.138 move 1727 868
67.146 move 1728 868
67.154 move 1729 868
67.162 move 1730 868
67.169 move 1731 868
67.178 move 1732 868
67.666 click 8.474093 1.1
68.258 move 1731 868
68.266 move 1726 868
68.274 move 1714 867
68.282 move 1697 866
68.29 move 1676 865
68.298 move 1655 864
68.306 move 1634 864
68.314 move 1614 864
68.322 move 1596 864
68.33 move 1581 864
68.338 move 1566 864
68.346 move 1552 864
68.354 move 1540 864
68.362 move 1527 864
68.37 move 1514 864
68.378 move 1500 864
68.386 move 1488 864
68.394 move 1475 864
68.402 move 1464 864
68.41 move 1452 864
68.418 move 1443 864
68.426 move 1433 864
68.434 move 1425 864
68.442 move 1417 864
68.45 move 1410 864
68.458 move 1403 864
68.466 move 1397 864
68.474 move 1390 864
68.482 move 1384 864
68.49 move 1379 864
68.498 move 1373 864
68.506 move 1368 864
68.514 move 1364 864
68.522 move 1361 864
68.53 move 1357 864
68.538 move 1354 864
68.545 move 1350 864
68.554 move 1348 864
68.562 move 1345 864
68.57 move 1343 864
68.577 move 1341 864
68.586 move 1339 864
68.594 move 1337 864
68.601 move 1336 864
68.609 move 1335 864
68.617 move 1334 864
68.625 move 1333 864
68.641 move 1332 864
69.13 move 1329 864
69.138 move 1323 864
69.146 move 1312 864
69.155 move 1297 864
69.162 move 1278 866
69.17 move 1258 868
69.179 move 1238 871
69.186 move 1219 873
69.194 move 1201 877
69.202 move 1183 880
69.21 move 1167 883
69.218 move 1150 885
69.226 move 1134 887
69.235 move 1118 888
69.242 move 1103 888
69.25 move 1088 889
69.259 move 1073 889
69.266 move 1059 889
69.274 move 1046 889
69.282 move 1034 889
69.291 move 1023 889
69.298 move 1012 888
69.306 move 1001 888
69.314 move 993 888
69.322 move 985 887
69.33 move 978 887
69.338 move 972 887
69.346 move 967 887
69.354 move 962 887
69.362 move 958 887
69.37 move 954 887
69.378 move 951 887
69.386 move 948 887
69.394 move 945 887
69.402 move 943 887
69.41 move 941 887
69.418 move 939 887
69.426 move 938 887
69.434 move 937 887
69.977 click 4.3549223 1.2225807
70.594 enter
71.186 select rapidly 1
71.93 start 4.0 1.0
71.934 move 867 852
71.938 move 865 851
71.946 move 857 848
71.954 move 845 843
71.962 move 831 839
71.971 move 816 835
71.978 move 804 833
71.986 move 793 832
71.994 move 782 831
72.002 move 772 830
72.01 move 761 830
72.018 move 750 830
72.026 move 738 830
72.034 move 726 830
72.042 move 714 830
72.05 move 701 830
72.058 move 687 830
72.066 move 674 830
72.074 move 660 830
72.082 move 647 830
72.09 move 635 830
72.098 move 624 830
72.106 move 614 830
72.114 move 606 830
72.123 move 600 830
72.13 move 594 830
72.138 move 589 830
72.146 move 585 830
72.154 move 581 830
72.163 move 578 830
72.17 move 575 830
72.178 move 572 830
72.186 move 570 830
72.194 move 568 830
72.202 move 566 830
72.21 move 565 830
72.218 move 564 830
72.226 move 563 830
72.234 move 562 830
72.242 move 561 830
73.314 click 2.4067357 0.8548387
73.634 move 566 830
73.642 move 576 830
73.65 move 592 830
73.658 move 611 830
73.666 move 632 829
73.674 move 657 829
73.682 move 680 829
73.69 move 702 829
73.698 move 725 829
73.706 move 747 829
73.714 move 769 829
73.722 move 792 829
73.73 move 815 829
73.738 move 838 829
73.746 move 862 829
73.754 move 885 829
73.762 move 908 828
73.77 move 929 828
73.778 move 950 827
73.786 move 972 827
73.794 move 992 826
73.802 move 1013 826
73.81 move 1032 826
73.818 move 1051 825
73.826 move 1068 825
73.834 move 1086 825
73.842 move 1103 825
73.85 move 1120 825
73.858 move 1136 825
73.866 move 1153 825
73.874 move 1168 825
73.882 move 1182 825
73.89 move 1197 825
73.898 move 1211 824
73.906 move 1224 824
73.914 move 1237 824
73.922 move 1249 824
73.93 move 1262 824
73.938 move 1273 824
73.946 move 1285 824
73.954 move 1296 824
73.962 move 1307 824
73.97 move 1317 824
73.978 move 1327 824
73.986 move 1337 824
73.994 move 1346 824
74.002 move 1355 824
74.01 move 1362 824
74.018 move 1370 823
74.026 move 1376 823
74.034 move 1383 823
74.042 move 1389 823
74.05 move 1394 823
74.058 move 1400 823
74.066 move 1404 823
74.074 move 1409 823
74.082 move 1412 823
74.09 move 1416 823
74.098 move 1420 823
74.106 move 1422 823
74.114 move 1425 823
74.122 move 1428 823
74.13 move 1430 823
74.138 move 1432 823
74.146 move 1434 823
74.153 move 1435 823
74.162 move 1436 823
74.169 move 1437 823
74.186 move 1438 823
74.642 click 6.950777 0.80967736
75.769 click 6.950777 0.80967736
76.122 click 6.950777 0.80967736
76.53 click 6.950777 0.80967736
77.146 move 1438 824
77.154 move 1437 826
77.162 move 1436 827
77.226 move 1436 826
77.234 move 1436 825
77.243 move 1436 823
77.25 move 1435 821
77.258 move 1435 820
77.266 move 1435 818
77.274 move 1435 817
77.284 move 1435 815
77.298 move 1435 814
77.714 click 6.935233 0.7516129
78.13 move 1434 814
78.138 move 1432 814
78.146 move 1428 814
78.153 move 1419 815
78.162 move 1408 817
78.17 move 1396 819
78.178 move 1384 821
78.185 move 1371 823
78.194 move 1359 825
78.202 move 1348 826
78.21 move 1338 826
78.218 move 1328 826
78.226 move 1317 826
78.233 move 1306 826
78.242 move 1294 826
78.249 move 1280 826
78.258 move 1265 825
78.266 move 1250 825
78.273 move 1236 824
78.282 move 1222 824
78.289 move 1211 824
78.298 move 1201 824
78.306 move 1192 824
78.313 move 1187 824
78.321 move 1183 824
78.329 move 1180 824
78.338 move 1178 824
78.345 move 1177 824
78.354 move 1176 824
78.866 move 1178 824
78.874 move 1182 824
78.882 move 1187 824
78.89 move 1195 824
78.898 move 1205 824
78.906 move 1216 824
78.914 move 1227 824
78.922 move 1240 824
78.93 move 1251 824
78.938 move 1260 824
78.947 move 1267 824
78.954 move 1273 824
78.962 move 1277 824
78.97 move 1279 824
78.978 move 1280 824
79.01 move 1279 824
79.018 move 1276 824
79.026 move 1271 824
79.034 move 1263 824
79.042 move 1252 825
79.05 move 1238 825
79.058 move 1223 826
79.066 move 1207 827
79.074 move 1191 828
79.082 move 1175 829
79.09 move 1159 831
79.098 move 1145 832
79.106 move 1132 834
79.114 move 1120 835
79.122 move 1110 836
79.13 move 1101 836
79.138 move 1094 836
79.146 move 1089 836
79.154 move 1083 836
79.162 move 1078 836
79.17 move 1073 836
79.178 move 1069 836
79.186 move 1065 836
79.194 move 1061 836
79.202 move 1057 836
79.21 move 1054 836
79.218 move 1051 836
79.226 move 1048 836
79.234 move 1046 836
79.242 move 1043 836
79.25 move 1041 837
79.258 move 1039 837
79.266 move 1038 837
79.274 move 1037 837
79.282 move 1035 837
79.298 move 1034 837
79.314 move 1033 837
79.722 click 4.8523316 0.9
80.354 enter
80.953 select running 1
81.514 start 4.0 1.0
81.518 move 867 852
81.522 move 864 852
81.53 move 857 853
81.538 move 846 855
81.546 move 834 858
81.554 move 819 862
81.562 move 805 867
81.57 move 791 871
81.578 move 776 875
81.586 move 762 878
81.594 move 747 879
81.602 move 731 881
81.61 move 716 881
81.618 move 699 882
81.626 move 682 883
81.634 move 665 883
81.642 move 646 884
81.65 move 629 884
81.658 move 611 884
81.666 move 596 884
81.674 move 582 884
81.682 move 569 884
81.69 move 558 884
81.698 move 550 884
81.706 move 544 884
81.714 move 540 884
81.722 move 537 884
81.73 move 535 884
81.738 move 533 884
81.746 move 532 884
81.754 move 531 884
81.762 move 530 884
81.77 move 529 884
81.794 move 528 884
82.401 move 526 884
82.409 move 522 884
82.417 move 514 886
82.425 move 502 889
82.433 move 489 893
82.441 move 473 898
82.449 move 456 903
82.457 move 439 908
82.465 move 422 913
82.473 move 406 917
82.481 move 390 920
82.489 move 375 923
82.497 move 360 924
82.505 move 346 925
82.514 move 334 925
82.522 move 322 926
82.53 move 311 926
82.538 move 302 926
82.546 move 294 927
82.554 move 288 927
82.562 move 282 927
82.57 move 277 927
82.578 move 273 927
82.586 move 270 927
82.594 move 266 927
82.602 move 263 927
82.61 move 260 927
82.618 move 258 927
82.626 move 256 927
82.634 move 254 927
82.642 move 253 927
82.65 move 251 927
82.666 move 250 927
82.674 move 249 927
83.122 click 0.7901554 1.4806452
83.33 move 250 927
83.338 move 253 927
83.346 move 260 927
83.354 move 271 926
83.362 move 282 926
83.37 move 293 925
83.378 move 303 925
83.386 move 312 925
83.394 move 320 925
83.402 move 329 926
83.41 move 337 927
83.418 move 348 929
83.426 move 360 931
83.434 move 373 933
83.442 move 387 935
83.45 move 401 937
83.458 move 416 938
83.466 move 432 938
83.474 move 449 938
83.482 move 466 938
83.49 move 482 935
83.498 move 499 931
83.506 move 515 926
83.514 move 533 921
83.522 move 551 915
83.53 move 570 910
83.538 move 589 905
83.545 move 608 901
83.554 move 627 898
83.562 move 645 895
83.57 move 662 892
83.578 move 679 890
83.585 move 697 888
83.594 move 712 886
83.602 move 728 885
83.61 move 743 884
83.618 move 758 883
83.626 move 773 882
83.634 move 785 882
83.642 move 798 882
83.65 move 811 882
83.657 move 824 881
83.665 move 836 881
83.674 move 848 881
83.682 move 859 881
83.69 move 870 881
83.698 move 881 881
83.705 move 892 881
83.714 move 902 881
83.722 move 911 881
83.73 move 920 881
83.738 move 929 881
83.745 move 937 880
83.753 move 944 880
83.761 move 951 880
83.769 move 957 880
83.777 move 963 880
83.785 move 968 880
83.793 move 974 880
83.801 move 979 880
83.81 move 983 880
83.817 move 986 880
83.825 move 990 880
83.833 move 993 880
83.841 move 996 880
83.85 move 999 880
83.858 move 1002 880
83.866 move 1004 880
83.874 move 1006 880
83.882 move 1008 880
83.89 move 1010 880
83.898 move 1011 880
83.906 move 1012 880
83.914 move 1013 880
83.922 move 1014 880
84.37 click 4.753886 1.1774193
84.586 move 1015 880
84.602 move 1017 880
84.61 move 1021 882
84.618 move 1027 885
84.626 move 1034 888
84.634 move 1042 891
84.642 move 1050 895
84.65 move 1059 899
84.658 move 1068 903
84.666 move 1078 907
84.674 move 1089 910
84.682 move 1102 914
84.69 move 1115 916
84.698 move 1130 918
84.706 move 1148 919
84.714 move 1167 919
84.722 move 1187 918
84.73 move 1208 916
84.738 move 1229 912
84.746 move 1250 908
84.754 move 1272 903
84.762 move 1293 898
84.77 move 1315 894
84.778 move 1334 889
84.786 move 1352 885
84.794 move 1368 881
84.802 move 1382 876
84.81 move 1394 873
84.818 move 1404 869
84.826 move 1415 867
84.834 move 1423 864
84.842 move 1431 861
84.85 move 1439 859
84.858 move 1447 857
84.866 move 1454 856
84.874 move 1460 854
84.882 move 1467 852
84.89 move 1473 851
84.898 move 1478 850
84.906 move 1483 850
84.914 move 1487 849
84.922 move 1493 848
84.931 move 1497 848
84.938 move 1500 848
84.945 move 1504 848
84.954 move 1508 848
84.962 move 1511 848
84.969 move 1514 848
84.978 move 1517 848
84.986 move 1519 848
84.994 move 1522 848
85.002 move 1524 848
85.009 move 1526 848
85.018 move 1528 848
85.026 move 1529 848
85.034 move 1530 848
85.042 move 1531 848
85.049 move 1532 848
85.442 move 1533 848
85.458 move 1534 848
85.466 move 1537 848
85.474 move 1541 849
85.482 move 1547 851
85.49 move 1552 854
85.498 move 1559 856
85.507 move 1565 858
85.514 move 1571 859
85.522 move 1576 859
85.53 move 1582 859
85.538 move 1587 859
85.546 move 1593 859
85.554 move 1600 859
85.562 move 1607 859
85.571 move 1614 858
85.578 move 1622 857
85.586 move 1630 857
85.594 move 1638 856
85.602 move 1646 856
85.61 move 1653 855
85.618 move 1660 854
85.626 move 1667 853
85.634 move 1673 852
85.642 move 1679 851
85.65 move 1683 850
85.658 move 1687 850
85.666 move 1689 849
85.674 move 1690 849
85.682 move 1691 849
85.73 move 1690 849
85.738 move 1687 850
85.746 move 1684 851
85.754 move 1681 853
85.762 move 1677 855
85.77 move 1672 857
85.778 move 1667 860
85.786 move 1662 862
85.794 move 1658 863
85.802 move 1653 865
85.81 move 1649 866
85.818 move 1646 866
85.826 move 1643 866
85.834 move 1641 866
85.842 move 1639 866
85.85 move 1637 866
85.858 move 1636 865
85.866 move 1635 865
85.874 move 1634 864
85.89 move 1634 863
86.458 click 7.966321 1.067742
86.89 move 1633 863
86.906 move 1631 863
86.914 move 1627 864
86.922 move 1621 865
86.931 move 1612 868
86.938 move 1601 871
86.946 move 1590 875
86.954 move 1578 879
86.962 move 1565 882
86.97 move 1551 884
86.978 move 1536 887
86.986 move 1521 888
86.994 move 1504 889
87.002 move 1486 890
87.01 move 1468 891
87.018 move 1447 891
87.026 move 1426 891
87.034 move 1405 892
87.042 move 1384 892
87.05 move 1366 892
87.058 move 1349 892
87.066 move 1332 892
87.074 move 1317 891
87.082 move 1300 891
87.091 move 1286 891
87.098 move 1271 890
87.106 move 1257 889
87.114 move 1245 889
87.122 move 1232 889
87.13 move 1219 889
87.138 move 1208 889
87.146 move 1196 888
87.154 move 1184 888
87.163 move 1173 888
87.17 move 1162 888
87.178 move 1151 888
87.186 move 1140 888
87.194 move 1130 888
87.202 move 1120 888
87.21 move 1111 888
87.218 move 1101 888
87.226 move 1093 888
87.234 move 1085 888
87.242 move 1078 888
87.25 move 1072 888
87.258 move 1067 888
87.266 move 1061 888
87.274 move 1056 888
87.282 move 1052 888
87.29 move 1049 888
87.298 move 1045 888
87.306 move 1042 888
87.314 move 1039 888
87.322 move 1036 888
87.33 move 1034 888
87.338 move 1031 888
87.346 move 1029 888
87.354 move 1027 888
87.362 move 1025 888
87.37 move 1024 888
87.378 move 1023 888
87.386 move 1022 888
87.402 move 1021 888
87.722 move 1020 888
87.73 move 1018 888
87.738 move 1014 889
87.746 move 1005 890
87.754 move 994 893
87.762 move 982 896
87.77 move 969 900
87.778 move 954 905
87.786 move 942 909
87.794 move 928 913
87.802 move 915 916
87.81 move 901 918
87.818 move 888 920
87.825 move 875 920
87.833 move 862 921
87.842 move 849 921
87.85 move 837 921
87.858 move 824 921
87.865 move 813 921
87.873 move 801 921
87.881 move 791 921
87.889 move 781 921
87.897 move 771 921
87.905 move 763 920
87.914 move 755 920
87.921 move 747 920
87.93 move 740 920
87.938 move 734 920
87.945 move 728 920
87.953 move 722 920
87.961 move 717 920
87.97 move 712 920
87.978 move 707 920
87.985 move 702 920
87.993 move 699 920
88.001 move 695 920
88.009 move 692 920
88.017 move 689 920
88.025 move 686 920
88.033 move 684 920
88.041 move 681 920
88.049 move 679 920
88.057 move 677 920
88.065 move 676 920
88.073 move 675 920
88.081 move 674 920
88.09 move 673 920
88.098 move 672 920
88.57 click 2.9818652 1.4354838
88.826 move 675 920
88.834 move 680 920
88.842 move 687 920
88.85 move 696 920
88.858 move 705 920
88.866 move 714 920
88.874 move 721 920
88.882 move 727 920
88.89 move 732 921
88.898 move 738 923
88.906 move 742 924
88.914 move 746 924
88.922 move 752 926
88.93 move 758 927
88.938 move 764 927
88.946 move 771 927
88.954 move 779 928
88.963 move 787 928
88.972 move 795 928
88.978 move 803 928
88.986 move 811 929
88.994 move 819 929
89.002 move 826 929
89.01 move 834 929
89.018 move 843 929
89.026 move 851 929
89.034 move 862 929
89.042 move 871 929
89.05 move 881 929
89.058 move 890 929
89.066 move 900 929
89.074 move 907 929
89.082 move 914 929
89.09 move 919 929
89.098 move 923 929
89.106 move 926 929
89.113 move 929 929
89.121 move 932 928
89.129 move 934 927
89.137 move 937 926
89.146 move 940 925
89.154 move 943 924
89.161 move 946 923
89.169 move 949 923
89.178 move 953 922
89.185 move 956 922
89.193 move 958 922
89.202 move 961 922
89.21 move 963 922
89.218 move 964 922
89.226 move 965 922
89.234 move 966 922
89.818 click 4.5051813 1.4483871
90.761 enter
91.322 left
91.618 select short 2
92.666 start 4.0 1.0
92.672 move 869 852
92.678 move 871 852
92.684 move 874 852
92.69 move 876 852
92.698 move 879 852
92.706 move 882 853
92.714 move 884 854
92.722 move 886 855
92.73 move 888 856
92.738 move 889 857
92.746 move 891 858
92.754 move 892 859
92.762 move 893 860
92.77 move 894 860
92.778 move 895 860
92.786 move 896 860
92.794 move 897 860
92.802 move 898 860
92.81 move 899 860
92.818 move 901 860
92.826 move 902 860
92.834 move 903 860
92.842 move 904 860
92.85 move 905 860
92.858 move 906 860
92.867 move 907 860
92.874 move 908 860
92.882 move 909 860
92.906 move 909 861
92.962 move 909 862
92.97 move 907 863
92.986 move 905 864
93.002 move 905 865
93.066 move 906 865
93.074 move 908 865
93.082 move 911 865
93.09 move 914 865
93.098 move 918 865
93.106 move 924 864
93.114 move 932 862
93.122 move 943 859
93.13 move 954 856
93.138 move 968 853
93.146 move 985 850
93.154 move 1002 849
93.163 move 1021 848
93.17 move 1041 848
93.178 move 1062 848
93.186 move 1082 847
93.194 move 1099 847
93.202 move 1116 847
93.21 move 1130 847
93.218 move 1144 847
93.226 move 1158 847
93.235 move 1170 847
93.244 move 1182 847
93.25 move 1194 847
93.258 move 1205 847
93.266 move 1217 847
93.274 move 1228 847
93.282 move 1239 847
93.29 move 1249 847
93.297 move 1260 847
93.305 move 1269 847
93.313 move 1279 847
93.322 move 1287 847
93.33 move 1296 847
93.338 move 1302 847
93.346 move 1309 847
93.354 move 1315 847
93.362 move 1322 847
93.37 move 1328 847
93.378 move 1333 847
93.385 move 1338 846
93.393 move 1342 846
93.401 move 1346 846
93.409 move 1350 846
93.417 move 1353 846
93.425 move 1356 846
93.433 move 1359 846
93.442 move 1362 846
93.449 move 1365 846
93.458 move 1367 846
93.466 move 1369 846
93.474 move 1371 846
93.482 move 1372 846
93.49 move 1373 846
93.498 move 1374 846
93.506 move 1375 846
93.738 move 1376 846
93.746 move 1379 846
93.754 move 1383 847
93.762 move 1388 847
93.77 move 1396 848
93.778 move 1407 848
93.786 move 1419 849
93.794 move 1432 849
93.802 move 1446 849
93.81 move 1462 849
93.818 move 1478 849
93.826 move 1495 848
93.834 move 1511 848
93.842 move 1528 847
93.85 move 1543 847
93.858 move 1559 846
93.867 move 1574 845
93.875 move 1588 844
93.883 move 1601 843
93.89 move 1613 842
93.898 move 1626 841
93.906 move 1638 840
93.914 move 1650 840
93.922 move 1661 840
93.93 move 1671 840
93.938 move 1681 840
93.946 move 1692 840
93.954 move 1702 840
93.962 move 1711 839
93.97 move 1721 839
93.978 move 1729 839
93.986 move 1737 839
93.994 move 1744 839
94.002 move 1750 839
94.01 move 1757 839
94.018 move 1762 839
94.026 move 1767 839
94.034 move 1771 839
94.042 move 1775 839
94.05 move 1779 839
94.058 move 1782 839
94.066 move 1785 839
94.074 move 1788 839
94.082 move 1791 839
94.09 move 1793 839
94.098 move 1795 839
94.106 move 1797 839
94.114 move 1799 839
94.122 move 1800 839
94.13 move 1801 839
94.138 move 1802 839
94.146 move 1803 839
94.162 move 1804 839
94.17 move 1805 839
94.714 click 8.852331 0.9129032
95.298 move 1803 839
95.307 move 1799 839
95.314 move 1791 839
95.322 move 1781 839
95.33 move 1769 839
95.338 move 1756 838
95.346 move 1742 838
95.354 move 1728 838
95.362 move 1715 838
95.37 move 1703 838
95.378 move 1692 838
95.386 move 1681 838
95.394 move 1673 838
95.403 move 1666 838
95.41 move 1660 838
95.418 move 1656 838
95.426 move 1653 838
95.434 move 1650 838
95.442 move 1648 838
95.45 move 1646 838
95.458 move 1645 838
95.474 move 1644 838
96.01 move 1643 838
96.018 move 1640 838
96.026 move 1635 838
96.034 move 1629 838
96.042 move 1620 840
96.05 move 1611 841
96.058 move 1601 844
96.066 move 1591 846
96.074 move 1582 849
96.082 move 1574 850
96.09 move 1567 852
96.098 move 1560 852
96.106 move 1553 853
96.114 move 1546 853
96.122 move 1540 853
96.13 move 1534 853
96.138 move 1528 853
96.146 move 1522 853
96.154 move 1516 853
96.162 move 1510 853
96.17 move 1505 853
96.178 move 1500 853
96.186 move 1497 853
96.194 move 1493 853
96.201 move 1490 853
96.209 move 1486 853
96.218 move 1483 853
96.225 move 1479 853
96.233 move 1476 853
96.241 move 1472 853
96.249 move 1469 853
96.257 move 1467 853
96.265 move 1464 853
96.273 move 1462 853
96.281 move 1461 853
96.289 move 1460 853
96.297 move 1459 853
96.305 move 1458 853
96.802 click 7.0544043 1.0032258
97.433 enter
98.13 select on 1
98.818 start 4.0 1.0
98.822 move 867 852
98.827 move 866 852
98.834 move 864 852
98.842 move 856 852
98.849 move 842 851
98.857 move 826 850
98.865 move 810 850
98.873 move 797 849
98.881 move 787 849
98.889 move 778 849
98.897 move 771 849
98.906 move 763 849
98.914 move 756 848
98.921 move 746 847
98.929 move 737 847
98.937 move 726 846
98.945 move 714 846
98.953 move 702 846
98.961 move 689 845
98.969 move 675 845
98.977 move 659 844
98.985 move 643 844
98.993 move 625 843
99.001 move 607 843
99.009 move 589 842
99.017 move 572 842
99.025 move 554 841
99.033 move 537 840
99.041 move 519 840
99.049 move 502 839
99.057 move 486 838
99.065 move 470 838
99.073 move 454 837
99.081 move 437 837
99.089 move 422 837
99.097 move 408 837
99.105 move 394 837
99.113 move 380 837
99.123 move 367 837
99.131 move 354 837
99.137 move 342 837
99.145 move 330 837
99.153 move 318 837
99.161 move 307 837
99.169 move 295 837
99.177 move 285 837
99.185 move 274 837
99.193 move 264 837
99.202 move 254 837
99.21 move 245 837
99.218 move 236 837
99.226 move 228 837
99.234 move 220 837
99.242 move 214 837
99.25 move 208 837
99.258 move 202 837
99.266 move 196 837
99.274 move 191 837
99.282 move 185 837
99.29 move 181 837
99.298 move 176 837
99.306 move 173 837
99.314 move 169 837
99.322 move 166 837
99.33 move 163 837
99.338 move 160 837
99.346 move 157 837
99.354 move 154 837
99.362 move 152 837
99.37 move 150 837
99.378 move 148 838
99.386 move 146 838
99.394 move 144 838
99.402 move 143 838
99.41 move 142 838
99.418 move 141 838
99.434 move 140 838
99.826 click 0.22538859 0.9064516
100.034 move 142 838
100.042 move 148 838
100.05 move 157 838
100.058 move 167 838
100.066 move 179 838
100.074 move 189 838
100.082 move 197 838
100.09 move 204 838
100.098 move 210 838
100.106 move 218 838
100.114 move 227 839
100.122 move 238 839
100.13 move 249 839
100.138 move 261 839
100.146 move 273 839
100.154 move 287 837
100.162 move 303 834
100.17 move 317 831
100.178 move 333 827
100.186 move 350 822
100.195 move 369 817
100.202 move 388 812
100.212 move 411 804
100.221 move 433 798
100.227 move 457 793
100.235 move 480 788
100.243 move 502 784
100.25 move 522 780
100.258 move 541 776
100.266 move 560 772
100.274 move 578 769
100.282 move 594 766
100.29 move 612 762
100.298 move 628 760
100.306 move 644 758
100.314 move 659 756
100.322 move 674 754
100.33 move 688 753
100.338 move 702 751
100.346 move 716 750
100.354 move 729 750
100.362 move 742 749
100.369 move 754 749
100.377 move 765 749
100.385 move 777 749
100.395 move 788 749
100.405 move 799 749
100.413 move 809 749
100.419 move 818 749
100.426 move 828 749
100.433 move 836 749
100.441 move 845 749
100.449 move 852 749
100.457 move 860 748
100.465 move 866 748
100.473 move 872 748
100.481 move 877 748
100.495 move 883 748
100.502 move 887 748
100.51 move 892 748
100.516 move 895 748
100.523 move 899 748
100.529 move 902 748
100.537 move 905 748
100.545 move 908 748
100.553 move 910 748
100.561 move 913 748
100.57 move 918 748
100.578 move 920 748
100.586 move 922 748
100.594 move 924 748
100.602 move 925 748
100.609 move 926 748
100.626 move 927 748
100.802 move 929 748
100.81 move 932 748
100.818 move 937 748
100.827 move 945 748
100.834 move 956 748
100.843 move 967 749
100.851 move 978 750
100.858 move 990 751
100.867 move 1003 751
100.874 move 1017 752
100.882 move 1032 752
100.89 move 1049 752
100.898 move 1067 752
100.906 move 1087 752
100.914 move 1108 752
100.923 move 1130 752
100.93 move 1150 750
100.938 move 1170 750
100.949 move 1191 749
100.959 move 1211 749
100.966 move 1231 748
100.972 move 1252 748
100.979 move 1270 748
100.986 move 1287 748
100.994 move 1306 748
101.002 move 1323 748
101.01 move 1339 747
101.018 move 1356 747
101.026 move 1371 747
101.034 move 1387 747
101.042 move 1402 747
101.05 move 1416 747
101.058 move 1430 747
101.066 move 1444 747
101.074 move 1457 747
101.082 move 1469 747
101.09 move 1482 747
101.098 move 1493 747
101.106 move 1504 747
101.114 move 1516 746
101.122 move 1526 746
101.13 move 1537 746
101.138 move 1546 746
101.148 move 1556 746
101.157 move 1566 746
101.165 move 1574 746
101.172 move 1582 746
101.18 move 1589 746
101.186 move 1595 746
101.194 move 1601 746
101.202 move 1606 746
101.21 move 1611 746
101.218 move 1616 746
101.226 move 1620 746
101.234 move 1624 746
101.242 move 1627 746
101.25 move 1631 746
101.258 move 1634 746
101.266 move 1637 746
101.274 move 1639 746
101.282 move 1642 746
101.29 move 1644 746
101.298 move 1646 746
101.306 move 1647 746
101.314 move 1648 746
101.322 move 1649 746
101.33 move 1650 746
101.338 move 1651 746
101.937 click 8.054404 0.31290323
102.482 move 1650 746
102.49 move 1646 746
102.498 move 1636 746
102.506 move 1619 746
102.514 move 1600 748
102.522 move 1580 750
102.53 move 1561 752
102.538 move 1543 754
102.549 move 1525 756
102.559 move 1507 757
102.567 move 1487 757
102.574 move 1466 757
102.581 move 1442 758
102.587 move 1418 758
102.594 move 1391 758
102.602 move 1364 758
102.61 move 1337 757
102.619 move 1311 756
102.626 move 1286 756
102.634 move 1263 755
102.642 move 1240 755
102.65 move 1217 754
102.658 move 1195 754
102.666 move 1173 754
102.674 move 1151 753
102.684 move 1130 753
102.695 move 1110 753
102.701 move 1090 753
102.708 move 1070 753
102.715 move 1051 753
102.722 move 1032 753
102.73 move 1015 753
102.738 move 997 753
102.746 move 981 753
102.754 move 964 754
102.762 move 948 754
102.77 move 933 754
102.778 move 918 754
102.786 move 903 754
102.794 move 888 755
102.802 move 873 755
102.81 move 860 755
102.818 move 848 755
102.826 move 835 755
102.834 move 823 755
102.842 move 812 755
102.85 move 800 755
102.858 move 789 755
102.866 move 777 755
102.874 move 766 756
102.883 move 756 756
102.893 move 747 756
102.899 move 737 756
102.907 move 729 756
102.914 move 721 756
102.922 move 714 756
102.93 move 707 756
102.938 move 701 756
102.946 move 695 756
102.954 move 689 756
102.962 move 683 757
102.973 move 679 757
102.98 move 675 757
102.987 move 672 757
102.993 move 668 757
103.002 move 665 757
103.01 move 662 757
103.018 move 659 757
103.025 move 656 757
103.033 move 654 757
103.041 move 652 757
103.049 move 650 757
103.057 move 649 757
103.065 move 648 757
103.073 move 647 757
103.089 move 646 757
103.45 click 2.8471503 0.38387096
103.81 move 647 757
103.818 move 649 757
103.827 move 651 757
103.834 move 654 757
103.842 move 656 757
103.85 move 659 757
103.858 move 661 757
103.866 move 663 757
103.874 move 664 757
103.882 move 666 757
103.89 move 667 757
103.898 move 669 755
103.906 move 672 754
103.915 move 676 752
103.922 move 680 750
103.93 move 685 748
103.938 move 691 747
103.946 move 696 746
103.954 move 702 746
103.962 move 708 745
103.97 move 714 744
103.978 move 720 744
103.986 move 726 743
103.994 move 733 741
104.002 move 741 739
104.01 move 749 738
104.018 move 757 736
104.026 move 765 735
104.034 move 773 734
104.045 move 779 734
104.056 move 786 734
104.062 move 791 734
104.069 move 795 734
104.076 move 799 734
104.082 move 802 734
104.09 move 805 734
104.098 move 809 734
104.106 move 811 734
104.114 move 814 734
104.122 move 816 734
104.13 move 819 734
104.138 move 821 734
104.146 move 822 734
104.154 move 824 734
104.162 move 825 734
104.17 move 826 734
104.178 move 827 734
104.186 move 828 734
105.154 move 827 734
105.178 move 826 734
105.186 move 825 734
105.202 move 824 734
105.234 move 823 734
105.258 move 822 734
105.266 move 821 735
105.274 move 820 735
105.282 move 818 735
105.29 move 817 735
105.298 move 815 736
105.306 move 812 736
105.314 move 809 736
105.323 move 805 736
105.33 move 801 737
105.338 move 796 737
105.346 move 789 737
105.354 move 780 738
105.362 move 769 739
105.373 move 758 740
105.382 move 746 741
105.389 move 733 742
105.397 move 719 742
105.403 move 705 743
105.41 move 690 745
105.418 move 675 746
105.426 move 660 747
105.434 move 647 748
105.442 move 634 748
105.45 move 622 749
105.458 move 611 749
105.466 move 600 749
105.474 move 591 749
105.482 move 581 749
105.492 move 573 749
105.499 move 565 749
105.507 move 557 749
105.514 move 551 749
105.522 move 544 749
105.53 move 538 749
105.538 move 532 749
105.546 move 526 749
105.555 move 521 749
105.562 move 516 749
105.57 move 512 749
105.578 move 509 749
105.586 move 505 750
105.594 move 503 750
105.602 move 500 750
105.611 move 497 750
105.618 move 495 750
105.626 move 494 750
105.634 move 492 750
105.642 move 491 750
105.65 move 490 750
105.666 move 489 750
106.266 move 488 752
106.274 move 491 752
106.282 move 496 752
106.29 move 504 752
106.298 move 515 752
106.306 move 528 752
106.314 move 543 752
106.322 move 559 752
106.33 move 576 752
106.339 move 591 752
106.346 move 604 752
106.354 move 617 752
106.362 move 627 752
106.37 move 636 752
106.378 move 643 752
106.386 move 648 752
106.394 move 651 752
106.403 move 653 752
106.41 move 654 752
106.442 move 651 752
106.45 move 647 754
106.458 move 641 755
106.466 move 634 756
106.474 move 628 758
106.482 move 622 759
106.49 move 617 760
106.498 move 613 762
106.506 move 607 764
106.514 move 601 765
106.522 move 594 767
106.53 move 587 768
106.538 move 579 769
106.546 move 570 770
106.554 move 560 770
106.562 move 550 770
106.57 move 539 771
106.578 move 527 771
106.586 move 515 771
106.594 move 504 771
106.602 move 491 771
106.61 move 478 771
106.618 move 466 771
106.626 move 454 771
106.634 move 443 772
106.642 move 434 772
106.65 move 427 773
106.658 move 421 773
106.666 move 417 773
106.674 move 414 774
106.682 move 411 774
106.69 move 408 774
106.698 move 405 774
106.706 move 403 774
106.714 move 401 774
106.722 move 399 774
106.73 move 398 774
106.746 move 397 774
106.89 move 398 774
106.906 move 399 774
106.914 move 400 774
106.93 move 401 774
106.954 move 402 774
106.97 move 403 774
106.986 move 405 774
106.994 move 407 774
107.002 move 410 774
107.01 move 413 774
107.018 move 417 773
107.026 move 421 773
107.034 move 426 773
107.042 move 430 773
107.05 move 435 773
107.058 move 440 773
107.066 move 445 773
107.074 move 449 773
107.082 move 452 773
107.09 move 455 773
107.098 move 458 773
107.106 move 461 773
107.114 move 463 773
107.122 move 465 773
107.13 move 466 773
107.138 move 467 773
107.154 move 468 773
107.778 click 1.9248705 0.4870968
108.266 move 466 773
108.274 move 461 773
108.282 move 453 776
108.291 move 443 780
108.298 move 434 783
108.306 move 426 786
108.314 move 418 790
108.323 move 410 792
108.33 move 401 794
108.338 move 391 795
108.346 move 381 797
108.356 move 370 797
108.368 move 358 798
108.374 move 344 799
108.382 move 328 801
108.388 move 311 802
108.394 move 294 803
108.402 move 276 803
108.41 move 259 804
108.418 move 242 805
108.426 move 226 805
108.434 move 211 805
108.442 move 196 805
108.45 move 183 806
108.458 move 171 806
108.466 move 158 806
108.474 move 147 806
108.482 move 135 806
108.49 move 124 806
108.498 move 114 806
108.506 move 102 806
108.514 move 91 806
108.522 move 81 806
108.53 move 72 806
108.538 move 61 806
108.546 move 52 806
108.554 move 44 806
108.562 move 36 806
108.57 move 28 806
108.577 move 21 806
108.586 move 15 806
108.593 move 8 806
108.602 move 3 806
108.61 move 0 806
109.162 move 0 807
109.178 move 0 808
109.186 move 0 809
109.33 click -0.5 0.71935487
110.313 enter
110.85 select words 1
112.741 phrase 
118.762 start 4.0 1.0
118.768 move 867 852
119.154 move 867 853
119.186 move 866 853
119.234 move 867 853
119.25 move 868 853
119.266 move 869 853
