0.0 session 1
0.001 phrase learn to walk before you run
3.304 start 4.0 1.0
3.306 move 871 852
3.312 move 878 851
3.32 move 887 849
3.328 move 896 848
3.335 move 905 848
3.344 move 912 848
3.352 move 918 848
3.36 move 923 849
3.368 move 927 850
3.376 move 930 852
3.384 move 933 853
3.392 move 937 855
3.399 move 941 857
3.408 move 946 859
3.416 move 952 860
3.424 move 959 861
3.431 move 965 861
3.44 move 972 861
3.448 move 978 861
3.456 move 985 861
3.464 move 993 861
3.472 move 999 860
3.48 move 1006 860
3.488 move 1013 859
3.495 move 1019 859
3.503 move 1027 859
3.511 move 1033 859
3.519 move 1041 859
3.527 move 1048 859
3.535 move 1054 859
3.543 move 1061 860
3.551 move 1067 861
3.56 move 1071 861
3.568 move 1074 862
3.576 move 1077 862
3.584 move 1080 862
3.591 move 1081 862
3.6 move 1082 862
3.607 move 1083 862
4.8 move 1082 862
4.808 move 1081 862
4.816 move 1080 862
4.824 move 1079 862
4.832 move 1077 862
4.84 move 1076 862
4.848 move 1074 862
4.856 move 1072 862
4.863 move 1069 862
4.871 move 1067 862
4.88 move 1064 862
4.887 move 1062 862
4.896 move 1061 862
4.904 move 1059 862
4.911 move 1058 862
4.919 move 1057 862
4.935 move 1055 861
4.944 move 1054 861
4.951 move 1051 860
4.959 move 1048 860
4.968 move 1045 860
4.976 move 1041 860
4.984 move 1038 860
4.991 move 1034 860
4.999 move 1031 860
5.007 move 1028 860
5.016 move 1026 860
5.023 move 1023 860
5.031 move 1021 859
5.04 move 1019 858
5.047 move 1017 857
5.055 move 1014 856
5.063 move 1010 855
5.071 move 1005 854
5.08 move 1000 853
5.087 move 994 852
5.095 move 988 851
5.103 move 982 851
5.112 move 977 850
5.119 move 973 850
5.127 move 969 850
5.135 move 967 850
5.143 move 966 849
5.151 move 965 849
5.159 move 964 849
5.207 move 966 849
5.215 move 968 849
5.223 move 971 849
5.231 move 974 850
5.239 move 979 851
5.247 move 984 852
5.255 move 990 854
5.263 move 996 855
5.271 move 1001 856
5.279 move 1008 856
5.287 move 1012 857
5.295 move 1018 857
5.303 move 1023 858
5.311 move 1027 858
5.319 move 1032 859
5.328 move 1036 860
5.335 move 1040 861
5.343 move 1043 861
5.351 move 1046 861
5.359 move 1049 861
5.367 move 1052 861
5.375 move 1054 861
5.383 move 1056 861
5.391 move 1057 861
5.399 move 1058 861
5.407 move 1059 861
5.423 move 1060 861
6.056 click 4.992228 1.0548387
6.519 move 1059 861
6.527 move 1057 861
6.535 move 1054 861
6.543 move 1051 859
6.551 move 1048 857
6.559 move 1046 855
6.567 move 1044 852
6.575 move 1042 849
6.583 move 1040 845
6.591 move 1038 839
6.599 move 1035 833
6.607 move 1032 828
6.615 move 1028 821
6.623 move 1025 814
6.631 move 1021 806
6.639 move 1018 799
6.647 move 1014 792
6.655 move 1011 785
6.663 move 1007 779
6.672 move 1004 773
6.679 move 1002 769
6.687 move 1000 765
6.695 move 998 762
6.704 move 996 759
6.711 move 994 756
6.719 move 992 754
6.727 move 991 751
6.735 move 988 748
6.743 move 986 745
6.751 move 984 743
6.759 move 983 742
6.767 move 982 741
6.775 move 981 740
6.791 move 980 740
7.423 move 979 741
7.44 move 979 742
7.448 move 978 743
9.719 click 4.562176 0.3
10.4 move 976 744
10.407 move 974 744
10.416 move 972 744
10.424 move 969 744
10.431 move 966 745
10.439 move 963 745
10.447 move 961 746
10.455 move 958 746
10.463 move 955 747
10.471 move 953 747
10.479 move 950 747
10.487 move 948 747
10.495 move 946 747
10.503 move 943 748
10.511 move 941 749
10.519 move 939 751
10.527 move 937 752
10.535 move 934 755
10.543 move 932 758
10.551 move 929 762
10.559 move 927 768
10.567 move 924 775
10.575 move 921 782
10.583 move 919 790
10.591 move 917 799
10.599 move 916 806
10.607 move 914 812
10.615 move 913 818
10.623 move 912 822
10.631 move 911 825
10.639 move 910 827
10.647 move 910 829
10.655 move 909 830
10.663 move 909 831
10.679 move 909 832
11.231 move 908 833
11.247 move 907 834
11.255 move 906 835
12.127 move 905 837
12.143 move 905 838
12.151 move 904 839
12.159 move 902 841
12.167 move 900 842
13.183 click 4.158031 0.94516134
14.295 move 899 843
14.303 move 901 841
14.312 move 902 838
14.32 move 905 835
14.328 move 908 831
14.336 move 911 826
14.344 move 915 822
14.352 move 918 816
14.36 move 922 811
14.368 move 926 805
14.376 move 931 800
14.384 move 934 796
14.392 move 939 792
14.4 move 943 787
14.408 move 948 784
14.416 move 952 781
14.424 move 955 778
14.432 move 957 776
14.44 move 959 774
14.448 move 960 773
14.456 move 961 772
14.472 move 961 771
14.527 move 960 771
14.535 move 959 771
14.551 move 958 771
14.559 move 957 771
14.575 move 956 771
15.519 click 4.4533677 0.47419357
16.303 move 956 772
16.311 move 956 774
16.319 move 956 777
16.327 move 956 780
16.335 move 956 784
16.343 move 957 790
16.351 move 958 795
16.359 move 960 801
16.367 move 962 807
16.375 move 964 814
16.383 move 968 821
16.391 move 971 828
16.399 move 974 833
16.407 move 978 838
16.415 move 981 841
16.423 move 984 843
16.431 move 987 845
16.439 move 990 846
16.447 move 993 846
16.455 move 996 847
16.463 move 999 847
16.471 move 1002 847
16.479 move 1006 847
16.487 move 1009 847
16.495 move 1012 847
16.503 move 1015 847
16.511 move 1017 847
16.52 move 1019 847
16.527 move 1021 847
16.535 move 1023 847
16.543 move 1025 847
16.551 move 1026 847
16.559 move 1027 847
16.575 move 1028 847
16.959 move 1028 848
16.967 move 1028 851
16.975 move 1027 855
16.983 move 1025 863
16.991 move 1024 872
16.999 move 1023 883
17.007 move 1021 895
17.016 move 1020 909
17.023 move 1019 922
17.031 move 1019 935
17.039 move 1018 947
17.048 move 1018 958
17.056 move 1017 968
17.064 move 1016 976
17.071 move 1016 983
17.079 move 1016 988
17.088 move 1015 991
17.096 move 1015 994
17.104 move 1015 997
17.112 move 1014 999
17.12 move 1014 1000
17.128 move 1014 1002
17.144 move 1014 1003
17.151 move 1013 1003
17.831 click 4.7487044 1.9709678
19.367 enter
20.159 select learn 1
22.72 start 4.0 1.0
22.723 click 3.9974093 0.9967742
23.727 click 3.9974093 0.9967742
24.607 enter
25.319 select to 1
27.247 start 4.0 1.0
27.25 click 3.9974093 0.9967742
28.119 move 867 852
28.127 move 865 853
28.135 move 860 855
28.143 move 855 859
28.151 move 849 864
28.159 move 844 869
28.167 move 840 873
28.175 move 836 876
28.183 move 833 879
28.191 move 831 880
28.199 move 828 881
28.208 move 825 882
28.216 move 821 882
28.223 move 818 882
28.232 move 814 882
28.24 move 811 882
28.248 move 806 882
28.256 move 801 882
28.263 move 795 882
28.271 move 790 882
28.28 move 786 881
28.287 move 780 879
28.296 move 776 878
28.304 move 771 877
28.312 move 766 876
28.319 move 762 876
28.328 move 758 875
28.335 move 754 874
28.344 move 751 873
28.352 move 749 872
28.36 move 746 871
28.368 move 743 870
28.376 move 741 869
28.384 move 738 867
28.392 move 735 866
28.399 move 732 865
28.408 move 729 864
28.415 move 725 863
28.423 move 722 862
28.431 move 718 862
28.439 move 714 861
28.447 move 709 861
28.455 move 705 861
28.463 move 701 861
28.471 move 697 861
28.479 move 693 861
28.487 move 691 861
28.495 move 688 861
28.503 move 685 861
28.511 move 684 861
28.519 move 682 861
28.527 move 681 861
28.535 move 679 861
28.551 move 678 861
28.559 move 677 861
29.007 click 3.007772 1.0548387
29.503 move 678 861
29.511 move 679 861
29.519 move 681 861
29.527 move 682 861
29.535 move 684 861
29.543 move 687 861
29.551 move 689 861
29.559 move 692 861
29.567 move 694 861
29.575 move 697 861
29.583 move 700 861
29.591 move 703 861
29.599 move 706 861
29.608 move 709 861
29.616 move 712 861
29.624 move 714 861
29.632 move 716 861
29.64 move 717 861
29.648 move 719 861
29.663 move 720 861
30.095 click 3.2305698 1.0548387
31.415 move 721 861
31.423 move 722 861
31.431 move 724 861
31.439 move 729 862
31.447 move 737 864
31.455 move 744 866
31.463 move 754 869
31.471 move 763 873
31.479 move 773 876
31.487 move 782 879
31.495 move 791 882
31.503 move 798 883
31.511 move 805 883
31.519 move 811 883
31.527 move 816 883
31.535 move 822 883
31.543 move 827 883
31.551 move 831 883
31.559 move 835 883
31.567 move 840 883
31.575 move 844 883
31.583 move 848 883
31.591 move 853 883
31.599 move 858 883
31.607 move 863 883
31.615 move 868 883
31.623 move 873 883
31.631 move 877 883
31.639 move 880 883
31.647 move 883 883
31.655 move 885 883
31.663 move 886 883
31.671 move 887 883
31.727 move 886 883
31.743 move 885 883
31.751 move 884 883
31.767 move 883 883
31.775 move 882 883
31.783 move 881 883
31.791 move 880 883
31.799 move 879 883
31.807 move 878 883
31.815 move 877 883
31.831 move 876 883
31.855 move 875 883
32.431 click 4.0336785 1.1967742
33.303 enter
34.351 right
34.887 right
35.847 select walk 5
37.255 start 4.0 1.0
37.258 move 869 852
37.279 move 870 852
37.871 move 871 857
37.879 move 872 863
37.887 move 873 872
37.895 move 876 882
37.903 move 878 893
37.911 move 881 903
37.919 move 884 913
37.927 move 887 923
37.935 move 890 933
37.943 move 893 942
37.951 move 895 949
37.959 move 897 955
37.967 move 900 960
37.975 move 903 964
37.984 move 905 967
37.992 move 908 970
38.0 move 910 973
38.008 move 913 975
38.015 move 915 978
38.023 move 918 980
38.031 move 920 982
38.039 move 922 983
38.047 move 924 984
38.055 move 925 985
38.064 move 925 986
38.072 move 926 986
38.207 move 926 985
38.215 move 926 984
38.223 move 925 984
38.231 move 925 983
38.247 move 924 983
38.751 click 4.2875648 1.8419354
39.383 move 922 982
39.391 move 919 980
39.399 move 911 977
39.407 move 900 972
39.415 move 889 967
39.423 move 879 963
39.431 move 869 960
39.439 move 860 955
39.447 move 852 951
39.456 move 844 946
39.463 move 835 941
39.471 move 825 936
39.479 move 815 932
39.487 move 804 928
39.495 move 793 924
39.503 move 781 921
39.511 move 770 918
39.519 move 758 916
39.527 move 747 913
39.535 move 736 911
39.543 move 726 908
39.551 move 715 905
39.559 move 706 901
39.567 move 697 898
39.575 move 688 894
39.583 move 682 890
39.591 move 676 886
39.599 move 671 883
39.607 move 666 880
39.615 move 662 878
39.623 move 659 876
39.631 move 656 875
39.639 move 653 874
39.647 move 650 873
39.655 move 648 872
39.663 move 646 871
39.672 move 644 871
39.679 move 642 871
39.687 move 640 871
39.695 move 639 871
39.703 move 638 871
39.711 move 637 871
39.735 move 636 871
40.199 move 635 870
40.207 move 634 867
40.215 move 630 861
40.223 move 625 851
40.231 move 619 841
40.239 move 612 831
40.247 move 605 820
40.255 move 599 809
40.263 move 592 800
40.271 move 587 792
40.279 move 582 785
40.287 move 577 781
40.295 move 573 777
40.303 move 569 774
40.311 move 565 772
40.319 move 561 770
40.327 move 557 768
40.335 move 553 766
40.343 move 549 764
40.351 move 545 763
40.359 move 542 761
40.367 move 538 760
40.375 move 534 758
40.383 move 530 757
40.39 move 525 755
40.399 move 521 754
40.407 move 517 753
40.415 move 513 753
40.423 move 510 753
40.431 move 507 752
40.439 move 504 752
40.447 move 502 752
40.454 move 500 752
40.463 move 499 752
40.471 move 498 752
40.479 move 497 752
40.487 move 496 752
40.495 move 495 752
43.559 move 491 753
43.567 move 489 753
43.575 move 486 755
43.583 move 484 755
43.591 move 482 755
44.495 move 480 756
44.503 move 479 754
44.511 move 477 751
44.519 move 476 749
44.527 move 474 747
44.535 move 472 745
44.543 move 471 742
44.551 move 470 740
44.559 move 468 736
44.567 move 467 733
44.574 move 466 730
44.583 move 465 727
44.591 move 464 725
44.599 move 463 724
44.607 move 463 723
45.247 click 1.8989637 0.16451615
46.231 move 463 725
46.239 move 463 728
46.247 move 463 731
46.255 move 463 735
46.263 move 463 739
46.271 move 464 743
46.279 move 466 746
46.287 move 467 749
46.295 move 469 751
46.303 move 470 753
46.311 move 472 754
46.319 move 474 754
46.327 move 475 754
46.335 move 477 754
46.343 move 478 754
46.351 move 480 754
46.36 move 482 754
46.367 move 483 754
46.375 move 485 754
46.383 move 486 754
46.391 move 487 755
46.407 move 488 755
46.711 move 487 755
46.719 move 483 755
46.727 move 477 755
46.735 move 473 756
46.743 move 470 756
46.751 move 469 757
46.76 move 468 758
46.783 move 468 759
48.215 click 1.9455957 0.5064516
48.623 click 1.9455957 0.5064516
51.287 click 1.9455957 0.5064516
52.575 click 1.9455957 0.5064516
53.471 enter
54.639 select before 1
57.384 start 4.0 1.0
57.387 move 869 852
57.391 move 871 852
57.399 move 876 852
57.407 move 884 852
57.415 move 893 852
57.423 move 903 852
57.431 move 915 852
57.439 move 926 852
57.447 move 937 852
57.455 move 948 852
57.463 move 959 851
57.471 move 971 851
57.479 move 982 850
57.487 move 996 848
57.495 move 1010 846
57.503 move 1024 843
57.511 move 1041 841
57.519 move 1055 838
57.527 move 1071 836
57.535 move 1086 834
57.543 move 1099 833
57.551 move 1111 832
57.559 move 1123 831
57.567 move 1135 830
57.575 move 1145 829
57.583 move 1155 829
57.591 move 1164 829
57.599 move 1172 829
57.607 move 1180 829
57.615 move 1187 829
57.623 move 1194 829
57.631 move 1200 829
57.639 move 1206 829
57.647 move 1211 829
57.655 move 1217 829
57.663 move 1221 829
57.671 move 1226 829
57.679 move 1230 829
57.687 move 1234 829
57.695 move 1238 829
57.704 move 1241 829
57.711 move 1244 829
57.719 move 1247 829
57.727 move 1250 829
57.735 move 1252 829
57.743 move 1255 829
57.751 move 1257 829
57.759 move 1259 829
57.768 move 1260 829
57.775 move 1262 829
57.783 move 1263 829
57.791 move 1264 829
57.799 move 1265 829
57.815 move 1266 829
59.519 click 6.0595856 0.8548387
60.415 move 1266 828
60.424 move 1267 826
60.431 move 1268 823
60.439 move 1270 821
60.447 move 1273 819
60.455 move 1275 817
60.463 move 1278 815
60.471 move 1282 814
60.479 move 1285 814
60.487 move 1289 814
60.495 move 1293 814
60.503 move 1297 814
60.511 move 1301 813
60.519 move 1306 812
60.527 move 1312 811
60.535 move 1316 809
60.543 move 1321 806
60.551 move 1326 802
60.559 move 1331 798
60.567 move 1335 793
60.575 move 1340 789
60.583 move 1345 784
60.591 move 1351 779
60.599 move 1357 775
60.607 move 1363 772
60.615 move 1369 770
60.623 move 1373 769
60.631 move 1378 769
60.639 move 1381 769
60.647 move 1384 769
60.655 move 1387 769
60.663 move 1388 769
60.671 move 1389 770
60.679 move 1390 771
60.695 move 1390 772
60.751 move 1391 772
60.759 move 1392 772
60.767 move 1394 772
60.775 move 1396 772
60.783 move 1398 772
60.791 move 1399 772
60.799 move 1401 772
60.815 move 1402 772
60.831 move 1403 772
62.791 click 6.76943 0.5
63.671 move 1403 773
63.679 move 1403 770
63.687 move 1401 765
63.695 move 1399 758
63.703 move 1397 753
63.711 move 1395 747
63.719 move 1393 744
63.727 move 1392 741
63.735 move 1392 739
63.743 move 1391 738
63.751 move 1391 736
63.759 move 1390 736
63.767 move 1390 735
63.775 move 1389 734
63.783 move 1389 733
63.791 move 1389 732
63.799 move 1388 731
63.807 move 1387 730
63.815 move 1386 729
63.823 move 1385 727
63.831 move 1384 726
63.839 move 1383 723
63.847 move 1382 722
63.855 move 1381 720
63.863 move 1380 718
63.871 move 1380 717
63.879 move 1379 716
63.919 move 1379 717
63.927 move 1378 719
63.935 move 1378 722
63.943 move 1377 726
63.951 move 1377 731
63.959 move 1376 736
63.967 move 1376 741
63.975 move 1375 745
63.983 move 1374 749
63.991 move 1374 752
63.999 move 1373 754
64.007 move 1373 757
64.014 move 1372 759
64.023 move 1372 761
64.031 move 1371 763
64.039 move 1371 764
64.046 move 1371 765
64.054 move 1370 766
64.639 click 6.5984454 0.44193548
66.087 enter
66.823 select you 1
68.543 start 4.0 1.0
68.547 click 3.9974093 0.9967742
69.487 click 3.9974093 0.9967742
70.159 move 868 853
70.167 move 868 854
70.175 move 868 855
70.183 move 868 857
70.191 move 869 860
70.199 move 871 863
70.207 move 873 867
70.215 move 876 872
70.223 move 880 880
70.231 move 884 889
70.239 move 887 900
70.247 move 892 912
70.255 move 896 923
70.263 move 899 933
70.271 move 904 945
70.279 move 908 952
70.287 move 911 960
70.295 move 914 964
70.303 move 917 967
70.311 move 918 968
70.319 move 920 970
70.328 move 921 970
70.335 move 923 971
70.343 move 924 972
70.351 move 925 974
70.36 move 926 976
70.367 move 928 977
70.375 move 929 980
70.383 move 930 981
70.391 move 931 983
70.399 move 931 984
70.407 move 931 985
70.423 move 931 986
71.103 click 4.3238344 1.8612902
71.759 move 932 986
71.767 move 932 987
71.775 move 932 988
71.783 move 933 989
72.383 move 934 990
72.4 move 936 991
72.407 move 939 993
72.416 move 946 996
72.424 move 957 1000
72.432 move 969 1005
72.439 move 981 1010
72.447 move 993 1014
72.455 move 1002 1017
72.464 move 1011 1020
72.472 move 1016 1021
72.48 move 1020 1022
72.487 move 1022 1022
72.495 move 1023 1022
72.503 move 1024 1022
75.959 enter
77.247 select run 1
80.461 phrase rapidly running short on words
83.903 start 4.0 1.0
83.907 click 3.9974093 0.9967742
84.655 move 867 852
84.671 move 866 852
84.679 move 863 852
84.687 move 859 852
84.695 move 854 852
84.703 move 846 852
84.711 move 837 852
84.719 move 826 852
84.727 move 816 852
84.735 move 806 853
84.743 move 797 854
84.751 move 788 856
84.759 move 779 859
84.767 move 770 861
84.775 move 763 863
84.783 move 756 865
84.791 move 748 867
84.799 move 743 867
84.807 move 736 867
84.815 move 731 867
84.823 move 727 867
84.831 move 723 867
84.839 move 720 867
84.847 move 716 867
84.855 move 714 867
84.863 move 711 867
84.871 move 708 867
84.879 move 707 867
84.887 move 705 867
84.895 move 703 867
84.903 move 702 867
84.911 move 701 867
84.919 move 700 867
84.935 move 699 867
85.543 click 3.1217616 1.0935484
86.223 move 701 867
86.231 move 705 867
86.239 move 709 867
86.247 move 715 867
86.255 move 720 867
86.263 move 727 867
86.271 move 731 867
86.28 move 734 867
86.287 move 737 867
86.295 move 739 867
86.303 move 740 867
86.311 move 741 867
87.255 click 3.3393784 1.0935484
87.904 move 741 866
87.912 move 743 862
87.92 move 746 857
87.928 move 750 850
87.936 move 755 842
87.943 move 759 836
87.952 move 763 831
87.959 move 766 827
87.967 move 768 824
87.975 move 770 823
87.983 move 771 821
87.991 move 772 821
87.999 move 774 820
88.007 move 775 820
88.015 move 777 820
88.023 move 778 820
88.031 move 780 819
88.039 move 782 819
88.047 move 784 818
88.055 move 785 816
88.063 move 786 814
88.071 move 787 812
88.079 move 789 810
88.087 move 790 807
88.095 move 792 805
88.103 move 793 802
88.111 move 795 801
88.119 move 796 799
88.127 move 797 798
88.135 move 798 797
88.151 move 798 796
88.167 move 799 796
88.655 move 799 794
88.663 move 800 791
88.671 move 800 788
88.679 move 802 785
88.687 move 803 781
88.695 move 804 778
88.704 move 804 775
88.711 move 805 772
88.719 move 806 769
88.727 move 807 765
88.735 move 808 762
88.743 move 809 760
88.751 move 810 758
88.759 move 810 756
88.767 move 811 755
88.775 move 811 754
88.783 move 812 753
88.791 move 812 752
88.799 move 812 751
88.807 move 813 750
88.815 move 813 749
88.823 move 814 747
88.831 move 814 745
88.839 move 815 742
88.847 move 815 741
88.855 move 816 739
88.863 move 816 738
88.871 move 817 737
89.799 click 3.7331605 0.2548387
90.479 move 816 737
90.487 move 813 737
90.495 move 810 738
90.503 move 804 740
90.511 move 800 741
90.519 move 795 743
90.527 move 791 744
90.535 move 787 745
90.543 move 783 746
90.552 move 780 746
90.56 move 776 747
90.568 move 773 748
90.576 move 769 749
90.583 move 764 750
90.592 move 759 752
90.6 move 754 754
90.608 move 749 756
90.616 move 744 757
90.624 move 739 758
90.632 move 736 758
90.639 move 731 758
90.647 move 727 758
90.655 move 722 758
90.663 move 717 759
90.671 move 713 759
90.679 move 708 759
90.687 move 704 759
90.695 move 700 759
90.703 move 696 759
90.711 move 693 759
90.719 move 690 759
90.727 move 687 759
90.735 move 684 759
90.743 move 682 759
90.751 move 679 759
90.759 move 678 759
90.767 move 676 759
90.775 move 675 759
90.783 move 674 759
91.599 move 673 759
91.607 move 673 760
91.615 move 672 762
91.623 move 672 765
91.631 move 670 768
91.639 move 668 774
91.647 move 665 780
91.655 move 662 786
91.663 move 659 792
91.671 move 657 796
91.679 move 654 799
91.687 move 651 803
91.695 move 649 806
91.703 move 646 808
91.711 move 644 811
91.719 move 641 813
91.727 move 639 814
91.735 move 637 816
91.743 move 635 817
91.751 move 633 818
91.759 move 631 818
91.767 move 629 818
91.775 move 628 818
91.783 move 627 818
91.791 move 626 818
91.799 move 625 818
91.815 move 624 818
92.519 click 2.7331607 0.7774193
93.183 move 625 818
93.191 move 627 818
93.199 move 629 819
93.207 move 632 819
93.215 move 636 821
93.223 move 640 823
93.231 move 645 826
93.239 move 649 829
93.247 move 654 833
93.255 move 658 837
93.263 move 661 841
93.27 move 664 844
93.279 move 666 848
93.286 move 667 852
93.294 move 669 854
93.302 move 670 857
93.31 move 670 858
93.319 move 671 860
93.327 move 671 861
93.336 move 671 862
93.343 move 671 863
93.807 click 2.9766839 1.067742
94.295 move 672 863
94.303 move 673 862
94.311 move 675 860
94.319 move 677 858
94.327 move 678 856
94.335 move 679 853
94.343 move 680 850
94.351 move 681 847
94.359 move 682 843
94.367 move 683 840
94.375 move 685 835
94.383 move 687 832
94.391 move 688 828
94.399 move 689 825
94.407 move 691 822
94.415 move 692 819
94.423 move 693 817
94.431 move 695 814
94.439 move 696 811
94.447 move 697 808
94.455 move 698 805
94.463 move 698 800
94.471 move 699 795
94.479 move 699 789
94.487 move 700 783
94.495 move 700 779
94.503 move 700 775
94.511 move 700 773
94.519 move 700 771
94.559 move 701 771
94.575 move 701 772
94.583 move 701 773
94.599 move 701 774
94.615 move 701 773
94.631 move 701 771
94.639 move 701 768
94.646 move 701 765
94.655 move 701 763
94.663 move 701 761
94.671 move 701 759
94.678 move 701 758
94.686 move 701 757
95.407 click 3.1321244 0.38387096
96.327 enter
97.191 select rapidly 1
98.583 start 4.0 1.0
98.586 click 3.9974093 0.9967742
99.016 move 869 852
99.024 move 872 852
99.031 move 875 852
99.04 move 879 852
99.047 move 883 852
99.055 move 886 852
99.063 move 889 852
99.071 move 892 852
99.079 move 895 852
99.087 move 897 852
99.095 move 900 852
99.103 move 902 852
99.111 move 906 852
99.119 move 908 852
99.127 move 911 852
99.135 move 914 852
99.144 move 917 852
99.151 move 919 851
99.159 move 921 850
99.167 move 923 850
99.175 move 924 849
99.183 move 924 848
99.191 move 925 848
99.199 move 925 847
99.207 move 926 847
99.855 click 4.2979274 0.96451616
100.551 move 926 848
100.559 move 926 851
100.568 move 926 855
100.575 move 926 861
100.583 move 926 868
100.591 move 926 875
100.599 move 927 883
100.607 move 927 892
100.615 move 927 900
100.623 move 927 909
100.631 move 927 917
100.639 move 927 924
100.647 move 927 930
100.655 move 927 935
100.663 move 927 939
100.671 move 927 942
100.679 move 927 945
100.687 move 927 948
100.696 move 927 951
100.703 move 927 953
100.711 move 927 956
100.719 move 927 958
100.727 move 927 960
100.735 move 927 961
100.743 move 927 963
100.751 move 927 964
100.759 move 926 965
100.767 move 926 966
101.551 click 4.2979274 1.7322581
102.679 move 926 967
102.704 move 926 968
102.711 move 927 971
102.719 move 929 974
102.727 move 931 979
102.735 move 935 984
102.743 move 939 991
102.751 move 943 996
102.759 move 947 1001
102.767 move 951 1005
102.775 move 953 1007
102.783 move 955 1009
102.791 move 957 1010
102.799 move 959 1011
102.807 move 961 1011
102.815 move 962 1011
102.823 move 963 1011
102.831 move 965 1011
102.839 move 966 1011
102.847 move 967 1011
102.863 move 968 1011
102.871 move 969 1011
103.943 click 4.5207253 2.0225806
104.263 move 970 1010
104.271 move 973 1008
104.279 move 976 1005
104.287 move 981 1002
104.295 move 984 999
104.302 move 988 996
104.311 move 990 994
104.319 move 992 992
104.326 move 994 989
104.334 move 997 987
104.343 move 999 983
104.351 move 1002 980
104.359 move 1006 975
104.366 move 1009 970
104.375 move 1013 964
104.383 move 1016 959
104.391 move 1020 954
104.399 move 1024 950
104.408 move 1027 946
104.416 move 1030 943
104.424 move 1033 940
104.431 move 1037 937
104.44 move 1040 936
104.448 move 1042 934
104.455 move 1044 933
104.464 move 1047 933
104.471 move 1049 932
104.479 move 1051 932
104.487 move 1052 932
104.495 move 1054 932
104.503 move 1055 932
104.512 move 1056 933
104.519 move 1057 933
104.527 move 1058 934
104.543 move 1058 935
104.943 move 1058 936
105.055 click 4.9818654 1.5387096
105.08 move 1058 935
105.087 move 1059 934
105.097 move 1060 932
105.103 move 1060 930
105.111 move 1061 929
105.119 move 1062 927
105.128 move 1063 925
105.135 move 1064 924
105.143 move 1065 923
105.151 move 1065 922
105.159 move 1066 921
105.167 move 1066 920
105.176 move 1066 919
105.191 move 1067 919
105.535 move 1067 921
105.543 move 1067 924
105.551 move 1067 927
105.559 move 1066 932
105.567 move 1066 938
105.575 move 1064 945
105.583 move 1063 953
105.591 move 1061 960
105.599 move 1060 966
105.607 move 1058 972
105.615 move 1057 978
105.623 move 1056 981
105.63 move 1054 983
105.638 move 1054 986
105.646 move 1053 987
105.655 move 1052 988
105.662 move 1052 989
105.671 move 1052 990
105.76 move 1052 989
105.768 move 1052 987
105.775 move 1052 986
105.783 move 1052 985
105.791 move 1052 984
105.807 move 1052 983
105.815 move 1052 982
106.343 click 4.950777 1.8354838
106.855 move 1050 982
106.863 move 1047 982
106.871 move 1044 982
106.879 move 1041 982
106.887 move 1037 982
106.895 move 1035 982
106.903 move 1032 982
106.911 move 1030 982
106.919 move 1028 982
106.927 move 1026 982
106.935 move 1024 982
106.943 move 1022 982
106.951 move 1020 982
106.958 move 1018 982
106.967 move 1017 982
106.974 move 1016 982
106.983 move 1015 982
106.991 move 1014 982
107.551 click 4.753886 1.8354838
108.414 enter
109.231 select running 1
110.807 start 4.0 1.0
110.81 click 3.9974093 0.9967742
111.239 move 870 852
111.247 move 873 852
111.256 move 875 853
111.263 move 877 854
111.271 move 879 856
111.279 move 881 857
111.287 move 882 859
111.295 move 883 860
111.311 move 883 861
111.319 move 884 861
111.359 move 884 862
111.911 click 4.080311 1.0612903
112.255 move 885 862
112.263 move 886 862
112.271 move 889 862
112.279 move 892 862
112.287 move 897 862
112.295 move 901 862
112.302 move 905 862
112.311 move 908 862
112.319 move 912 862
112.327 move 915 862
112.335 move 920 860
112.343 move 925 858
112.35 move 932 855
112.359 move 940 852
112.367 move 949 848
112.375 move 956 845
112.383 move 965 841
112.391 move 973 836
112.399 move 982 832
112.407 move 992 827
112.415 move 1002 822
112.423 move 1011 817
112.431 move 1021 813
112.439 move 1030 809
112.447 move 1039 805
112.455 move 1047 802
112.463 move 1055 800
112.471 move 1063 798
112.479 move 1070 796
112.487 move 1078 794
112.495 move 1084 793
112.503 move 1090 792
112.512 move 1095 791
112.52 move 1100 791
112.528 move 1105 790
112.536 move 1110 789
112.543 move 1113 788
112.551 move 1117 788
112.559 move 1120 787
112.567 move 1122 787
112.575 move 1125 787
112.583 move 1127 787
112.591 move 1129 787
112.6 move 1131 787
112.607 move 1133 787
112.615 move 1134 787
112.623 move 1135 787
112.631 move 1136 787
112.639 move 1137 787
113.039 move 1137 786
113.048 move 1137 783
113.055 move 1137 778
113.063 move 1137 773
113.071 move 1137 768
113.079 move 1137 764
113.087 move 1137 761
113.096 move 1137 759
113.103 move 1138 757
113.111 move 1138 755
113.119 move 1138 753
113.128 move 1139 750
113.135 move 1139 748
113.143 move 1139 746
113.151 move 1140 744
113.16 move 1140 743
113.878 click 5.406736 0.2935484
114.351 move 1139 743
114.36 move 1136 743
114.367 move 1133 743
114.375 move 1129 743
114.383 move 1126 743
114.392 move 1123 743
114.399 move 1120 743
114.407 move 1118 743
114.415 move 1116 743
114.423 move 1113 743
114.431 move 1111 743
114.439 move 1108 743
114.447 move 1106 743
114.455 move 1104 743
114.463 move 1102 743
114.471 move 1100 743
114.479 move 1098 743
114.487 move 1096 743
114.495 move 1094 743
114.503 move 1093 742
114.511 move 1092 742
114.519 move 1091 741
114.536 move 1090 741
114.543 move 1089 741
114.551 move 1088 741
114.567 move 1087 741
114.575 move 1086 741
114.583 move 1085 741
114.599 move 1084 741
115.127 click 5.1165805 0.28064513
115.703 move 1083 741
115.719 move 1082 741
115.727 move 1080 741
115.735 move 1076 741
115.743 move 1071 741
115.751 move 1067 741
115.759 move 1063 741
115.767 move 1060 741
115.775 move 1057 741
115.784 move 1054 741
115.791 move 1051 740
115.799 move 1048 739
115.807 move 1044 738
115.815 move 1041 738
115.823 move 1037 737
115.831 move 1034 737
115.839 move 1031 737
115.847 move 1028 736
115.855 move 1025 736
115.863 move 1022 735
115.871 move 1020 734
115.879 move 1017 734
115.887 move 1015 733
115.895 move 1013 733
115.903 move 1011 733
115.911 move 1010 732
115.919 move 1007 732
115.927 move 1006 732
115.935 move 1004 732
115.944 move 1002 732
115.951 move 1000 732
115.959 move 999 732
115.967 move 997 732
115.975 move 995 732
115.983 move 993 732
115.991 move 991 731
115.999 move 989 731
116.007 move 988 731
116.015 move 986 731
116.023 move 985 731
116.031 move 984 731
116.039 move 983 731
116.047 move 982 731
116.591 move 981 731
116.599 move 978 731
116.607 move 975 731
116.615 move 970 731
116.622 move 965 731
116.63 move 961 732
116.639 move 957 732
116.646 move 953 732
116.655 move 950 732
116.663 move 947 732
116.671 move 943 732
116.679 move 939 733
116.688 move 935 733
116.696 move 931 733
116.704 move 926 733
116.711 move 922 733
116.72 move 917 733
116.728 move 914 733
116.736 move 911 733
116.744 move 908 732
116.751 move 905 732
116.76 move 903 732
116.767 move 900 732
116.775 move 898 732
116.783 move 895 732
116.791 move 893 732
116.799 move 891 732
116.807 move 890 732
116.815 move 888 732
116.823 move 887 732
117.399 click 4.0958548 0.22258067
118.055 move 887 733
118.064 move 887 734
118.08 move 887 735
118.112 move 888 735
118.119 move 888 736
118.144 move 889 736
118.623 move 891 734
118.631 move 891 733
118.639 move 891 731
118.647 move 891 729
118.655 move 891 727
118.663 move 891 725
118.672 move 890 723
118.679 move 890 721
118.687 move 889 719
118.695 move 888 717
118.711 move 888 716
119.463 enter
120.407 select short 1
120.695 start 4.0 1.0
120.699 move 868 851
120.711 move 870 850
120.719 move 873 849
120.727 move 876 849
120.735 move 879 848
120.743 move 881 848
120.751 move 884 847
120.759 move 887 847
120.768 move 890 847
120.775 move 894 847
120.783 move 899 847
120.791 move 904 847
120.799 move 910 847
120.807 move 917 847
120.815 move 924 847
120.823 move 932 847
120.831 move 941 846
120.839 move 950 846
120.847 move 961 845
120.855 move 972 844
120.863 move 984 843
120.871 move 997 842
120.879 move 1010 841
120.887 move 1023 840
120.895 move 1036 839
120.903 move 1049 838
120.911 move 1062 836
120.919 move 1074 835
120.927 move 1086 833
120.935 move 1098 832
120.943 move 1110 831
120.951 move 1121 830
120.959 move 1130 830
120.967 move 1140 830
120.975 move 1148 830
120.983 move 1156 830
120.991 move 1163 830
120.999 move 1169 830
121.008 move 1176 829
121.015 move 1182 829
121.023 move 1188 829
121.031 move 1193 829
121.04 move 1197 829
121.047 move 1201 829
121.055 move 1205 829
121.063 move 1209 829
121.071 move 1212 829
121.079 move 1215 829
121.087 move 1218 829
121.095 move 1221 829
121.103 move 1224 829
121.111 move 1226 829
121.119 move 1228 829
121.127 move 1230 829
121.135 move 1231 829
121.143 move 1233 829
121.151 move 1234 829
121.159 move 1235 829
121.183 move 1236 829
121.599 click 5.9041452 0.8483871
122.022 move 1236 830
122.031 move 1235 833
122.039 move 1234 838
122.048 move 1233 846
122.056 move 1232 855
122.064 move 1231 865
122.072 move 1230 876
122.079 move 1228 886
122.087 move 1228 897
122.095 move 1227 907
122.103 move 1226 916
122.111 move 1226 923
122.119 move 1226 930
122.127 move 1226 935
122.135 move 1226 939
122.143 move 1226 943
122.151 move 1226 946
122.159 move 1226 948
122.167 move 1226 950
122.175 move 1226 951
122.183 move 1227 952
122.191 move 1227 953
122.207 move 1228 954
122.943 click 5.8626943 1.6548388
123.743 enter
124.175 left
125.039 select on 2
125.655 start 4.0 1.0
125.658 move 869 852
125.663 move 872 852
125.671 move 876 852
125.679 move 880 852
125.687 move 884 852
125.695 move 888 852
125.704 move 892 852
125.711 move 895 853
125.719 move 899 855
125.727 move 903 856
125.735 move 908 858
125.743 move 913 860
125.751 move 919 863
125.759 move 925 864
125.767 move 931 866
125.775 move 936 868
125.783 move 941 870
125.791 move 945 871
125.8 move 947 871
125.807 move 950 872
125.815 move 951 872
125.887 move 949 872
125.895 move 947 872
125.903 move 944 872
125.911 move 941 871
125.919 move 937 871
125.927 move 934 871
125.935 move 931 870
125.943 move 929 870
125.951 move 927 870
125.959 move 924 870
125.967 move 922 869
125.975 move 919 867
125.983 move 917 866
125.991 move 914 864
125.999 move 910 863
126.006 move 907 862
126.015 move 903 861
126.022 move 899 860
126.031 move 895 860
126.039 move 892 860
126.046 move 888 860
126.055 move 885 860
126.062 move 883 860
126.07 move 881 860
126.078 move 879 860
126.086 move 878 860
126.839 click 4.049223 1.048387
127.135 move 880 860
127.143 move 884 860
127.151 move 889 860
127.159 move 896 860
127.167 move 904 860
127.175 move 912 860
127.183 move 919 861
127.191 move 925 861
127.199 move 931 861
127.207 move 937 861
127.215 move 943 861
127.223 move 949 861
127.231 move 956 861
127.239 move 963 861
127.247 move 968 861
127.255 move 974 861
127.263 move 979 860
127.271 move 983 860
127.279 move 985 860
127.287 move 988 859
127.295 move 989 859
127.303 move 990 859
127.311 move 990 858
127.983 click 4.629534 1.0354838
128.431 move 988 858
128.44 move 985 858
128.447 move 981 858
128.455 move 978 858
128.463 move 974 858
128.472 move 970 858
128.479 move 967 858
128.487 move 963 858
128.495 move 959 858
128.503 move 955 858
128.511 move 950 858
128.519 move 944 858
128.527 move 937 858
128.535 move 931 858
128.543 move 925 859
128.551 move 918 859
128.559 move 913 859
128.567 move 908 860
128.575 move 904 860
128.583 move 901 860
128.591 move 898 860
128.599 move 896 861
128.607 move 894 861
128.615 move 893 862
128.623 move 892 863
128.631 move 891 863
128.639 move 890 864
128.671 move 890 865
129.207 click 4.111399 1.0806452
129.607 move 891 865
129.615 move 894 866
129.623 move 898 866
129.631 move 904 869
129.639 move 912 872
129.647 move 921 876
129.655 move 931 881
129.663 move 941 885
129.671 move 951 888
129.679 move 960 892
129.687 move 969 894
129.695 move 976 897
129.703 move 982 899
129.711 move 988 901
129.719 move 992 902
129.727 move 996 902
129.735 move 999 902
129.743 move 1002 902
129.751 move 1005 902
129.759 move 1008 902
129.767 move 1010 902
129.775 move 1013 902
129.783 move 1016 902
129.791 move 1019 902
129.799 move 1022 902
129.807 move 1025 902
129.815 move 1028 902
129.823 move 1031 902
129.831 move 1034 902
129.839 move 1037 902
129.847 move 1039 902
129.855 move 1041 902
129.863 move 1043 902
129.871 move 1044 902
129.879 move 1046 902
129.887 move 1047 902
129.895 move 1049 902
129.903 move 1050 902
129.911 move 1051 902
129.919 move 1052 902
129.927 move 1053 902
129.943 move 1054 902
130.439 move 1056 902
130.447 move 1058 902
130.455 move 1061 902
130.463 move 1066 902
130.471 move 1074 902
130.48 move 1083 902
130.487 move 1092 901
130.495 move 1102 899
130.503 move 1110 898
130.511 move 1119 897
130.519 move 1126 896
130.527 move 1134 895
130.536 move 1141 894
130.543 move 1150 894
130.551 move 1157 893
130.559 move 1166 892
130.567 move 1173 891
130.576 move 1180 890
130.583 move 1187 889
130.591 move 1193 888
130.599 move 1198 887
130.607 move 1203 886
130.615 move 1207 886
130.623 move 1210 885
130.631 move 1213 885
130.639 move 1215 885
130.647 move 1217 885
130.655 move 1219 885
130.663 move 1220 885
130.673 move 1221 885
130.679 move 1222 885
130.688 move 1223 885
130.704 move 1224 885
131.399 move 1237 879
131.407 move 1238 879
131.415 move 1239 878
131.423 move 1240 878
132.391 click 5.9248705 1.1645161
132.767 move 1241 877
132.775 move 1242 877
132.783 move 1244 877
132.791 move 1248 877
132.799 move 1254 877
132.807 move 1262 877
132.815 move 1269 877
132.823 move 1276 877
132.831 move 1281 877
132.839 move 1284 877
132.847 move 1286 877
132.855 move 1287 877
132.863 move 1288 877
132.871 move 1288 878
132.887 move 1288 879
132.959 move 1287 879
132.967 move 1286 879
132.975 move 1283 879
132.983 move 1281 879
132.991 move 1278 880
132.999 move 1275 880
133.007 move 1272 880
133.015 move 1269 880
133.023 move 1265 880
133.031 move 1261 880
133.039 move 1257 880
133.047 move 1251 880
133.055 move 1245 880
133.063 move 1238 880
133.071 move 1229 880
133.079 move 1219 880
133.087 move 1210 880
133.095 move 1199 880
133.103 move 1188 880
133.11 move 1177 880
133.119 move 1165 880
133.127 move 1153 881
133.135 move 1141 881
133.143 move 1128 881
133.152 move 1116 881
133.16 move 1104 881
133.167 move 1093 881
133.175 move 1081 881
133.184 move 1070 881
133.192 move 1059 881
133.199 move 1048 881
133.207 move 1039 881
133.215 move 1029 881
133.223 move 1020 881
133.231 move 1011 881
133.239 move 1003 882
133.247 move 996 882
133.256 move 988 882
133.263 move 982 882
133.271 move 976 882
133.279 move 971 882
133.287 move 965 882
133.295 move 960 882
133.303 move 956 882
133.311 move 951 882
133.319 move 947 882
133.327 move 944 882
133.335 move 941 882
133.344 move 938 882
133.351 move 935 882
133.359 move 933 882
133.367 move 931 882
133.375 move 929 882
133.383 move 927 882
133.392 move 926 882
133.399 move 925 882
133.407 move 924 882
133.423 move 923 882
133.607 move 923 883
133.615 move 922 883
133.623 move 922 884
134.823 click 4.277202 1.2032259
135.766 enter
136.607 select world 1
136.807 start 4.0 1.0
136.81 click 3.9974093 0.9967742
139.607 delete
140.429 phrase 
