0.031 session 1
0.032 phrase that is a very odd question
0.093 start 4.0 1.0
0.095 move 868 852
16.126 move 867 851
16.133 move 866 849
16.141 move 864 847
16.149 move 862 845
16.158 move 858 842
16.165 move 855 838
16.174 move 851 835
16.181 move 847 832
16.189 move 844 829
16.197 move 841 827
16.205 move 838 826
16.213 move 836 824
16.222 move 834 823
16.23 move 832 822
16.238 move 830 822
16.246 move 828 821
16.254 move 827 821
16.262 move 825 820
16.271 move 823 820
16.278 move 821 819
16.286 move 819 819
16.294 move 817 818
16.302 move 815 818
16.31 move 813 818
16.318 move 811 817
16.326 move 809 817
16.334 move 807 816
16.341 move 804 816
16.349 move 802 815
16.357 move 800 815
16.365 move 798 815
16.373 move 796 814
16.381 move 795 814
16.389 move 792 813
16.397 move 790 813
16.405 move 788 813
16.413 move 786 812
16.421 move 784 812
16.429 move 782 812
16.438 move 780 811
16.445 move 777 811
16.453 move 775 811
16.461 move 773 811
16.47 move 771 811
16.477 move 769 811
16.485 move 767 811
16.493 move 765 811
16.501 move 763 811
16.509 move 761 811
16.517 move 758 812
16.527 move 757 812
16.534 move 755 813
16.542 move 753 814
16.549 move 751 815
16.558 move 750 816
16.565 move 749 816
16.573 move 747 817
16.581 move 746 818
16.589 move 745 819
16.597 move 744 819
16.605 move 743 820
16.622 move 742 821
16.63 move 742 822
16.638 move 741 822
16.646 move 741 823
18.686 click 3.3393784 0.80967736
22.909 click 3.3393784 0.80967736
24.918 move 740 823
24.934 move 738 823
24.942 move 736 823
24.95 move 733 823
24.958 move 730 823
24.966 move 727 823
24.974 move 723 823
24.982 move 720 823
24.99 move 717 823
24.998 move 715 823
25.006 move 712 823
25.014 move 710 823
25.022 move 708 823
25.03 move 707 823
25.038 move 705 823
25.046 move 703 823
25.054 move 702 823
25.062 move 700 823
25.07 move 698 823
25.078 move 696 823
25.086 move 694 823
25.094 move 692 823
25.102 move 690 823
25.11 move 688 823
25.118 move 685 823
25.126 move 683 823
25.134 move 681 823
25.142 move 678 823
25.15 move 676 823
25.158 move 673 823
25.166 move 671 823
25.174 move 668 823
25.182 move 666 823
25.19 move 664 823
25.198 move 662 823
25.206 move 660 823
25.214 move 657 823
25.222 move 656 823
25.23 move 654 823
25.238 move 652 823
25.246 move 651 823
25.253 move 649 824
25.262 move 647 824
25.269 move 645 824
25.278 move 643 824
25.286 move 642 824
25.294 move 639 824
25.302 move 637 824
25.31 move 634 824
25.318 move 631 824
25.325 move 628 824
25.333 move 625 823
25.342 move 621 822
25.349 move 617 822
25.357 move 613 821
25.365 move 609 821
25.373 move 606 820
25.381 move 602 820
25.389 move 599 820
25.397 move 596 820
25.405 move 594 820
25.413 move 591 820
25.452 move 584 820
25.454 move 583 820
25.461 move 582 820
25.47 move 581 820
25.477 move 580 820
26.086 move 579 820
26.094 move 577 820
26.102 move 574 820
26.11 move 570 820
26.118 move 563 820
26.126 move 555 820
26.134 move 547 820
26.195 move 485 820
26.198 move 476 820
26.206 move 466 819
26.214 move 456 819
26.222 move 445 819
26.23 move 435 818
26.238 move 425 818
26.246 move 415 818
26.254 move 405 817
26.261 move 395 817
26.27 move 387 817
26.277 move 380 816
26.286 move 372 816
26.293 move 367 816
26.301 move 362 816
26.309 move 356 816
26.317 move 351 816
26.325 move 347 816
26.333 move 342 815
26.342 move 337 815
26.35 move 331 815
26.358 move 325 815
26.366 move 319 814
26.374 move 313 814
26.382 move 307 813
26.39 move 300 813
26.398 move 293 813
26.405 move 286 813
26.413 move 279 813
26.422 move 272 813
26.429 move 266 813
26.438 move 259 813
26.446 move 254 813
26.454 move 249 813
26.462 move 244 813
26.469 move 241 814
26.477 move 237 815
26.486 move 234 815
26.514 move 228 816
26.517 move 226 816
26.525 move 225 816
26.533 move 224 816
26.542 move 224 817
26.55 move 223 817
28.046 click 0.65544045 0.7709677
30.013 click 0.65544045 0.7709677
34.134 enter
35.91 select that 1
35.913 start 4.0 1.0
35.916 move 868 852
37.622 move 869 852
37.631 move 871 852
37.637 move 874 852
37.646 move 877 852
37.654 move 882 852
37.663 move 889 852
37.669 move 895 852
37.677 move 901 852
37.685 move 906 852
37.693 move 910 852
37.701 move 914 852
37.709 move 917 852
37.717 move 920 852
37.725 move 923 852
37.733 move 926 852
37.741 move 929 852
37.749 move 932 852
37.758 move 935 852
37.766 move 938 852
37.774 move 941 852
37.782 move 944 852
37.79 move 947 852
37.798 move 950 852
37.806 move 953 852
37.814 move 956 852
37.822 move 959 853
37.83 move 961 854
37.838 move 964 854
37.846 move 967 855
37.854 move 970 856
37.862 move 973 856
37.87 move 976 857
37.878 move 979 857
37.886 move 981 858
37.894 move 984 858
37.902 move 987 858
37.91 move 989 858
37.918 move 992 858
37.926 move 995 858
37.934 move 997 858
37.942 move 1000 858
37.95 move 1002 858
37.958 move 1004 858
37.965 move 1007 858
37.974 move 1009 858
37.982 move 1011 858
37.99 move 1013 858
37.998 move 1014 858
38.006 move 1016 858
38.014 move 1017 858
38.022 move 1018 858
38.038 move 1019 858
38.054 move 1020 858
38.262 move 1021 858
38.269 move 1022 858
38.285 move 1023 858
38.293 move 1024 858
38.301 move 1025 858
40.397 click 4.8108807 1.0354838
42.55 click 4.8108807 1.0354838
45.757 enter
47.117 left
48.797 select is 2
48.801 start 4.0 1.0
48.804 move 868 852
50.597 click 3.9974093 0.9967742
52.709 enter
53.685 select a 1
58.982 start 4.0 1.0
58.985 move 868 853
58.998 move 868 855
59.006 move 868 858
59.014 move 868 861
59.022 move 868 865
59.03 move 868 868
59.038 move 868 871
59.046 move 868 874
59.054 move 869 877
59.062 move 869 879
59.07 move 869 880
59.078 move 869 881
59.086 move 869 882
59.094 move 869 883
59.102 move 869 884
59.118 move 870 885
59.126 move 870 886
59.134 move 870 888
59.142 move 870 890
59.15 move 870 892
59.158 move 871 894
59.166 move 871 897
59.174 move 871 899
59.182 move 872 901
59.19 move 872 903
59.198 move 872 904
59.206 move 872 905
59.214 move 872 906
59.222 move 872 907
59.23 move 872 908
59.238 move 872 909
59.246 move 872 911
59.254 move 872 912
59.262 move 872 914
59.27 move 872 915
59.278 move 872 917
59.286 move 872 918
59.302 move 872 919
59.318 move 872 920
59.326 move 873 920
59.334 move 873 921
59.342 move 873 922
59.35 move 873 923
59.358 move 874 924
59.366 move 874 926
59.374 move 875 928
59.381 move 875 929
59.389 move 875 931
59.397 move 875 932
59.405 move 875 933
59.413 move 876 934
59.429 move 876 935
59.437 move 876 937
59.445 move 877 938
59.454 move 877 940
59.462 move 877 942
59.47 move 877 945
59.478 move 877 947
59.485 move 877 950
59.493 move 877 952
59.501 move 877 954
59.509 move 877 955
59.517 move 877 957
59.525 move 877 958
59.533 move 877 961
59.549 move 877 962
59.558 move 877 964
59.565 move 878 965
59.574 move 878 967
59.581 move 878 969
59.59 move 878 971
59.599 move 879 974
59.606 move 879 976
59.614 move 879 979
59.623 move 879 981
59.631 move 880 984
59.638 move 880 986
59.646 move 880 988
59.654 move 880 990
59.662 move 881 993
59.671 move 881 995
59.678 move 881 997
59.686 move 881 999
59.694 move 882 1001
59.702 move 882 1003
59.71 move 882 1004
59.718 move 882 1005
59.726 move 882 1006
59.75 move 882 1007
59.821 move 882 1008
60.853 click 4.069948 2.0032258
66.246 move 881 1008
66.255 move 880 1008
66.262 move 879 1008
66.27 move 877 1008
66.278 move 876 1008
66.286 move 875 1008
66.294 move 873 1008
66.31 move 872 1008
66.318 move 871 1008
66.342 move 870 1008
66.398 move 869 1008
66.413 move 868 1008
66.431 move 867 1008
66.446 move 866 1008
66.462 move 865 1008
66.542 move 864 1008
66.566 move 863 1008
66.582 move 862 1008
66.599 move 861 1008
66.614 move 860 1008
66.622 move 859 1008
66.638 move 858 1008
66.654 move 857 1008
66.662 move 856 1008
66.678 move 855 1008
66.686 move 854 1008
66.694 move 853 1008
66.702 move 852 1008
66.71 move 851 1008
66.718 move 850 1007
66.726 move 849 1007
66.734 move 848 1006
66.742 move 846 1006
66.749 move 846 1005
66.757 move 845 1005
66.766 move 844 1005
66.774 move 843 1004
66.782 move 842 1004
66.79 move 841 1004
66.797 move 840 1003
66.805 move 838 1003
66.813 move 837 1002
66.821 move 835 1002
66.829 move 834 1001
66.837 move 832 1001
66.845 move 831 1000
66.853 move 830 1000
66.861 move 828 999
66.869 move 827 999
66.878 move 826 998
66.886 move 824 998
66.893 move 823 998
66.901 move 822 997
66.909 move 820 997
66.917 move 818 996
66.926 move 817 996
66.933 move 815 995
66.941 move 813 995
66.949 move 812 994
66.957 move 811 994
66.965 move 809 994
66.975 move 808 993
66.982 move 807 993
66.99 move 805 993
66.997 move 804 992
67.005 move 803 992
67.013 move 801 992
67.021 move 800 991
67.029 move 798 991
67.037 move 797 991
67.045 move 796 991
67.053 move 795 991
67.062 move 793 990
67.078 move 791 990
67.093 move 790 990
67.101 move 789 990
67.109 move 788 990
67.117 move 787 990
67.125 move 785 990
67.133 move 784 989
67.141 move 783 989
67.149 move 781 989
67.157 move 779 988
67.166 move 777 988
67.174 move 776 988
67.182 move 774 988
67.19 move 773 988
67.197 move 772 987
67.205 move 771 987
67.214 move 769 987
67.229 move 768 987
67.237 move 767 987
67.245 move 766 987
67.253 move 765 987
67.261 move 764 987
67.269 move 763 987
67.285 move 762 987
67.294 move 761 987
67.302 move 760 987
67.318 move 759 987
67.326 move 758 987
67.334 move 756 987
67.342 move 754 987
67.35 move 752 987
67.358 move 750 987
67.365 move 747 987
67.373 move 745 987
67.382 move 743 987
67.39 move 740 987
67.397 move 738 987
67.405 move 735 987
67.413 move 733 987
67.421 move 731 987
67.429 move 730 987
67.437 move 728 987
67.445 move 727 987
67.453 move 725 987
67.461 move 724 987
67.469 move 723 987
67.477 move 722 987
67.486 move 721 987
67.493 move 720 987
67.51 move 719 987
71.061 move 719 985
71.069 move 719 979
71.077 move 719 969
71.086 move 719 959
71.093 move 719 948
71.101 move 719 937
71.109 move 719 925
71.117 move 719 914
71.125 move 719 906
71.133 move 719 899
71.141 move 720 894
71.149 move 720 891
71.157 move 720 889
71.165 move 720 888
71.173 move 721 888
71.197 move 721 887
71.205 move 721 886
71.213 move 721 883
71.221 move 721 878
71.229 move 721 873
71.237 move 721 867
71.245 move 721 860
71.253 move 720 855
71.261 move 719 850
71.269 move 719 846
71.278 move 718 842
71.286 move 717 839
71.294 move 717 836
71.301 move 717 834
71.309 move 717 832
71.318 move 716 830
71.325 move 716 828
71.333 move 716 827
71.341 move 716 826
71.349 move 716 825
71.357 move 716 824
71.365 move 715 823
71.373 move 715 822
71.381 move 715 820
71.39 move 715 819
71.397 move 714 817
71.405 move 714 816
71.413 move 714 815
71.421 move 713 815
71.429 move 713 814
72.237 move 713 813
72.253 move 713 812
72.262 move 712 810
72.27 move 712 808
72.277 move 711 806
72.286 move 711 803
72.294 move 710 800
72.301 move 710 798
72.309 move 709 795
72.317 move 709 793
72.325 move 709 791
72.333 move 708 791
72.341 move 708 790
72.349 move 708 789
72.357 move 708 788
72.365 move 707 788
72.373 move 707 787
72.381 move 707 786
72.389 move 706 784
72.397 move 705 783
72.405 move 705 781
72.413 move 704 778
72.422 move 703 775
72.43 move 701 770
72.437 move 700 764
72.445 move 697 758
72.453 move 696 753
72.462 move 694 748
72.469 move 693 745
72.477 move 691 742
72.486 move 690 739
72.494 move 689 736
72.501 move 689 734
72.509 move 688 732
72.517 move 687 731
72.533 move 687 730
73.278 move 686 730
73.294 move 685 730
73.301 move 683 730
73.309 move 680 730
73.317 move 677 730
73.325 move 673 730
73.333 move 668 730
73.341 move 663 730
73.349 move 658 730
73.357 move 653 730
73.365 move 650 730
73.373 move 646 730
73.381 move 643 730
73.39 move 640 730
73.398 move 638 730
73.406 move 635 730
73.413 move 633 730
73.422 move 631 730
73.431 move 629 730
73.438 move 628 730
73.445 move 626 730
73.454 move 623 730
73.461 move 621 730
73.469 move 619 730
73.477 move 617 730
73.486 move 615 730
73.494 move 612 730
73.502 move 609 729
73.51 move 607 728
73.518 move 604 728
73.526 move 601 727
73.534 move 599 726
73.542 move 596 726
73.55 move 594 725
73.558 move 591 725
73.566 move 589 724
73.574 move 587 724
73.582 move 585 724
73.59 move 583 723
73.598 move 580 723
73.605 move 578 722
73.613 move 575 721
73.621 move 572 720
73.63 move 569 719
73.637 move 566 718
73.645 move 563 717
73.653 move 559 715
73.661 move 555 713
73.669 move 550 711
73.677 move 547 709
73.685 move 542 707
73.694 move 539 706
73.701 move 535 705
73.71 move 532 704
73.718 move 528 704
73.726 move 525 704
73.734 move 522 703
73.741 move 520 703
73.749 move 517 703
73.757 move 515 703
73.765 move 512 703
73.773 move 510 703
73.781 move 508 703
73.79 move 506 703
73.798 move 504 703
73.806 move 503 703
73.814 move 501 703
73.822 move 500 703
73.838 move 499 703
75.357 click 2.0854921 0.035483897
77.421 click 2.0854921 0.035483897
78.798 click 2.0854921 0.035483897
82.118 enter
83.934 left
84.949 right
85.093 right
85.998 left
87.254 select very 1
87.258 start 4.0 1.0
87.261 move 868 852
89.966 move 869 853
89.973 move 872 853
89.981 move 877 854
89.989 move 883 856
89.997 move 889 856
90.006 move 893 857
90.014 move 897 857
90.021 move 900 857
90.03 move 903 857
90.038 move 905 857
90.046 move 906 857
90.054 move 908 856
90.062 move 909 856
90.07 move 911 856
90.078 move 913 856
90.086 move 915 856
90.094 move 917 856
90.102 move 919 856
90.109 move 921 856
90.117 move 923 856
90.125 move 925 856
90.134 move 927 856
90.142 move 928 857
90.15 move 929 857
90.158 move 930 858
90.166 move 931 858
90.182 move 932 858
90.198 move 933 858
90.213 move 934 857
90.221 move 935 857
90.23 move 937 855
90.239 move 938 854
90.245 move 940 853
90.253 move 942 851
90.261 move 944 850
90.269 move 946 850
90.277 move 947 849
90.285 move 949 848
90.293 move 951 847
90.301 move 952 846
90.31 move 954 846
90.318 move 956 845
90.325 move 958 845
90.334 move 960 845
90.342 move 961 845
90.35 move 963 845
90.358 move 965 845
90.366 move 967 845
90.374 move 968 845
90.382 move 969 845
90.398 move 970 845
91.254 move 971 845
91.262 move 973 845
91.27 move 976 844
91.278 move 981 843
91.286 move 989 841
91.294 move 996 840
91.302 move 1004 839
91.31 move 1012 839
91.318 move 1019 839
91.325 move 1026 839
91.333 move 1032 839
91.341 move 1038 839
91.349 move 1045 839
91.357 move 1051 839
91.365 move 1058 839
91.373 move 1066 839
91.381 move 1072 839
91.39 move 1078 838
91.398 move 1084 838
91.406 move 1089 838
91.414 move 1093 837
91.421 move 1095 837
91.429 move 1098 835
91.437 move 1099 834
91.445 move 1100 834
91.453 move 1100 833
91.461 move 1101 832
92.989 click 5.2046633 0.86774194
95.053 click 5.2046633 0.86774194
96.038 click 5.2046633 0.86774194
100.829 enter
102.397 right
102.694 left
106.766 nextPage
109.39 right
110.461 right
112.446 select odd 10
112.449 start 4.0 1.0
112.452 move 868 852
116.702 click 3.9974093 0.9967742
118.646 move 870 852
118.653 move 873 852
118.661 move 876 852
118.67 move 881 852
118.678 move 886 852
118.686 move 890 852
118.695 move 893 852
118.702 move 897 852
118.709 move 900 852
118.718 move 902 852
118.725 move 904 852
118.733 move 905 852
118.742 move 907 852
118.749 move 908 852
118.765 move 909 852
118.781 move 910 851
118.789 move 911 851
118.797 move 912 851
118.805 move 913 851
118.813 move 915 850
118.821 move 917 850
118.829 move 918 850
118.853 move 922 850
118.856 move 922 850
118.87 move 923 850
118.878 move 923 851
118.886 move 924 852
118.894 move 924 853
118.902 move 924 854
118.91 move 925 856
118.918 move 925 857
118.926 move 926 858
118.942 move 926 859
118.989 move 927 858
118.997 move 928 856
119.006 move 928 855
119.013 move 929 854
119.022 move 930 853
119.062 move 931 855
119.07 move 931 856
119.078 move 932 859
119.086 move 933 861
119.094 move 933 864
119.102 move 933 866
119.11 move 933 868
119.118 move 933 869
120.445 click 4.334197 1.1064516
121.797 click 4.334197 1.1064516
123.59 move 931 869
123.599 move 929 869
123.606 move 926 869
123.614 move 923 869
123.622 move 920 869
123.63 move 917 869
123.638 move 914 869
123.646 move 912 869
123.653 move 910 869
123.662 move 908 869
123.67 move 906 869
123.678 move 904 869
123.686 move 902 869
123.694 move 900 869
123.702 move 897 869
123.71 move 895 869
123.718 move 892 869
123.725 move 889 869
123.734 move 886 869
123.742 move 883 869
123.75 move 879 869
123.757 move 876 869
123.765 move 873 869
123.773 move 870 869
123.781 move 868 869
123.789 move 865 869
123.797 move 863 869
123.806 move 861 868
123.813 move 859 868
123.821 move 857 867
123.829 move 856 867
123.838 move 854 866
123.846 move 852 865
123.853 move 850 865
123.861 move 847 864
123.869 move 845 863
123.877 move 844 862
123.885 move 842 861
123.893 move 840 861
123.901 move 839 860
123.909 move 838 860
123.917 move 837 860
123.933 move 836 859
123.949 move 835 859
123.965 move 834 858
123.973 move 833 858
123.981 move 832 858
123.997 move 830 857
124.005 move 829 857
124.013 move 827 856
124.021 move 825 856
124.029 move 823 856
124.037 move 821 856
124.045 move 819 856
124.054 move 816 855
124.062 move 813 855
124.071 move 811 855
124.078 move 808 855
124.086 move 805 855
124.094 move 802 855
124.102 move 799 855
124.11 move 796 855
124.118 move 793 855
124.126 move 790 855
124.134 move 787 855
124.142 move 784 855
124.149 move 781 855
124.157 move 779 855
124.166 move 776 855
124.174 move 773 855
124.181 move 770 855
124.19 move 767 855
124.198 move 765 855
124.205 move 762 855
124.214 move 759 855
124.221 move 757 855
124.229 move 755 855
124.238 move 753 855
124.245 move 751 855
124.254 move 748 855
124.261 move 746 855
124.269 move 744 855
124.277 move 741 855
124.285 move 739 855
124.293 move 736 855
124.301 move 734 855
124.309 move 731 855
124.317 move 729 855
124.325 move 726 856
124.333 move 723 856
124.341 move 720 856
124.35 move 717 856
124.358 move 714 856
124.366 move 712 857
124.373 move 709 857
124.381 move 707 857
124.39 move 704 857
124.398 move 703 857
124.406 move 701 857
124.414 move 700 857
124.422 move 699 857
124.43 move 698 857
125.565 click 3.1165802 1.0290322
126.557 move 699 857
126.565 move 701 857
126.573 move 704 857
126.581 move 707 857
126.589 move 712 857
126.598 move 716 857
126.605 move 719 857
126.613 move 723 857
126.621 move 726 857
126.63 move 729 857
126.637 move 732 857
126.646 move 734 857
126.654 move 736 857
126.661 move 739 857
126.669 move 741 857
126.677 move 744 857
126.685 move 747 857
126.693 move 751 857
126.701 move 754 857
126.709 move 757 857
126.717 move 760 857
126.725 move 763 857
126.733 move 766 857
126.741 move 768 857
126.75 move 770 857
126.757 move 771 857
126.765 move 772 857
126.773 move 773 857
126.781 move 774 857
126.798 move 775 857
126.805 move 776 857
126.813 move 777 857
126.821 move 779 857
126.829 move 780 857
126.837 move 782 857
126.846 move 783 857
126.853 move 784 857
126.861 move 786 857
126.877 move 787 857
126.901 move 788 857
126.933 move 789 857
126.957 move 790 857
128.085 click 3.593264 1.0290322
129.909 click 3.593264 1.0290322
131.038 click 3.593264 1.0290322
132.141 click 3.593264 1.0290322
135.846 enter
138.774 select question 1
138.779 start 4.0 1.0
138.782 move 868 852
144.181 move 869 852
144.197 move 870 853
144.205 move 871 853
144.213 move 872 853
144.221 move 873 854
