0.001 session 1
0.004 phrase that is a very odd question
0.074 start 4.0 1.0
0.076 move 868 852
0.147 move 868 851
0.155 move 867 851
0.163 move 866 851
0.208 move 855 848
0.211 move 851 847
0.219 move 847 846
0.226 move 842 845
0.234 move 839 844
0.242 move 836 843
0.251 move 833 843
0.258 move 831 843
0.266 move 829 842
0.283 move 826 842
0.315 move 825 842
4.275 move 824 842
4.298 move 823 842
4.314 move 824 842
4.322 move 825 842
4.33 move 826 842
4.338 move 827 842
4.346 move 829 842
4.355 move 830 842
8.442 click 3.800518 0.932258
9.611 click 3.800518 0.932258
10.474 move 828 842
10.482 move 825 842
10.491 move 822 842
10.498 move 817 842
10.506 move 812 842
10.514 move 808 842
10.522 move 802 842
10.53 move 798 842
10.538 move 793 842
10.574 move 773 842
10.578 move 767 842
10.587 move 761 842
10.594 move 755 842
10.602 move 749 842
10.61 move 743 842
10.618 move 738 842
10.626 move 731 842
10.634 move 725 842
10.647 move 719 842
10.651 move 713 842
10.658 move 707 842
10.666 move 702 843
10.674 move 695 843
10.682 move 687 843
10.691 move 680 843
10.699 move 671 842
10.706 move 662 842
10.715 move 653 842
10.723 move 642 841
10.73 move 631 841
10.739 move 620 841
10.747 move 609 841
10.755 move 598 841
10.763 move 586 841
10.771 move 575 841
10.779 move 564 841
10.787 move 554 841
10.794 move 544 841
10.802 move 536 841
10.81 move 529 841
10.818 move 522 841
10.826 move 516 841
10.834 move 510 841
10.842 move 505 841
10.85 move 500 841
10.858 move 496 841
10.866 move 492 841
10.874 move 488 841
10.882 move 484 841
10.891 move 481 841
10.898 move 478 841
10.906 move 475 841
10.914 move 473 841
10.922 move 470 841
10.93 move 468 841
10.938 move 465 841
10.946 move 464 841
10.955 move 462 841
10.962 move 460 841
10.978 move 459 841
10.994 move 458 841
11.33 move 457 841
11.346 move 456 841
11.355 move 454 841
11.362 move 451 841
11.37 move 449 841
11.378 move 444 841
11.387 move 440 841
11.394 move 433 841
11.402 move 425 841
11.41 move 416 841
11.418 move 405 841
11.426 move 394 841
11.434 move 382 841
11.442 move 372 841
11.45 move 362 841
11.459 move 352 842
11.467 move 345 842
11.475 move 339 842
11.483 move 333 842
11.51 move 321 842
11.514 move 318 842
11.522 move 315 842
11.53 move 313 842
11.538 move 311 842
11.546 move 309 842
11.554 move 307 842
11.562 move 306 842
11.57 move 305 842
11.586 move 304 842
12.97 click 1.0751295 0.932258
14.226 move 305 842
14.234 move 307 842
14.242 move 310 842
14.25 move 314 842
14.258 move 319 842
14.266 move 325 842
14.274 move 331 842
14.282 move 338 842
14.291 move 344 842
14.299 move 350 842
14.306 move 356 842
14.314 move 361 842
14.323 move 366 842
14.33 move 370 842
14.338 move 374 842
14.346 move 377 842
14.354 move 381 842
14.362 move 385 842
14.37 move 389 842
14.378 move 393 842
14.386 move 398 842
14.395 move 404 842
14.402 move 410 842
14.41 move 417 842
14.418 move 423 842
14.426 move 430 842
14.434 move 436 842
14.442 move 441 842
14.45 move 447 842
14.458 move 452 842
14.466 move 456 842
14.474 move 459 842
14.482 move 463 842
14.491 move 466 842
14.499 move 469 842
14.506 move 472 842
14.514 move 475 842
14.522 move 477 842
14.53 move 479 842
14.538 move 481 842
14.546 move 483 842
14.554 move 484 842
14.562 move 486 842
14.57 move 487 842
14.586 move 488 842
14.595 move 489 842
15.002 move 490 842
15.01 move 492 842
15.019 move 495 842
15.026 move 502 842
15.034 move 512 842
15.042 move 523 842
15.05 move 537 843
15.058 move 550 844
15.066 move 563 846
15.074 move 575 847
15.082 move 585 848
15.09 move 594 849
15.15 move 641 844
15.154 move 650 842
15.162 move 661 839
15.17 move 671 837
15.178 move 682 835
15.21 move 720 830
15.226 move 728 829
15.228 move 736 828
15.234 move 744 828
15.242 move 750 827
15.25 move 757 827
15.258 move 764 827
15.266 move 770 827
15.274 move 777 827
15.282 move 783 827
15.291 move 789 827
15.298 move 795 827
15.306 move 801 827
15.314 move 806 827
15.322 move 811 827
15.33 move 816 827
15.338 move 820 827
15.346 move 823 827
15.355 move 827 827
15.362 move 830 827
15.37 move 833 827
15.378 move 836 827
15.386 move 839 827
15.395 move 841 827
15.403 move 844 827
15.411 move 846 827
15.419 move 847 827
15.427 move 849 827
15.435 move 850 827
15.443 move 852 827
15.459 move 853 827
16.49 click 3.9196892 0.8354839
18.066 enter
19.379 select that 1
19.382 start 4.0 1.0
19.385 move 868 852
20.531 move 869 852
20.539 move 870 852
20.546 move 872 851
20.555 move 875 851
20.563 move 880 851
20.571 move 886 851
20.579 move 892 851
20.587 move 898 851
20.595 move 903 851
20.602 move 907 851
20.61 move 912 851
20.619 move 916 851
20.627 move 919 851
20.635 move 922 851
20.643 move 926 851
20.651 move 929 851
20.659 move 932 851
20.667 move 935 851
20.675 move 938 851
20.683 move 941 851
20.691 move 944 851
20.699 move 948 851
20.706 move 951 851
20.714 move 954 851
20.722 move 956 851
20.73 move 959 851
20.738 move 961 851
20.746 move 964 851
20.754 move 966 850
20.762 move 969 849
20.77 move 972 849
20.778 move 975 848
20.787 move 979 848
20.795 move 983 848
20.803 move 986 848
20.811 move 990 848
20.818 move 994 848
20.826 move 998 848
20.834 move 1002 848
20.842 move 1006 848
20.85 move 1010 848
20.858 move 1014 848
20.866 move 1018 848
20.874 move 1023 848
20.882 move 1028 848
20.89 move 1034 848
20.899 move 1040 847
20.906 move 1046 847
20.914 move 1052 847
20.922 move 1058 847
20.931 move 1063 846
20.939 move 1069 845
20.947 move 1074 845
20.954 move 1079 844
20.963 move 1085 843
20.971 move 1089 843
20.979 move 1094 842
20.986 move 1099 842
20.994 move 1105 842
21.002 move 1110 841
21.01 move 1114 841
21.018 move 1119 841
21.026 move 1123 841
21.034 move 1128 841
21.042 move 1132 841
21.05 move 1136 841
21.058 move 1139 841
21.066 move 1143 841
21.074 move 1146 841
21.082 move 1149 841
21.09 move 1152 841
21.098 move 1155 841
21.106 move 1157 841
21.114 move 1159 841
21.123 move 1161 841
21.13 move 1162 841
21.139 move 1163 841
21.146 move 1164 841
21.154 move 1165 841
22.41 click 5.5362697 0.9258064
23.522 move 1164 841
23.53 move 1162 841
23.538 move 1159 841
23.546 move 1156 841
23.554 move 1154 842
23.562 move 1151 843
23.57 move 1149 844
23.578 move 1147 845
23.586 move 1144 847
23.594 move 1142 848
23.603 move 1139 849
23.61 move 1136 850
23.618 move 1134 851
23.626 move 1130 851
23.634 move 1127 852
23.642 move 1124 852
23.65 move 1119 853
23.658 move 1116 853
23.666 move 1111 854
23.674 move 1107 854
23.682 move 1102 855
23.69 move 1097 855
23.699 move 1092 855
23.706 move 1086 856
23.714 move 1081 856
23.722 move 1076 856
23.73 move 1070 856
23.738 move 1065 857
23.746 move 1059 857
23.754 move 1053 857
23.762 move 1047 857
23.77 move 1041 857
23.779 move 1034 857
23.786 move 1027 857
23.794 move 1020 857
23.803 move 1012 857
23.811 move 1003 857
23.819 move 992 857
23.827 move 982 857
23.835 move 971 858
23.843 move 959 858
23.851 move 948 858
23.859 move 936 858
23.867 move 924 858
23.875 move 912 858
23.883 move 899 858
23.891 move 888 858
23.899 move 876 858
23.907 move 865 858
23.914 move 854 858
23.922 move 843 858
23.93 move 833 859
23.938 move 823 859
23.946 move 813 859
23.954 move 805 859
23.962 move 797 859
23.97 move 790 859
23.978 move 784 859
23.986 move 778 859
23.994 move 772 859
24.002 move 766 859
24.01 move 760 859
24.019 move 756 859
24.026 move 751 859
24.034 move 746 859
24.043 move 742 859
24.05 move 739 859
24.059 move 735 859
24.066 move 732 859
24.074 move 729 859
24.082 move 726 859
24.09 move 723 859
24.098 move 721 859
24.106 move 719 859
24.114 move 717 859
24.122 move 716 859
24.13 move 714 859
24.139 move 713 859
24.146 move 712 859
24.163 move 711 859
24.594 move 710 859
24.611 move 709 859
24.619 move 708 859
24.627 move 705 859
24.635 move 702 859
24.643 move 699 859
24.651 move 694 859
24.659 move 689 859
24.667 move 683 859
24.674 move 675 860
24.683 move 666 860
24.691 move 657 860
24.699 move 647 861
24.707 move 635 862
24.714 move 625 862
24.723 move 615 862
24.731 move 605 863
24.739 move 594 863
24.747 move 583 864
24.754 move 574 864
24.763 move 564 864
24.771 move 555 864
24.779 move 545 865
24.786 move 538 865
24.795 move 531 865
24.802 move 524 865
24.811 move 519 865
24.819 move 512 865
24.827 move 508 865
24.835 move 503 865
24.843 move 499 865
24.851 move 495 865
24.859 move 491 865
24.867 move 488 865
24.875 move 484 865
24.883 move 481 865
24.891 move 479 865
24.899 move 476 865
24.906 move 474 865
24.914 move 472 865
24.923 move 471 865
24.931 move 469 865
24.939 move 468 865
24.947 move 467 865
24.955 move 466 865
24.979 move 465 865
25.426 move 464 865
25.434 move 463 866
25.442 move 460 866
25.45 move 455 868
25.458 move 447 870
25.466 move 436 875
25.474 move 424 879
25.482 move 412 884
25.49 move 400 888
25.499 move 387 893
25.507 move 374 898
25.515 move 361 903
25.522 move 349 907
25.53 move 336 911
25.538 move 325 913
25.546 move 313 915
25.554 move 302 916
25.562 move 291 917
25.57 move 281 917
25.578 move 270 918
25.586 move 260 919
25.594 move 251 919
25.603 move 244 920
25.61 move 236 920
25.619 move 230 920
25.627 move 224 920
25.635 move 218 920
25.643 move 213 920
25.651 move 210 920
25.659 move 207 920
25.667 move 203 920
25.675 move 201 920
25.683 move 198 920
25.691 move 196 920
25.699 move 194 920
25.707 move 193 920
25.714 move 191 920
25.73 move 190 920
25.746 move 189 920
26.563 click 0.47927463 1.4354838
28.594 enter
29.554 select is 1
29.558 start 4.0 1.0
29.56 move 868 852
31.162 move 867 852
31.17 move 865 852
31.178 move 861 852
31.186 move 856 852
31.194 move 850 852
31.202 move 842 853
31.21 move 835 854
31.219 move 829 855
31.226 move 822 857
31.234 move 817 858
31.242 move 812 860
31.25 move 807 861
31.258 move 802 861
31.267 move 797 861
31.274 move 791 861
31.282 move 785 861
31.29 move 778 861
31.298 move 771 861
31.307 move 762 861
31.315 move 754 861
31.324 move 745 861
31.33 move 735 861
31.339 move 726 861
31.347 move 717 861
31.356 move 708 861
31.363 move 700 861
31.371 move 692 861
31.379 move 685 861
31.387 move 677 861
31.395 move 670 861
31.403 move 664 861
31.41 move 659 861
31.419 move 654 861
31.426 move 650 861
31.434 move 646 861
31.442 move 643 861
31.45 move 640 861
31.458 move 637 861
31.466 move 635 861
31.474 move 633 861
31.482 move 632 861
31.49 move 631 861
31.498 move 630 861
31.98 move 629 861
31.987 move 628 861
31.995 move 625 861
32.003 move 621 861
32.011 move 613 861
32.019 move 602 861
32.026 move 589 861
32.034 move 574 861
32.042 move 557 861
32.05 move 541 861
32.058 move 524 862
32.066 move 507 863
32.074 move 491 864
32.082 move 476 865
32.09 move 463 866
32.098 move 451 866
32.107 move 439 867
32.115 move 428 869
32.122 move 418 870
32.13 move 408 871
32.139 move 398 871
32.146 move 388 871
32.154 move 379 871
32.162 move 371 871
32.17 move 362 871
32.178 move 354 871
32.187 move 347 871
32.194 move 341 871
32.202 move 334 872
32.211 move 328 872
32.218 move 323 872
32.226 move 318 872
32.234 move 313 872
32.242 move 309 872
32.25 move 305 872
32.258 move 301 872
32.266 move 298 872
32.274 move 295 872
32.282 move 291 872
32.29 move 289 872
32.298 move 286 872
32.306 move 283 872
32.314 move 281 872
32.322 move 279 872
32.33 move 277 872
32.339 move 276 872
32.346 move 275 872
32.356 move 273 872
32.37 move 272 872
32.378 move 271 872
34.242 click 0.9041451 1.1258065
35.867 enter
37.115 select a 1
37.118 start 4.0 1.0
37.121 move 868 852
41.698 click 3.9974093 0.9967742
42.898 move 866 852
42.906 move 864 852
42.914 move 861 852
42.922 move 857 852
42.931 move 853 853
42.939 move 850 853
42.946 move 847 853
42.955 move 844 854
42.962 move 842 854
42.97 move 839 854
42.978 move 836 855
42.986 move 833 855
42.994 move 831 856
43.002 move 828 857
43.01 move 824 858
43.019 move 820 859
43.027 move 816 860
43.034 move 812 860
43.043 move 807 860
43.051 move 803 860
43.059 move 799 860
43.067 move 795 860
43.074 move 792 860
43.083 move 789 860
43.091 move 786 860
43.099 move 783 860
43.107 move 781 860
43.115 move 779 860
43.122 move 776 860
43.131 move 774 860
43.138 move 771 860
43.146 move 768 860
43.154 move 765 860
43.162 move 763 860
43.17 move 760 860
43.178 move 757 860
43.186 move 755 860
43.194 move 753 861
43.202 move 751 862
43.21 move 748 862
43.219 move 746 863
43.226 move 745 864
43.235 move 743 864
43.243 move 741 864
43.251 move 740 865
43.258 move 738 865
43.267 move 736 865
43.275 move 735 865
43.283 move 733 865
43.291 move 731 865
43.298 move 729 865
43.307 move 727 865
43.315 move 725 865
43.322 move 723 865
43.33 move 721 865
43.339 move 719 865
43.346 move 717 865
43.355 move 715 865
43.362 move 714 865
43.37 move 712 865
43.378 move 711 865
43.386 move 710 865
43.547 move 709 865
44.339 click 3.1735752 1.0806452
45.37 click 3.1735752 1.0806452
46.058 move 710 865
46.066 move 712 865
46.074 move 715 865
46.082 move 718 865
46.09 move 721 865
46.098 move 724 865
46.106 move 727 865
46.114 move 730 865
46.123 move 733 865
46.13 move 737 865
46.138 move 741 865
46.146 move 745 865
46.154 move 750 865
46.162 move 755 865
46.17 move 761 865
46.178 move 767 865
46.186 move 772 865
46.194 move 778 865
46.202 move 784 863
46.21 move 789 862
46.218 move 795 861
46.227 move 800 859
46.235 move 805 858
46.243 move 810 857
46.251 move 815 855
46.259 move 819 854
46.267 move 823 852
46.274 move 827 851
46.282 move 832 849
46.29 move 837 847
46.298 move 841 846
46.306 move 846 845
46.314 move 851 844
46.322 move 856 843
46.331 move 860 843
46.339 move 865 842
46.347 move 869 842
46.355 move 874 841
46.363 move 878 841
46.371 move 881 841
46.379 move 884 841
46.387 move 888 841
46.395 move 890 841
46.403 move 893 841
46.411 move 895 841
46.419 move 897 841
46.426 move 899 841
46.434 move 901 841
46.442 move 903 841
46.45 move 904 841
46.458 move 906 841
46.474 move 907 841
46.49 move 908 841
46.546 move 908 842
46.562 move 907 842
46.57 move 906 842
46.578 move 904 842
46.586 move 902 842
46.594 move 900 842
46.602 move 898 842
46.61 move 896 842
46.618 move 895 843
46.626 move 894 843
46.634 move 893 843
46.642 move 892 843
46.659 move 891 843
47.538 click 4.1165805 0.93870974
50.65 enter
52.002 select very 1
52.006 start 4.0 1.0
52.009 move 868 852
53.291 move 869 851
53.298 move 871 850
53.307 move 875 848
53.315 move 880 847
53.323 move 885 846
53.331 move 890 845
53.339 move 895 845
53.346 move 900 845
53.355 move 905 845
53.363 move 910 845
53.37 move 915 845
53.378 move 919 845
53.386 move 924 845
53.395 move 928 845
53.402 move 932 844
53.41 move 937 842
53.419 move 943 840
53.426 move 948 837
53.435 move 954 833
53.442 move 961 829
53.45 move 967 824
53.458 move 973 821
53.466 move 980 818
53.474 move 986 816
53.482 move 992 814
53.49 move 998 814
53.498 move 1003 814
53.506 move 1009 814
53.514 move 1014 814
53.522 move 1020 814
53.53 move 1027 814
53.538 move 1035 814
53.546 move 1042 814
53.554 move 1051 814
53.562 move 1060 814
53.57 move 1069 814
53.578 move 1079 814
53.586 move 1088 814
53.594 move 1099 814
53.602 move 1108 814
53.61 move 1119 814
53.618 move 1128 814
53.626 move 1139 814
53.635 move 1150 814
53.643 move 1161 814
53.651 move 1172 814
53.659 move 1184 814
53.667 move 1195 814
53.674 move 1207 814
53.683 move 1217 814
53.691 move 1228 814
53.699 move 1238 814
53.707 move 1247 814
53.715 move 1256 814
53.723 move 1264 814
53.732 move 1272 814
53.739 move 1279 814
53.747 move 1285 814
53.754 move 1291 814
53.763 move 1297 814
53.771 move 1302 814
53.779 move 1308 814
53.787 move 1312 814
53.794 move 1315 814
53.803 move 1319 814
53.81 move 1323 814
53.818 move 1326 814
53.826 move 1329 814
53.834 move 1332 814
53.842 move 1334 814
53.85 move 1337 814
53.858 move 1339 814
53.866 move 1341 814
53.874 move 1342 814
53.882 move 1344 814
53.89 move 1345 814
53.898 move 1346 814
53.922 move 1347 814
54.083 move 1346 814
54.091 move 1344 814
54.098 move 1341 814
54.106 move 1338 814
54.115 move 1335 814
54.123 move 1331 814
54.131 move 1327 814
54.139 move 1324 814
54.146 move 1320 814
54.154 move 1317 814
54.162 move 1314 814
54.17 move 1312 814
54.179 move 1309 814
54.187 move 1307 814
54.195 move 1305 814
54.203 move 1303 814
54.211 move 1302 814
54.219 move 1301 814
54.227 move 1300 814
54.234 move 1299 814
54.25 move 1298 814
54.339 move 1299 814
54.346 move 1302 814
54.355 move 1306 814
54.362 move 1313 814
54.37 move 1323 814
54.378 move 1336 814
54.386 move 1350 815
54.394 move 1365 816
54.402 move 1381 817
54.41 move 1396 819
54.418 move 1410 820
54.426 move 1421 821
54.435 move 1432 822
54.442 move 1443 823
54.45 move 1452 823
54.458 move 1461 823
54.466 move 1468 823
54.474 move 1476 823
54.482 move 1484 823
54.49 move 1492 823
54.498 move 1501 823
54.506 move 1510 823
54.514 move 1519 823
54.522 move 1527 823
54.531 move 1536 823
54.539 move 1544 823
54.547 move 1551 823
54.554 move 1558 823
54.563 move 1564 823
54.571 move 1570 823
54.578 move 1575 823
54.587 move 1580 823
54.595 move 1585 823
54.603 move 1588 823
54.61 move 1592 823
54.618 move 1595 823
54.626 move 1599 823
54.634 move 1601 823
54.642 move 1604 823
54.65 move 1606 822
54.658 move 1608 822
54.666 move 1610 822
54.674 move 1611 822
54.682 move 1612 822
54.69 move 1613 822
54.699 move 1614 822
54.706 move 1615 822
56.73 click 7.867876 0.80322576
57.978 move 1614 822
57.986 move 1611 822
57.994 move 1606 822
58.002 move 1598 822
58.01 move 1588 822
58.018 move 1578 822
58.027 move 1567 822
58.035 move 1557 822
58.044 move 1546 823
58.05 move 1535 824
58.059 move 1525 826
58.066 move 1514 828
58.074 move 1505 830
58.082 move 1495 832
58.09 move 1485 834
58.098 move 1475 836
58.106 move 1464 836
58.114 move 1453 837
58.122 move 1441 838
58.13 move 1427 838
58.139 move 1414 838
58.147 move 1399 838
58.154 move 1384 838
58.162 move 1369 839
58.17 move 1353 839
58.178 move 1339 839
58.186 move 1324 840
58.194 move 1309 840
58.202 move 1296 841
58.21 move 1284 842
58.218 move 1272 843
58.226 move 1261 844
58.235 move 1250 844
58.243 move 1239 845
58.25 move 1229 845
58.258 move 1220 845
58.266 move 1212 846
58.274 move 1204 846
58.282 move 1197 846
58.29 move 1191 846
58.298 move 1184 846
58.306 move 1178 846
58.315 move 1174 846
58.322 move 1169 846
58.33 move 1166 846
58.338 move 1163 846
58.346 move 1160 846
58.355 move 1158 846
58.362 move 1156 846
58.37 move 1154 846
58.378 move 1152 846
58.386 move 1151 846
58.394 move 1150 846
58.402 move 1149 846
58.418 move 1148 846
58.802 move 1147 846
58.811 move 1146 846
58.818 move 1144 846
58.826 move 1141 846
58.835 move 1137 846
58.843 move 1131 846
58.851 move 1124 846
58.858 move 1116 846
58.866 move 1107 846
58.874 move 1097 847
58.882 move 1087 847
58.89 move 1077 847
58.898 move 1067 847
58.906 move 1056 847
58.914 move 1046 847
58.922 move 1036 847
58.93 move 1026 847
58.939 move 1017 847
58.946 move 1009 847
58.954 move 1000 848
58.962 move 993 848
58.97 move 986 848
58.978 move 979 848
58.986 move 973 848
58.994 move 967 848
59.002 move 961 848
59.01 move 956 848
59.018 move 950 848
59.027 move 946 848
59.034 move 942 848
59.043 move 939 848
59.051 move 935 848
59.059 move 932 848
59.067 move 929 848
59.075 move 926 848
59.082 move 923 848
59.091 move 921 848
59.099 move 919 848
59.107 move 918 848
59.115 move 916 848
59.123 move 915 848
59.131 move 914 848
59.147 move 913 848
59.554 move 912 848
59.562 move 910 848
59.57 move 907 848
59.578 move 902 848
59.586 move 893 848
59.594 move 882 849
59.602 move 868 849
59.61 move 851 849
59.618 move 830 850
59.626 move 810 852
59.634 move 787 854
59.642 move 765 857
59.651 move 743 861
59.658 move 721 865
59.666 move 699 869
59.674 move 679 873
59.682 move 661 875
59.69 move 643 877
59.698 move 626 879
59.706 move 609 881
59.714 move 594 882
59.722 move 578 883
59.731 move 563 884
59.739 move 549 884
59.747 move 535 884
59.754 move 521 885
59.762 move 508 885
59.77 move 496 885
59.779 move 483 885
59.787 move 471 885
59.795 move 460 885
59.803 move 448 885
59.811 move 437 885
59.818 move 426 885
59.826 move 417 886
59.834 move 407 886
59.842 move 399 886
59.85 move 392 886
59.858 move 384 886
59.866 move 377 886
59.874 move 371 886
59.882 move 364 886
59.89 move 359 886
59.898 move 353 886
59.906 move 348 886
59.914 move 344 886
59.922 move 340 886
59.93 move 337 886
59.938 move 333 886
59.946 move 331 886
59.954 move 328 886
59.962 move 325 886
59.97 move 323 886
59.978 move 321 886
59.986 move 320 886
59.994 move 318 886
60.002 move 317 886
60.011 move 316 886
60.034 move 315 886
60.602 move 317 886
60.61 move 321 886
60.618 move 325 886
60.626 move 330 886
60.634 move 338 886
60.642 move 345 886
60.65 move 354 887
60.659 move 362 888
60.667 move 370 889
60.675 move 377 890
60.683 move 382 891
60.691 move 386 891
60.699 move 389 891
60.707 move 392 891
60.715 move 394 891
60.723 move 396 891
60.731 move 399 891
60.739 move 401 891
60.747 move 403 891
60.754 move 406 891
60.762 move 408 891
60.77 move 411 891
60.778 move 414 891
60.786 move 417 891
60.794 move 421 891
60.802 move 424 891
60.81 move 428 891
60.818 move 432 891
60.826 move 437 891
60.834 move 441 889
60.842 move 446 888
60.85 move 451 887
60.858 move 456 886
60.866 move 459 885
60.874 move 463 884
60.882 move 465 884
60.89 move 468 884
60.898 move 470 884
60.906 move 471 884
60.914 move 473 884
60.922 move 474 884
60.93 move 475 884
60.947 move 476 884
61.81 click 1.9663212 1.2032259
63.282 click 1.9663212 1.2032259
65.274 enter
66.49 nextPage
68.61 select odd 6
68.614 start 4.0 1.0
68.617 move 868 852
70.762 move 866 852
70.77 move 862 852
70.779 move 858 852
70.787 move 852 852
70.796 move 846 852
70.803 move 841 852
70.811 move 835 852
70.819 move 830 852
70.827 move 825 852
70.835 move 820 852
70.843 move 815 852
70.851 move 810 853
70.859 move 803 853
70.866 move 796 853
70.874 move 788 853
70.882 move 779 853
70.89 move 769 854
70.898 move 759 854
70.906 move 749 854
70.914 move 738 855
70.922 move 728 855
70.93 move 718 855
70.938 move 709 855
70.946 move 700 855
70.955 move 691 855
70.962 move 683 855
70.97 move 674 855
70.978 move 665 855
70.986 move 656 855
70.994 move 646 856
71.002 move 636 857
71.011 move 625 859
71.018 move 613 861
71.027 move 602 864
71.034 move 590 867
71.042 move 577 871
71.051 move 565 875
71.059 move 553 880
71.066 move 541 884
71.075 move 530 889
71.083 move 521 893
71.091 move 513 897
71.098 move 505 901
71.106 move 498 904
71.115 move 493 908
71.123 move 488 910
71.131 move 484 913
71.139 move 481 915
71.147 move 477 916
71.154 move 475 918
71.162 move 472 919
71.17 move 470 920
71.178 move 468 921
71.186 move 467 922
71.194 move 466 922
71.202 move 465 923
71.21 move 464 923
71.218 move 463 923
71.779 move 461 923
71.787 move 459 923
71.794 move 455 923
71.803 move 450 923
71.81 move 440 923
71.819 move 428 923
71.827 move 416 923
71.835 move 404 923
71.843 move 392 923
71.851 move 381 923
71.859 move 369 923
71.866 move 360 923
71.874 move 351 923
71.882 move 342 922
71.89 move 334 920
71.898 move 325 917
71.906 move 316 913
71.914 move 307 910
71.922 move 297 908
71.93 move 288 906
71.939 move 278 904
71.946 move 268 904
71.955 move 260 904
71.963 move 251 904
71.97 move 244 904
71.978 move 237 905
71.986 move 231 906
71.994 move 225 907
72.002 move 221 908
72.01 move 218 909
72.018 move 215 910
72.026 move 213 911
72.034 move 212 911
72.043 move 211 911
73.156 click 0.5932642 1.3774194
73.914 move 213 911
73.922 move 217 911
73.93 move 222 911
73.938 move 229 911
73.946 move 237 911
73.955 move 245 911
73.962 move 253 911
73.97 move 260 911
73.978 move 267 911
73.986 move 272 911
73.994 move 277 911
74.003 move 282 911
74.01 move 287 910
74.018 move 292 908
74.027 move 298 906
74.034 move 304 902
74.042 move 310 900
74.05 move 318 896
74.058 move 325 893
74.066 move 333 890
74.074 move 341 886
74.082 move 349 884
74.09 move 356 881
74.098 move 363 878
74.106 move 369 876
74.114 move 375 873
74.122 move 382 870
74.13 move 389 867
74.139 move 396 863
74.147 move 404 859
74.154 move 411 856
74.162 move 430 849
74.17 move 438 847
74.178 move 445 846
74.186 move 452 846
74.194 move 458 846
74.203 move 465 846
74.211 move 472 846
74.219 move 478 846
74.227 move 484 846
74.235 move 491 846
74.243 move 498 847
74.251 move 504 847
74.259 move 509 848
74.266 move 515 848
74.274 move 521 848
74.282 move 526 849
74.29 move 532 849
74.298 move 537 849
74.306 move 541 849
74.314 move 545 849
74.322 move 548 849
74.33 move 551 849
74.339 move 554 849
74.346 move 556 849
74.356 move 559 849
74.362 move 561 849
74.37 move 563 849
74.378 move 565 849
74.386 move 566 849
74.394 move 567 849
74.402 move 568 849
74.41 move 569 849
74.938 move 570 849
74.956 move 572 849
74.963 move 576 849
74.97 move 583 849
74.978 move 594 849
74.986 move 606 849
74.994 move 617 849
75.002 move 628 849
75.01 move 638 849
75.018 move 647 851
75.026 move 655 853
75.034 move 662 856
75.042 move 668 858
75.05 move 674 859
75.058 move 682 861
75.066 move 691 863
75.075 move 701 863
75.083 move 712 864
75.09 move 722 864
75.098 move 734 864
75.106 move 746 864
75.115 move 758 864
75.123 move 771 864
75.131 move 786 864
75.139 move 799 862
75.147 move 813 861
75.154 move 827 859
75.162 move 841 857
75.17 move 854 855
75.178 move 867 854
75.186 move 878 852
75.194 move 889 852
75.202 move 900 851
75.21 move 911 851
75.218 move 921 851
75.226 move 932 850
75.234 move 942 850
75.242 move 951 850
75.25 move 959 850
75.259 move 966 850
75.266 move 974 850
75.274 move 981 850
75.282 move 987 850
75.29 move 993 850
75.298 move 999 850
75.306 move 1003 850
75.314 move 1007 850
75.322 move 1011 850
75.33 move 1014 850
75.339 move 1018 850
75.346 move 1021 850
75.355 move 1024 850
75.363 move 1026 850
75.371 move 1028 850
75.379 move 1030 850
75.387 move 1032 850
75.395 move 1033 850
75.403 move 1034 850
75.411 move 1035 850
75.419 move 1036 850
75.826 move 1037 850
75.85 move 1038 850
75.858 move 1039 850
75.866 move 1040 850
75.874 move 1042 850
75.882 move 1045 850
75.891 move 1048 850
75.899 move 1051 850
75.907 move 1055 850
75.915 move 1060 850
75.923 move 1066 850
75.931 move 1073 850
75.939 move 1080 850
75.947 move 1089 850
75.955 move 1099 849
75.962 move 1109 849
75.97 move 1119 849
75.978 move 1128 849
75.986 move 1138 849
75.994 move 1146 849
76.002 move 1155 849
76.01 move 1162 849
76.018 move 1169 849
76.026 move 1175 849
76.034 move 1181 848
76.042 move 1187 848
76.05 move 1192 848
76.059 move 1197 848
76.067 move 1201 848
76.074 move 1205 848
76.083 move 1209 848
76.09 move 1212 848
76.098 move 1216 848
76.106 move 1219 848
76.114 move 1221 848
76.122 move 1224 848
76.13 move 1226 848
76.139 move 1228 848
76.146 move 1230 848
76.155 move 1231 848
76.163 move 1232 848
76.17 move 1233 848
76.179 move 1234 848
77.195 click 5.8937826 0.97096777
77.954 move 1233 848
77.963 move 1229 848
77.971 move 1225 848
77.978 move 1218 848
77.986 move 1212 848
77.994 move 1204 850
78.002 move 1195 852
78.01 move 1187 854
78.018 move 1178 856
78.027 move 1170 857
78.034 move 1161 858
78.042 move 1150 859
78.05 move 1139 859
78.058 move 1128 860
78.066 move 1114 861
78.074 move 1100 862
78.082 move 1085 863
78.09 move 1071 865
78.098 move 1057 867
78.106 move 1045 869
78.115 move 1032 871
78.123 move 1021 872
78.131 move 1009 872
78.138 move 998 872
78.147 move 986 872
78.154 move 974 872
78.162 move 960 872
78.17 move 947 872
78.178 move 933 873
78.186 move 918 873
78.194 move 905 873
78.202 move 892 874
78.21 move 881 874
78.219 move 870 874
78.226 move 860 874
78.234 move 852 874
78.242 move 845 875
78.25 move 839 875
78.259 move 834 875
78.266 move 829 875
78.274 move 824 875
78.282 move 819 875
78.29 move 815 875
78.298 move 811 875
78.306 move 808 875
78.314 move 805 875
78.322 move 802 875
78.33 move 799 875
78.339 move 796 875
78.346 move 794 875
78.355 move 793 875
78.363 move 791 875
78.371 move 790 875
78.378 move 789 875
78.394 move 788 875
78.842 move 787 875
78.85 move 785 875
78.859 move 782 875
78.867 move 777 875
78.874 move 770 875
78.882 move 762 875
78.89 move 754 875
78.898 move 745 875
78.906 move 737 875
78.914 move 732 875
78.922 move 726 875
78.93 move 722 875
78.938 move 718 875
78.946 move 714 875
78.954 move 710 875
78.963 move 706 875
78.97 move 701 875
78.978 move 696 874
78.986 move 690 873
78.995 move 685 873
79.002 move 679 873
79.01 move 674 873
79.018 move 669 873
79.027 move 665 873
79.034 move 662 873
79.042 move 658 873
79.05 move 656 873
79.058 move 654 873
79.066 move 652 873
79.074 move 651 873
79.082 move 650 873
79.09 move 649 873
80.058 click 2.8626943 1.132258
80.97 move 648 873
80.979 move 646 873
80.987 move 642 874
80.995 move 636 875
81.003 move 629 877
81.011 move 621 879
81.019 move 612 881
81.027 move 603 883
81.035 move 594 884
81.043 move 584 886
81.051 move 574 887
81.059 move 564 889
81.066 move 554 891
81.074 move 542 892
81.082 move 530 892
81.09 move 518 893
81.098 move 504 893
81.106 move 488 893
81.114 move 471 893
81.122 move 454 893
81.13 move 435 894
81.138 move 417 894
81.146 move 400 894
81.154 move 383 895
81.163 move 368 895
81.17 move 354 896
81.178 move 341 896
81.186 move 330 897
81.194 move 319 897
81.202 move 309 898
81.21 move 300 898
81.218 move 291 898
81.226 move 283 898
81.234 move 276 898
81.242 move 269 898
81.25 move 262 898
81.258 move 257 898
81.266 move 250 898
81.274 move 245 898
81.283 move 240 898
81.29 move 236 898
81.298 move 232 898
81.306 move 229 898
81.314 move 225 898
81.323 move 222 899
81.33 move 219 899
81.338 move 216 899
81.346 move 214 899
81.354 move 212 899
81.363 move 210 899
81.37 move 209 899
81.378 move 208 899
81.394 move 207 899
82.33 click 0.57253885 1.3
82.986 move 208 899
82.994 move 210 899
83.002 move 214 898
83.01 move 219 898
83.018 move 224 898
83.026 move 232 897
83.034 move 241 897
83.042 move 249 896
83.05 move 259 896
83.058 move 270 896
83.066 move 281 896
83.074 move 291 896
83.083 move 304 895
83.09 move 317 895
83.098 move 332 894
83.106 move 348 892
83.114 move 363 890
83.122 move 379 886
83.13 move 396 881
83.14 move 415 877
83.146 move 431 872
83.154 move 448 867
83.162 move 466 862
83.171 move 483 857
83.178 move 501 853
83.186 move 518 849
83.194 move 534 847
83.202 move 550 844
83.21 move 565 843
83.218 move 579 843
83.226 move 592 842
83.234 move 605 842
83.242 move 617 842
83.25 move 629 842
83.258 move 641 842
83.267 move 652 842
83.275 move 664 842
83.282 move 674 842
83.29 move 684 842
83.298 move 694 841
83.306 move 703 841
83.314 move 712 841
83.322 move 720 841
83.33 move 727 841
83.338 move 734 841
83.346 move 739 841
83.355 move 745 841
83.362 move 750 841
83.37 move 756 841
83.378 move 760 841
83.386 move 763 841
83.394 move 767 841
83.402 move 770 841
83.41 move 772 841
83.419 move 774 841
83.426 move 776 841
83.434 move 778 841
83.442 move 779 841
83.451 move 780 841
83.458 move 781 841
83.474 move 782 841
84.602 click 3.5518136 0.9258064
85.067 move 783 841
85.075 move 785 840
85.082 move 788 840
85.09 move 791 840
85.098 move 796 839
85.106 move 801 839
85.114 move 807 838
85.122 move 812 838
85.13 move 817 838
85.139 move 822 838
85.146 move 826 838
85.154 move 831 837
85.162 move 835 836
85.17 move 841 835
85.178 move 847 832
85.186 move 854 830
85.194 move 862 827
85.202 move 871 824
85.211 move 880 821
85.219 move 889 819
85.227 move 899 816
85.235 move 909 814
85.243 move 919 812
85.251 move 930 811
85.259 move 941 809
85.267 move 951 808
85.274 move 962 806
85.282 move 973 805
85.29 move 983 803
85.298 move 995 802
85.306 move 1006 800
85.314 move 1017 798
85.323 move 1028 797
85.33 move 1039 796
85.338 move 1050 795
85.346 move 1061 794
85.355 move 1073 792
85.362 move 1083 791
85.37 move 1094 789
85.378 move 1106 787
85.386 move 1117 784
85.394 move 1128 781
85.402 move 1139 780
85.41 move 1150 778
85.418 move 1160 776
85.426 move 1170 776
85.434 move 1179 774
85.442 move 1188 773
85.45 move 1196 773
85.458 move 1204 773
85.468 move 1211 773
85.475 move 1218 773
85.483 move 1224 773
85.491 move 1230 773
85.499 move 1235 773
85.507 move 1240 773
85.515 move 1245 773
85.523 move 1248 773
85.53 move 1253 773
85.539 move 1256 773
85.546 move 1259 773
85.555 move 1262 773
85.563 move 1265 773
85.57 move 1268 773
85.579 move 1270 773
85.586 move 1272 773
85.594 move 1274 773
85.602 move 1275 773
85.61 move 1277 773
85.618 move 1278 773
85.634 move 1279 773
86.594 click 6.126943 0.4870968
87.93 move 1280 773
87.938 move 1281 772
87.946 move 1287 771
87.954 move 1297 768
87.962 move 1309 764
87.971 move 1325 759
87.979 move 1340 755
87.986 move 1354 751
87.995 move 1368 748
88.002 move 1381 747
88.011 move 1393 747
88.018 move 1405 747
88.026 move 1416 746
88.034 move 1427 746
88.043 move 1439 745
88.05 move 1452 745
88.059 move 1467 744
88.067 move 1482 744
88.075 move 1499 743
88.083 move 1517 742
88.091 move 1535 741
88.099 move 1553 740
88.106 move 1569 738
88.115 move 1585 738
88.123 move 1598 737
88.131 move 1611 737
88.139 move 1623 737
88.147 move 1634 737
88.155 move 1645 736
88.163 move 1656 736
88.17 move 1666 736
88.179 move 1677 736
88.186 move 1686 736
88.194 move 1694 736
88.202 move 1702 735
88.211 move 1709 735
88.219 move 1715 735
88.227 move 1722 735
88.235 move 1727 735
88.243 move 1732 735
88.251 move 1736 735
88.259 move 1740 735
88.267 move 1743 735
88.275 move 1746 735
88.282 move 1749 735
88.29 move 1752 735
88.298 move 1754 735
88.306 move 1756 735
88.314 move 1757 735
88.322 move 1759 735
88.33 move 1760 735
88.346 move 1761 735
89.274 click 8.624352 0.24193549
90.139 move 1760 735
90.146 move 1757 735
90.154 move 1751 735
90.162 move 1742 735
90.17 move 1731 735
90.178 move 1721 737
90.186 move 1711 739
90.194 move 1703 741
90.202 move 1697 745
90.21 move 1691 748
90.218 move 1685 752
90.226 move 1679 756
90.234 move 1672 760
90.242 move 1665 765
90.251 move 1656 770
90.258 move 1649 773
90.266 move 1641 776
90.275 move 1634 779
90.282 move 1627 780
90.29 move 1622 780
90.298 move 1618 780
90.306 move 1613 780
90.315 move 1610 780
90.322 move 1606 780
90.33 move 1603 780
90.339 move 1598 778
90.346 move 1592 774
90.355 move 1586 770
90.362 move 1578 763
90.371 move 1569 755
90.379 move 1561 748
90.387 move 1552 742
90.394 move 1545 737
90.402 move 1540 735
90.41 move 1537 734
90.418 move 1534 734
90.427 move 1532 735
90.435 move 1530 737
90.442 move 1529 739
90.45 move 1528 742
90.459 move 1527 746
90.467 move 1525 751
90.475 move 1523 757
90.482 move 1521 761
90.49 move 1518 765
90.498 move 1516 768
90.506 move 1513 771
90.514 move 1512 772
90.522 move 1509 774
90.53 move 1508 775
90.538 move 1506 776
90.546 move 1505 777
90.554 move 1504 778
90.57 move 1503 779
91.57 click 7.2875648 0.5258064
93.122 enter
94.027 select question 1
94.031 start 4.0 1.0
94.034 move 868 852
98.075 move 868 853
98.098 move 869 854
98.114 move 870 854
98.122 move 871 854
98.13 move 871 853
98.146 move 871 852
