0.0 session 1
0.004 phrase learn to walk before you run
4.403 start 4.0 1.0
4.406 move 869 852
4.411 move 870 852
4.419 move 872 852
4.428 move 874 852
4.436 move 876 852
4.444 move 877 852
4.452 move 878 852
4.468 move 879 852
4.484 move 880 852
4.492 move 882 852
4.5 move 884 852
4.508 move 886 852
4.516 move 889 852
4.524 move 891 852
4.532 move 894 852
4.54 move 897 852
4.548 move 900 852
4.556 move 903 852
4.564 move 906 852
4.572 move 910 852
4.58 move 914 852
4.588 move 918 852
4.597 move 921 852
4.604 move 925 852
4.612 move 930 852
4.62 move 935 852
4.628 move 941 852
4.636 move 946 852
4.644 move 953 852
4.652 move 960 852
4.66 move 968 852
4.668 move 975 852
4.676 move 984 852
4.684 move 992 852
4.692 move 1000 852
4.7 move 1008 852
4.708 move 1017 852
4.716 move 1024 852
4.724 move 1032 852
4.732 move 1039 852
4.74 move 1046 852
4.748 move 1053 852
4.756 move 1060 852
4.764 move 1067 852
4.772 move 1075 852
4.78 move 1083 852
4.788 move 1092 852
4.796 move 1100 852
4.804 move 1108 852
4.812 move 1115 852
4.82 move 1123 852
4.828 move 1130 852
4.836 move 1138 852
4.844 move 1144 852
4.852 move 1151 852
4.86 move 1158 852
4.868 move 1164 852
4.876 move 1170 852
4.884 move 1176 852
4.892 move 1182 852
4.9 move 1187 852
4.908 move 1193 852
4.916 move 1199 852
4.924 move 1204 852
4.932 move 1211 852
4.94 move 1216 852
4.948 move 1220 852
4.956 move 1224 852
4.964 move 1227 852
4.971 move 1229 852
4.98 move 1231 852
4.987 move 1232 852
4.995 move 1233 852
5.012 move 1234 852
5.932 click 5.8937826 0.9967742
6.627 move 1233 852
6.635 move 1230 852
6.643 move 1227 852
6.651 move 1224 852
6.659 move 1221 852
6.667 move 1218 852
6.675 move 1215 852
6.683 move 1213 852
6.691 move 1212 852
6.699 move 1211 852
6.739 move 1210 851
6.747 move 1209 850
6.755 move 1208 848
6.763 move 1206 846
6.771 move 1205 844
6.779 move 1204 842
6.787 move 1203 840
6.795 move 1203 839
6.803 move 1202 837
6.811 move 1201 836
6.819 move 1200 834
6.827 move 1199 832
6.835 move 1198 830
6.843 move 1196 828
6.851 move 1194 825
6.859 move 1193 823
6.867 move 1191 821
6.875 move 1189 818
6.883 move 1187 815
6.892 move 1186 812
6.899 move 1183 809
6.907 move 1181 806
6.915 move 1179 802
6.923 move 1176 799
6.931 move 1173 795
6.939 move 1171 792
6.947 move 1168 789
6.955 move 1165 787
6.963 move 1163 784
6.971 move 1161 783
6.979 move 1158 781
6.987 move 1156 780
6.995 move 1154 778
7.003 move 1152 777
7.011 move 1150 776
7.019 move 1149 775
7.027 move 1147 773
7.035 move 1146 771
7.043 move 1145 769
7.051 move 1144 767
7.059 move 1143 765
7.067 move 1142 763
7.075 move 1141 761
7.083 move 1140 759
7.091 move 1139 757
7.099 move 1138 755
7.107 move 1137 753
7.115 move 1137 751
7.123 move 1136 749
7.131 move 1136 747
7.139 move 1135 745
7.147 move 1135 743
7.155 move 1135 742
7.163 move 1134 741
7.171 move 1134 740
7.891 click 5.3756475 0.27419353
8.587 move 1133 740
8.595 move 1131 741
8.603 move 1129 744
8.611 move 1124 749
8.619 move 1119 754
8.627 move 1113 760
8.635 move 1108 766
8.643 move 1103 772
8.652 move 1098 776
8.66 move 1094 780
8.668 move 1090 783
8.676 move 1085 786
8.684 move 1082 788
8.692 move 1077 791
8.7 move 1073 794
8.708 move 1068 796
8.716 move 1063 800
8.724 move 1058 802
8.732 move 1053 805
8.74 move 1049 808
8.748 move 1044 810
8.756 move 1039 813
8.764 move 1036 815
8.772 move 1033 816
8.78 move 1031 818
8.788 move 1028 819
8.796 move 1026 820
8.804 move 1025 821
8.812 move 1023 822
8.82 move 1022 823
8.828 move 1021 824
9.491 click 4.7901554 0.8161291
10.571 move 1022 824
10.58 move 1023 824
10.587 move 1024 824
10.612 move 1025 824
11.083 move 1025 823
11.091 move 1025 821
11.099 move 1025 817
11.107 move 1024 814
11.115 move 1024 810
11.123 move 1023 806
11.131 move 1023 803
11.139 move 1023 800
11.147 move 1022 797
11.155 move 1022 795
11.163 move 1022 793
11.171 move 1022 790
11.179 move 1022 788
11.187 move 1022 785
11.195 move 1022 782
11.203 move 1022 779
11.211 move 1022 776
11.219 move 1022 773
11.227 move 1021 769
11.235 move 1021 765
11.243 move 1021 761
11.252 move 1020 756
11.259 move 1019 751
11.267 move 1018 748
11.275 move 1017 746
11.283 move 1017 743
11.291 move 1016 742
11.299 move 1015 740
11.315 move 1015 739
11.451 move 1014 739
11.476 move 1013 740
11.484 move 1012 741
11.492 move 1011 742
11.5 move 1010 744
11.508 move 1008 746
11.516 move 1007 747
11.524 move 1007 749
11.532 move 1006 750
11.54 move 1006 751
11.564 move 1006 752
11.995 click 4.7124352 0.35161293
12.675 move 1008 753
12.683 move 1011 755
12.692 move 1016 757
12.699 move 1022 760
12.707 move 1029 764
12.716 move 1036 768
12.723 move 1041 773
12.731 move 1047 777
12.74 move 1051 780
12.747 move 1055 783
12.756 move 1058 786
12.764 move 1061 788
12.772 move 1063 790
12.78 move 1067 791
12.788 move 1070 792
12.796 move 1073 794
12.804 move 1076 794
12.812 move 1079 796
12.82 move 1082 797
12.828 move 1086 798
12.836 move 1089 799
12.844 move 1092 801
12.852 move 1095 802
12.86 move 1099 804
12.868 move 1101 805
12.876 move 1104 806
12.884 move 1108 807
12.892 move 1110 809
12.9 move 1113 811
12.908 move 1116 812
12.916 move 1125 816
12.924 move 1129 818
12.932 move 1133 819
12.94 move 1137 821
12.948 move 1141 822
12.956 move 1146 823
12.964 move 1149 823
12.972 move 1153 824
12.98 move 1156 824
12.988 move 1159 824
12.996 move 1163 824
13.004 move 1166 824
13.012 move 1169 824
13.02 move 1172 824
13.028 move 1175 825
13.036 move 1178 825
13.044 move 1181 825
13.052 move 1183 825
13.06 move 1186 825
13.068 move 1188 825
13.076 move 1191 825
13.084 move 1193 825
13.092 move 1196 825
13.1 move 1199 825
13.107 move 1201 825
13.116 move 1203 825
13.124 move 1205 825
13.132 move 1208 825
13.14 move 1209 825
13.148 move 1211 825
13.156 move 1212 825
13.164 move 1213 825
13.188 move 1214 825
13.955 click 5.7901554 0.8225807
15.291 enter
16.251 select learn 1
17.747 start 4.0 1.0
17.75 click 3.9974093 0.9967742
20.347 click 3.9974093 0.9967742
22.58 enter
23.619 select to 1
25.835 start 4.0 1.0
25.838 click 3.9974093 0.9967742
28.652 move 870 852
28.659 move 873 852
28.668 move 879 852
28.676 move 887 852
28.683 move 895 855
28.692 move 903 858
28.7 move 907 861
28.707 move 910 865
28.715 move 910 868
28.723 move 909 871
28.731 move 903 875
28.739 move 897 879
28.747 move 890 883
28.755 move 883 887
28.763 move 876 890
28.771 move 871 892
28.779 move 866 895
28.787 move 859 898
28.795 move 851 901
28.803 move 843 903
28.811 move 834 906
28.819 move 827 908
28.827 move 820 908
28.835 move 813 910
28.843 move 807 910
28.851 move 801 911
28.859 move 796 912
28.867 move 791 913
28.875 move 786 914
28.883 move 783 915
28.891 move 779 916
28.899 move 776 916
28.908 move 773 917
28.915 move 770 918
28.923 move 767 918
28.931 move 765 919
28.94 move 762 919
28.947 move 760 919
28.955 move 758 919
28.963 move 756 920
28.972 move 755 920
28.979 move 753 920
28.987 move 752 920
28.995 move 750 920
29.003 move 748 920
29.011 move 746 920
29.019 move 744 920
29.027 move 742 919
29.035 move 740 919
29.043 move 738 919
29.051 move 736 919
29.059 move 735 919
29.067 move 733 919
29.075 move 731 919
29.083 move 729 918
29.091 move 728 918
29.099 move 726 917
29.107 move 725 917
29.115 move 723 917
29.124 move 722 916
29.131 move 721 915
29.139 move 720 915
29.147 move 719 914
29.155 move 718 913
29.163 move 717 913
29.171 move 716 912
29.187 move 715 911
29.7 click 3.2046633 1.3774194
31.052 click 3.2046633 1.3774194
32.019 move 717 911
32.027 move 721 911
32.035 move 728 911
32.043 move 738 911
32.051 move 749 911
32.059 move 762 911
32.067 move 774 911
32.075 move 786 911
32.083 move 796 911
32.091 move 806 912
32.099 move 813 912
32.107 move 820 912
32.115 move 825 913
32.123 move 830 913
32.131 move 836 913
32.139 move 840 913
32.147 move 846 913
32.155 move 851 913
32.163 move 855 913
32.171 move 860 913
32.179 move 864 913
32.187 move 868 913
32.195 move 872 913
32.203 move 875 913
32.211 move 877 913
32.219 move 880 913
32.227 move 882 913
32.235 move 884 913
32.243 move 886 913
32.252 move 887 913
32.26 move 888 913
32.268 move 889 913
32.276 move 890 913
32.899 click 4.111399 1.3903226
33.78 enter
35.348 right
36.027 right
37.059 select walk 5
39.284 start 4.0 1.0
39.287 move 869 854
39.292 move 871 858
39.3 move 873 864
39.308 move 876 870
39.316 move 879 876
39.324 move 881 879
39.332 move 883 882
39.34 move 884 883
39.348 move 885 884
39.356 move 886 884
39.364 move 886 885
39.372 move 887 886
39.38 move 888 887
39.388 move 889 890
39.396 move 890 892
39.404 move 891 894
39.412 move 893 897
39.42 move 893 899
39.428 move 894 901
39.436 move 895 903
39.444 move 896 904
39.452 move 897 905
39.46 move 897 906
39.468 move 898 907
39.475 move 899 908
39.484 move 900 908
39.491 move 901 908
39.5 move 903 908
39.507 move 904 908
39.516 move 905 908
39.524 move 907 908
39.532 move 908 908
39.54 move 909 908
39.548 move 910 908
39.556 move 911 908
39.572 move 912 908
40.107 move 912 909
40.115 move 912 911
40.123 move 912 916
40.131 move 912 922
40.139 move 912 932
40.147 move 911 942
40.155 move 911 952
40.163 move 910 961
40.171 move 909 970
40.179 move 908 977
40.187 move 908 984
40.195 move 907 989
40.203 move 907 996
40.211 move 906 1001
40.219 move 905 1009
40.227 move 905 1015
40.236 move 904 1021
40.243 move 903 1027
40.251 move 902 1030
40.259 move 902 1032
40.267 move 901 1034
41.195 click 4.1683936 2.1709678
45.244 move 900 1034
45.252 move 899 1034
45.26 move 895 1035
45.268 move 891 1035
45.275 move 886 1035
45.283 move 879 1036
45.291 move 874 1037
45.3 move 869 1039
45.307 move 866 1041
45.315 move 863 1042
45.323 move 860 1042
45.332 move 858 1043
45.339 move 856 1043
45.348 move 853 1043
45.355 move 851 1043
45.363 move 848 1043
45.371 move 846 1042
45.379 move 844 1041
45.387 move 842 1039
45.395 move 839 1038
45.403 move 837 1036
45.411 move 835 1035
45.419 move 833 1033
45.427 move 831 1032
45.435 move 829 1030
45.443 move 827 1028
45.451 move 824 1026
45.459 move 822 1024
45.467 move 820 1021
45.475 move 817 1018
45.483 move 814 1015
45.491 move 811 1011
45.499 move 808 1007
45.507 move 805 1002
45.515 move 802 997
45.523 move 799 993
45.531 move 795 987
45.539 move 792 982
45.547 move 788 975
45.555 move 784 969
45.563 move 781 963
45.571 move 777 958
45.579 move 774 953
45.587 move 770 948
45.595 move 767 944
45.603 move 764 938
45.611 move 760 933
45.619 move 757 927
45.627 move 754 919
45.635 move 751 912
45.643 move 749 904
45.651 move 746 897
45.659 move 744 889
45.667 move 742 883
45.676 move 740 877
45.683 move 738 872
45.691 move 736 868
45.699 move 734 865
45.707 move 733 862
45.715 move 732 860
45.723 move 731 858
45.731 move 730 856
45.739 move 729 854
45.747 move 729 853
45.763 move 728 852
46.316 move 728 851
46.324 move 727 849
46.332 move 725 847
46.34 move 722 844
46.348 move 717 841
46.356 move 713 838
46.364 move 708 834
46.372 move 702 830
46.38 move 697 826
46.388 move 692 822
46.396 move 686 818
46.404 move 679 813
46.412 move 673 809
46.42 move 665 804
46.428 move 656 799
46.436 move 647 795
46.446 move 639 791
46.452 move 629 787
46.46 move 619 783
46.468 move 610 779
46.476 move 600 776
46.484 move 591 773
46.492 move 583 770
46.5 move 575 767
46.508 move 567 764
46.516 move 561 761
46.524 move 557 759
46.532 move 552 755
46.54 move 549 753
46.548 move 547 750
46.556 move 545 747
46.564 move 543 745
46.572 move 541 742
46.58 move 539 740
46.588 move 537 737
46.596 move 534 734
46.604 move 533 732
46.612 move 530 729
46.62 move 527 726
46.628 move 526 723
46.635 move 523 721
46.644 move 522 718
46.652 move 520 716
46.66 move 519 715
46.668 move 518 714
46.675 move 518 713
46.684 move 517 713
47.475 click 2.1787565 0.100000024
52.331 click 2.1787565 0.100000024
53.276 click 2.1787565 0.100000024
53.787 click 2.1787565 0.100000024
54.315 click 2.1787565 0.100000024
55.444 enter
56.1 select before 1
63.052 start 4.0 1.0
63.055 move 869 852
63.06 move 871 852
63.068 move 873 852
63.076 move 875 852
63.084 move 877 852
63.092 move 878 851
63.1 move 880 851
63.108 move 881 850
63.116 move 882 850
63.124 move 883 849
63.132 move 884 848
63.14 move 885 848
63.148 move 886 847
63.156 move 888 846
63.164 move 889 845
63.172 move 891 843
63.18 move 893 842
63.188 move 895 841
63.196 move 897 839
63.204 move 899 838
63.212 move 902 837
63.22 move 905 835
63.227 move 907 834
63.235 move 911 833
63.243 move 914 831
63.252 move 917 830
63.26 move 921 829
63.268 move 925 828
63.276 move 929 827
63.284 move 933 826
63.292 move 938 825
63.3 move 943 824
63.308 move 947 824
63.316 move 952 823
63.324 move 956 823
63.332 move 960 823
63.34 move 964 823
63.348 move 968 823
63.355 move 972 823
63.363 move 975 822
63.372 move 979 822
63.379 move 983 822
63.387 move 987 822
63.395 move 990 822
63.403 move 994 822
63.411 move 998 822
63.419 move 1002 822
63.427 move 1006 822
63.435 move 1010 822
63.443 move 1013 822
63.451 move 1017 822
63.459 move 1020 822
63.467 move 1023 822
63.475 move 1026 822
63.483 move 1029 823
63.491 move 1032 823
63.499 move 1035 823
63.507 move 1038 824
63.515 move 1042 824
63.523 move 1045 824
63.531 move 1049 824
63.539 move 1052 824
63.547 move 1054 824
63.555 move 1057 824
63.563 move 1059 824
63.571 move 1061 824
63.58 move 1063 824
63.587 move 1064 824
63.595 move 1065 824
63.603 move 1066 824
63.611 move 1067 824
65.988 click 5.028497 0.8225807
66.627 click 5.028497 0.8225807
70.486 delete
73.507 move 1068 825
73.515 move 1069 826
73.523 move 1070 827
73.531 move 1071 827
73.539 move 1073 828
73.547 move 1074 828
73.555 move 1076 828
73.563 move 1078 829
73.571 move 1080 829
73.579 move 1082 829
73.587 move 1085 829
73.595 move 1087 829
73.604 move 1089 829
73.611 move 1092 829
73.619 move 1095 829
73.627 move 1099 829
73.635 move 1103 829
73.643 move 1106 829
73.651 move 1110 829
73.659 move 1114 829
73.667 move 1117 829
73.675 move 1121 830
73.683 move 1126 830
73.691 move 1131 830
73.699 move 1135 830
73.707 move 1139 831
73.715 move 1144 831
73.723 move 1149 832
73.731 move 1153 832
73.739 move 1158 832
73.747 move 1162 832
73.755 move 1166 833
73.763 move 1169 833
73.771 move 1173 833
73.779 move 1176 833
73.787 move 1179 834
73.795 move 1182 834
73.803 move 1185 834
73.811 move 1188 835
73.819 move 1190 835
73.827 move 1193 835
73.835 move 1195 835
73.843 move 1198 835
73.851 move 1200 835
73.859 move 1202 836
73.867 move 1205 836
73.875 move 1207 836
73.883 move 1208 836
73.891 move 1211 836
73.899 move 1213 836
73.907 move 1215 836
73.916 move 1217 836
73.923 move 1220 836
73.931 move 1222 837
73.939 move 1225 837
73.947 move 1227 837
73.955 move 1229 837
73.963 move 1231 837
73.971 move 1233 837
73.979 move 1235 837
73.987 move 1237 837
73.995 move 1239 837
74.003 move 1242 837
74.011 move 1244 837
74.019 move 1247 837
74.027 move 1249 837
74.035 move 1251 837
74.043 move 1253 837
74.051 move 1254 837
74.059 move 1256 837
74.067 move 1257 837
74.075 move 1258 837
74.091 move 1259 837
74.795 click 6.023316 0.9
75.748 move 1259 836
75.756 move 1260 834
75.764 move 1261 833
75.772 move 1261 832
75.78 move 1262 830
75.787 move 1262 828
75.796 move 1263 827
75.804 move 1264 826
75.812 move 1264 825
75.82 move 1264 823
75.827 move 1264 821
75.836 move 1264 819
75.843 move 1264 817
75.851 move 1263 815
75.86 move 1263 813
75.867 move 1262 811
75.876 move 1261 808
75.884 move 1261 806
75.892 move 1260 805
75.899 move 1260 802
75.908 move 1259 800
75.916 move 1258 797
75.923 move 1257 794
75.931 move 1255 792
75.939 move 1255 789
75.947 move 1253 786
75.955 move 1252 783
75.963 move 1251 780
75.971 move 1250 777
75.979 move 1250 775
75.988 move 1249 773
75.995 move 1248 771
76.011 move 1248 770
76.019 move 1247 770
76.035 move 1247 769
76.883 click 5.9611397 0.4612903
77.955 enter
78.755 select you 1
80.939 start 4.0 1.0
80.942 click 3.9974093 0.9967742
82.211 click 3.9974093 0.9967742
82.948 move 867 853
82.955 move 867 856
82.963 move 867 862
82.971 move 867 871
82.979 move 867 883
82.988 move 867 894
82.995 move 867 905
83.003 move 870 915
83.011 move 872 922
83.019 move 875 926
83.027 move 877 928
83.035 move 879 929
83.043 move 882 930
83.051 move 885 930
83.059 move 887 930
83.067 move 890 931
83.075 move 893 932
83.083 move 896 934
83.091 move 898 936
83.099 move 901 938
83.107 move 903 941
83.115 move 906 943
83.123 move 908 946
83.131 move 910 948
83.139 move 911 950
83.147 move 913 952
83.155 move 915 953
83.163 move 916 954
83.171 move 917 955
83.179 move 918 956
83.195 move 919 956
83.972 click 4.261658 1.667742
85.179 enter
85.979 select run 1
87.674 phrase rapidly running short on words
89.803 start 4.0 1.0
89.807 click 3.9974093 0.9967742
91.028 move 868 851
91.036 move 866 849
91.044 move 864 847
91.052 move 861 845
91.059 move 859 844
91.068 move 856 842
91.075 move 854 842
91.083 move 852 841
91.092 move 850 841
91.1 move 848 841
91.108 move 845 841
91.116 move 842 841
91.123 move 837 841
91.131 move 831 841
91.139 move 825 841
91.147 move 819 841
91.155 move 812 841
91.163 move 803 841
91.171 move 795 843
91.18 move 786 844
91.187 move 778 846
91.195 move 769 847
91.204 move 761 849
91.212 move 753 851
91.22 move 745 853
91.227 move 737 855
91.236 move 729 858
91.243 move 722 860
91.252 move 715 862
91.259 move 707 865
91.267 move 700 867
91.275 move 693 869
91.283 move 687 871
91.291 move 682 873
91.3 move 676 874
91.307 move 672 876
91.315 move 667 876
91.323 move 664 876
91.331 move 660 876
91.339 move 657 876
91.347 move 654 876
91.355 move 651 876
91.363 move 649 876
91.371 move 647 876
91.379 move 645 876
91.387 move 644 876
91.395 move 643 876
91.403 move 642 876
92.019 click 2.8264248 1.1516129
93.164 click 2.8264248 1.1516129
94.211 move 644 876
94.219 move 647 875
94.227 move 651 873
94.235 move 655 871
94.243 move 658 869
94.251 move 661 867
94.259 move 664 866
94.267 move 666 864
94.275 move 669 863
94.283 move 671 861
94.291 move 674 860
94.299 move 676 858
94.307 move 679 855
94.315 move 683 853
94.323 move 686 850
94.331 move 690 847
94.339 move 693 844
94.347 move 696 841
94.355 move 699 838
94.363 move 702 833
94.371 move 705 830
94.38 move 708 826
94.387 move 712 822
94.395 move 715 817
94.403 move 719 814
94.411 move 723 809
94.419 move 728 804
94.427 move 731 800
94.435 move 735 795
94.443 move 739 790
94.451 move 744 784
94.459 move 749 775
94.467 move 753 766
94.475 move 760 755
94.483 move 766 745
94.491 move 772 735
94.5 move 778 726
94.507 move 784 718
94.515 move 789 712
94.523 move 794 707
94.531 move 797 704
94.539 move 800 701
94.547 move 802 699
94.555 move 805 698
94.563 move 807 696
94.571 move 809 694
94.579 move 811 693
94.587 move 814 692
94.595 move 816 690
94.603 move 818 689
94.611 move 820 689
94.619 move 822 688
94.627 move 824 688
94.635 move 826 687
94.643 move 828 687
94.651 move 829 687
94.659 move 830 687
94.667 move 831 687
94.675 move 832 687
94.691 move 833 687
94.707 move 834 687
94.715 move 834 688
95.475 click 3.8212433 -0.061290324
96.524 move 831 688
96.532 move 826 688
96.54 move 818 688
96.548 move 810 688
96.556 move 803 688
96.564 move 797 688
96.572 move 791 689
96.58 move 786 690
96.588 move 781 692
96.596 move 775 694
96.604 move 770 697
96.612 move 763 700
96.62 move 757 703
96.628 move 749 707
96.636 move 741 712
96.644 move 734 716
96.652 move 726 721
96.66 move 719 726
96.668 move 710 732
96.675 move 703 737
96.684 move 695 744
96.692 move 687 750
96.699 move 680 755
96.708 move 673 760
96.716 move 667 764
96.724 move 662 767
96.732 move 656 770
96.739 move 651 773
96.748 move 645 776
96.756 move 642 777
96.764 move 638 779
96.772 move 635 780
96.78 move 632 781
96.788 move 630 781
96.796 move 628 781
96.804 move 626 782
96.812 move 625 782
96.82 move 624 782
96.828 move 623 782
96.835 move 622 782
97.587 click 2.7227979 0.54516125
99.349 click 2.7227979 0.54516125
100.531 move 622 781
100.539 move 622 778
100.547 move 622 774
100.555 move 622 770
100.564 move 623 766
100.571 move 623 763
100.579 move 624 761
100.588 move 624 760
100.596 move 625 758
100.604 move 625 757
100.62 move 626 756
100.628 move 626 755
100.636 move 626 754
100.644 move 627 754
100.652 move 627 752
100.66 move 627 751
100.668 move 628 750
100.676 move 628 748
100.684 move 629 745
100.692 move 629 742
100.7 move 630 739
100.708 move 631 736
100.716 move 631 733
100.724 move 631 730
100.732 move 632 728
100.74 move 632 726
100.748 move 632 724
100.755 move 632 723
100.764 move 632 722
100.771 move 633 721
101.459 click 2.7797928 0.15161288
102.363 enter
103.26 select rapidly 1
104.139 start 4.0 1.0
104.142 click 3.9974093 0.9967742
105.171 click 3.9974093 0.9967742
106.252 move 869 852
106.26 move 870 852
106.268 move 871 852
106.275 move 873 852
106.283 move 874 852
106.292 move 876 852
106.299 move 877 852
106.308 move 877 854
106.316 move 878 854
106.323 move 878 856
106.34 move 878 857
106.348 move 878 858
106.372 move 878 859
106.395 move 878 860
106.491 move 878 861
106.499 move 879 863
106.507 move 880 865
106.515 move 881 867
106.523 move 882 870
106.531 move 882 872
106.539 move 883 874
106.547 move 884 876
106.555 move 885 879
106.563 move 886 881
106.571 move 888 884
106.579 move 889 887
106.587 move 890 889
106.595 move 891 892
106.603 move 893 895
106.611 move 894 898
106.619 move 896 902
106.627 move 898 907
106.635 move 901 912
106.644 move 903 918
106.651 move 907 925
106.659 move 910 934
106.667 move 915 944
106.675 move 920 953
106.683 move 925 964
106.691 move 929 974
106.699 move 933 984
106.707 move 937 991
106.715 move 940 998
106.723 move 942 1003
106.731 move 943 1006
106.739 move 944 1007
106.747 move 944 1008
107.588 click 4.3911915 2.0032258
108.611 move 945 1008
108.619 move 946 1008
108.627 move 948 1008
108.635 move 950 1008
108.643 move 951 1008
108.651 move 953 1008
108.659 move 955 1008
108.667 move 956 1008
108.675 move 959 1008
108.683 move 961 1008
108.691 move 965 1008
108.699 move 970 1009
108.707 move 975 1010
108.715 move 979 1011
108.723 move 982 1012
108.731 move 985 1012
108.739 move 987 1013
108.747 move 989 1014
108.755 move 992 1014
108.763 move 995 1015
108.771 move 998 1015
108.779 move 1002 1015
108.787 move 1006 1015
108.796 move 1009 1016
108.803 move 1013 1016
108.812 move 1017 1017
108.82 move 1021 1017
108.828 move 1026 1018
108.836 move 1031 1019
108.844 move 1036 1020
108.852 move 1042 1022
108.86 move 1047 1023
108.868 move 1050 1025
108.876 move 1053 1026
108.884 move 1056 1028
108.892 move 1058 1029
108.9 move 1060 1030
108.908 move 1061 1031
108.916 move 1062 1032
108.924 move 1063 1032
108.932 move 1064 1033
108.948 move 1065 1033
110.228 click 5.0181346 2.1645162
111.307 click 5.0181346 2.1645162
112.003 click 5.0181346 2.1645162
113.172 click 5.0181346 2.1645162
115.163 enter
117.292 select running 1
119.275 start 4.0 1.0
119.278 click 3.9974093 0.9967742
120.076 click 3.9974093 0.9967742
121.019 move 870 852
121.027 move 872 852
121.035 move 875 852
121.043 move 878 852
121.051 move 880 852
121.059 move 883 852
121.067 move 885 852
121.075 move 887 852
121.083 move 888 852
121.091 move 890 850
121.099 move 891 849
121.107 move 893 847
121.115 move 894 845
121.123 move 896 843
121.131 move 898 841
121.139 move 901 839
121.147 move 903 837
121.155 move 905 835
121.163 move 907 833
121.171 move 909 831
121.179 move 910 830
121.187 move 912 828
121.195 move 914 826
121.203 move 915 824
121.211 move 917 821
121.219 move 920 819
121.227 move 922 817
121.235 move 924 814
121.243 move 927 812
121.251 move 930 809
121.259 move 932 805
121.267 move 935 802
121.275 move 938 798
121.283 move 941 795
121.291 move 944 791
121.299 move 948 787
121.307 move 951 784
121.315 move 955 780
121.323 move 959 776
121.332 move 963 772
121.34 move 967 766
121.348 move 972 759
121.356 move 977 751
121.364 move 982 743
121.372 move 989 733
121.38 move 994 725
121.388 move 1000 717
121.396 move 1005 709
121.404 move 1009 703
121.412 move 1014 697
121.42 move 1018 692
121.428 move 1021 687
121.436 move 1024 684
121.444 move 1026 682
121.452 move 1029 680
121.46 move 1030 679
121.468 move 1032 678
121.476 move 1033 677
121.484 move 1034 676
121.492 move 1036 675
121.5 move 1038 674
121.508 move 1039 672
121.516 move 1041 671
121.523 move 1043 670
121.531 move 1045 669
121.54 move 1047 668
121.548 move 1049 667
121.556 move 1050 666
121.563 move 1051 666
121.571 move 1052 665
121.58 move 1053 665
122.371 click 4.9559584 -0.20967743
123.555 click 4.9559584 -0.20967743
124.492 move 1052 666
124.499 move 1048 668
124.507 move 1041 673
124.515 move 1033 678
124.523 move 1025 684
124.532 move 1017 689
124.54 move 1011 692
124.547 move 1006 696
124.555 move 1002 698
124.563 move 998 700
124.571 move 993 702
124.579 move 989 703
124.587 move 984 704
124.595 move 980 705
124.604 move 975 705
124.611 move 972 706
124.619 move 967 706
124.627 move 963 707
124.635 move 959 707
124.643 move 955 707
124.652 move 952 707
124.659 move 948 708
124.667 move 944 708
124.675 move 941 708
124.683 move 937 709
124.691 move 934 710
124.699 move 931 710
124.707 move 928 710
124.715 move 925 710
124.723 move 922 710
124.731 move 920 710
124.739 move 918 710
124.748 move 915 710
124.755 move 914 710
124.763 move 912 710
124.771 move 911 710
124.779 move 910 710
124.787 move 909 710
126.123 click 4.2098446 0.080645144
127.283 enter
128.139 select short 1
129.764 start 4.0 1.0
129.767 move 869 852
129.771 move 870 852
129.78 move 871 852
129.787 move 872 852
129.796 move 873 852
129.803 move 874 852
129.811 move 876 851
129.82 move 877 851
129.828 move 878 850
129.836 move 879 850
129.843 move 881 850
129.851 move 882 850
129.859 move 884 850
129.867 move 887 850
129.875 move 889 849
129.884 move 892 849
129.891 move 895 849
129.899 move 898 849
129.907 move 901 849
129.915 move 904 849
129.923 move 907 848
129.931 move 910 848
129.939 move 914 848
129.947 move 918 848
129.955 move 923 848
129.963 move 929 848
129.971 move 934 847
129.979 move 940 847
129.987 move 945 847
129.995 move 951 847
130.003 move 957 847
130.011 move 963 847
130.019 move 969 846
130.027 move 976 846
130.035 move 983 846
130.043 move 989 846
130.051 move 995 846
130.059 move 1001 846
130.067 move 1007 846
130.075 move 1013 846
130.083 move 1018 846
130.091 move 1023 846
130.099 move 1029 846
130.107 move 1034 846
130.115 move 1040 846
130.123 move 1045 846
130.132 move 1050 846
130.139 move 1056 845
130.147 move 1060 845
130.155 move 1064 845
130.163 move 1068 845
130.171 move 1072 845
130.179 move 1075 845
130.187 move 1079 845
130.195 move 1082 845
130.203 move 1086 845
130.211 move 1089 845
130.219 move 1092 845
130.227 move 1095 845
130.235 move 1098 845
130.243 move 1100 845
130.251 move 1103 845
130.259 move 1105 845
130.268 move 1107 845
130.275 move 1108 845
130.283 move 1110 845
130.291 move 1111 845
130.299 move 1112 845
130.315 move 1113 845
130.723 move 1110 846
130.731 move 1107 848
130.739 move 1105 850
130.747 move 1103 851
130.755 move 1102 851
130.763 move 1101 852
130.779 move 1100 852
130.795 move 1099 852
130.811 move 1098 852
130.819 move 1097 852
130.827 move 1096 852
130.835 move 1096 851
131.811 click 5.1528497 0.97096777
133.219 move 1092 848
133.227 move 1093 848
133.235 move 1097 848
133.243 move 1101 848
133.251 move 1107 848
133.259 move 1110 848
133.268 move 1114 848
133.275 move 1117 848
133.283 move 1119 848
133.291 move 1121 848
133.3 move 1124 848
133.307 move 1127 848
133.315 move 1130 848
133.323 move 1132 848
133.331 move 1134 849
133.339 move 1137 851
133.347 move 1138 854
133.355 move 1140 857
133.363 move 1141 860
133.371 move 1143 862
133.379 move 1144 865
133.387 move 1145 868
133.395 move 1146 871
133.403 move 1146 874
133.411 move 1147 877
133.419 move 1148 882
133.427 move 1149 887
133.435 move 1149 890
133.443 move 1150 894
133.451 move 1150 898
133.459 move 1151 900
133.467 move 1152 903
133.475 move 1152 905
133.483 move 1153 907
133.491 move 1153 908
133.499 move 1154 908
133.507 move 1154 909
133.515 move 1154 910
133.988 move 1154 911
133.996 move 1155 912
134.004 move 1156 915
134.012 move 1157 919
134.02 move 1157 924
134.027 move 1158 929
134.036 move 1158 933
134.045 move 1158 937
134.052 move 1158 941
134.06 move 1158 944
134.067 move 1158 946
134.076 move 1158 948
134.083 move 1158 951
134.091 move 1158 953
134.099 move 1158 955
134.107 move 1158 958
134.115 move 1159 961
134.123 move 1159 964
134.132 move 1159 966
134.139 move 1159 969
134.147 move 1159 971
134.155 move 1159 972
134.163 move 1159 974
134.171 move 1159 975
134.179 move 1159 977
134.187 move 1159 979
134.195 move 1159 981
134.203 move 1159 983
134.211 move 1159 987
134.219 move 1159 990
134.227 move 1159 993
134.235 move 1159 996
134.243 move 1159 1000
134.251 move 1159 1003
134.259 move 1159 1007
134.268 move 1159 1010
134.275 move 1159 1013
134.283 move 1159 1016
134.291 move 1159 1017
134.299 move 1159 1018
134.315 move 1159 1019
135.188 click 5.5051813 2.0741935
136.091 enter
136.908 left
137.771 select on 2
139.955 start 4.0 1.0
139.959 click 3.9974093 0.9967742
140.595 move 869 852
140.603 move 870 852
140.611 move 873 852
140.619 move 876 852
140.628 move 879 852
140.636 move 881 852
140.644 move 883 852
140.652 move 884 852
142.172 click 4.0440416 1.0032258
143.259 click 4.0440416 1.0032258
144.283 move 876 853
144.291 move 874 853
144.299 move 871 853
144.307 move 864 854
144.315 move 858 857
144.323 move 852 859
144.331 move 847 861
144.339 move 844 863
144.347 move 841 865
144.355 move 838 866
144.363 move 834 867
144.371 move 830 868
144.379 move 825 869
144.387 move 821 870
144.395 move 816 870
144.403 move 812 870
144.411 move 808 870
144.419 move 804 870
144.427 move 800 870
144.435 move 796 870
144.444 move 793 870
144.451 move 789 870
144.459 move 786 870
144.467 move 783 870
144.475 move 780 871
144.483 move 777 871
144.491 move 774 871
144.499 move 772 872
144.507 move 769 872
144.515 move 768 872
144.523 move 766 872
144.531 move 764 872
144.539 move 763 872
144.547 move 762 872
144.555 move 761 872
144.571 move 760 872
145.147 move 760 873
145.155 move 759 873
145.163 move 758 874
145.171 move 756 876
145.179 move 754 877
145.187 move 753 878
145.195 move 751 878
145.203 move 750 878
145.227 move 749 878
145.243 move 748 878
145.259 move 747 878
145.267 move 746 878
145.275 move 744 877
145.283 move 743 877
145.291 move 742 877
145.299 move 741 877
145.307 move 740 877
146.571 click 3.3134716 1.1516129
150.548 click 3.3134716 1.1516129
155.811 enter
156.667 left
158.804 select words 2
160.408 phrase 
162.451 start 4.0 1.0
162.454 move 869 852
162.459 move 872 852
162.467 move 878 852
162.475 move 889 852
162.483 move 906 853
162.491 move 927 854
162.499 move 952 857
162.507 move 979 862
162.515 move 1010 867
162.523 move 1041 871
162.531 move 1070 875
162.539 move 1099 880
162.547 move 1127 883
162.555 move 1154 886
162.563 move 1182 888
162.571 move 1207 890
162.579 move 1232 891
162.587 move 1256 892
162.595 move 1280 893
162.603 move 1304 894
162.611 move 1328 894
162.619 move 1351 894
162.627 move 1373 894
162.635 move 1394 894
162.643 move 1414 894
162.651 move 1434 893
162.659 move 1452 893
162.667 move 1469 893
162.675 move 1486 893
162.683 move 1502 893
162.691 move 1517 893
162.699 move 1532 893
162.707 move 1545 893
162.715 move 1557 893
162.723 move 1569 893
162.731 move 1580 893
162.739 move 1591 893
162.747 move 1601 893
162.755 move 1611 893
162.763 move 1619 893
162.771 move 1626 893
162.779 move 1633 893
162.787 move 1639 893
162.796 move 1645 893
162.803 move 1649 893
162.812 move 1653 893
162.82 move 1657 893
162.828 move 1660 893
162.836 move 1663 893
162.844 move 1665 893
162.852 move 1667 893
162.86 move 1669 893
162.868 move 1671 893
162.884 move 1672 893
162.892 move 1680 894
162.9 move 1705 896
162.908 move 1746 897
162.916 move 1790 897
163.46 move 1796 897
163.467 move 1820 897
163.475 move 1852 897
163.483 move 1884 897
163.492 move 1915 897
163.499 move 1919 897
163.612 move 1919 896
163.644 move 1919 895
163.667 move 1918 895
163.675 move 1908 895
163.683 move 1884 894
163.691 move 1851 894
163.699 move 1802 892
163.707 move 1738 892
163.715 move 1664 892
164.18 move 1654 895
164.188 move 1629 907
164.196 move 1608 918
164.204 move 1589 929
164.212 move 1574 939
164.22 move 1561 948
164.228 move 1551 956
164.237 move 1546 962
164.244 move 1544 966
164.252 move 1544 968
164.26 move 1544 969
164.268 move 1545 969
164.276 move 1547 969
164.292 move 1548 969
164.547 move 1547 969
164.58 move 1547 968
164.659 move 1548 968
164.667 move 1549 968
164.675 move 1551 968
164.683 move 1552 968
164.691 move 1554 967
164.699 move 1555 967
164.707 move 1555 966
164.723 move 1555 965
164.731 move 1556 965
164.747 move 1557 965
164.787 move 1558 965
164.803 move 1558 964
164.892 move 1557 964
164.899 move 1556 966
164.907 move 1555 967
164.915 move 1554 967
164.924 move 1554 968
164.931 move 1553 968
164.947 move 1553 969
164.971 move 1553 970
164.979 move 1553 971
164.988 move 1553 973
164.995 move 1552 975
165.003 move 1552 977
165.011 move 1551 980
165.019 move 1551 982
165.027 move 1551 985
165.035 move 1550 987
165.043 move 1550 989
165.052 move 1550 991
165.059 move 1550 993
165.067 move 1551 995
165.075 move 1552 997
165.083 move 1553 998
165.091 move 1555 999
165.099 move 1557 1000
165.107 move 1560 1002
165.115 move 1563 1003
165.123 move 1565 1005
165.131 move 1569 1008
165.139 move 1573 1016
165.147 move 1584 1030
165.155 move 1596 1046
165.163 move 1609 1066
165.171 move 1624 1079
165.179 move 1637 1079
165.187 move 1649 1079
165.195 move 1658 1079
165.203 move 1665 1079
165.211 move 1670 1079
165.219 move 1673 1079
165.227 move 1675 1079
165.235 move 1677 1079
165.243 move 1679 1079
165.251 move 1681 1079
165.259 move 1683 1079
165.267 move 1684 1079
165.275 move 1685 1079
165.291 move 1686 1079
165.515 move 1687 1079
165.531 move 1688 1079
165.539 move 1690 1079
165.547 move 1692 1079
165.556 move 1695 1079
165.564 move 1698 1079
165.572 move 1702 1079
165.58 move 1704 1079
165.588 move 1705 1079
165.612 move 1706 1079
165.812 move 1707 1079
165.82 move 1708 1079
165.828 move 1710 1079
165.836 move 1712 1079
165.844 move 1714 1079
165.852 move 1719 1079
165.859 move 1722 1079
165.867 move 1724 1079
165.883 move 1725 1079
165.899 move 1726 1079
165.908 move 1727 1079
165.915 move 1728 1079
165.923 move 1729 1079
165.931 move 1730 1079
165.955 move 1731 1079
165.971 move 1732 1078
165.979 move 1733 1078
165.987 move 1735 1077
165.996 move 1737 1076
166.003 move 1740 1076
166.011 move 1742 1076
166.019 move 1744 1076
166.036 move 1745 1076
166.067 move 1745 1075
166.075 move 1746 1075
166.083 move 1747 1075
166.091 move 1748 1075
166.099 move 1749 1074
166.115 move 1750 1073
166.291 move 1750 1074
166.331 move 1749 1074
166.387 move 1749 1075
166.395 move 1748 1075
166.411 move 1748 1076
166.435 move 1748 1077
166.483 move 1748 1078
166.515 move 1748 1079
166.563 move 1749 1079
166.603 move 1750 1079
166.691 move 1751 1079
181.715 move 1749 1079
181.731 move 1746 1079
181.739 move 1739 1079
181.747 move 1728 1079
181.765 move 1696 1079
181.771 move 1673 1079
181.779 move 1647 1079
181.787 move 1621 1079
181.795 move 1596 1079
181.803 move 1571 1079
181.811 move 1546 1079
181.819 move 1521 1079
181.827 move 1496 1079
181.835 move 1472 1079
181.843 move 1423 1079
181.851 move 1398 1079
181.859 move 1372 1079
181.867 move 1344 1079
181.875 move 1314 1079
181.883 move 1283 1079
181.891 move 1251 1079
181.899 move 1220 1079
181.907 move 1189 1079
181.915 move 1160 1079
181.923 move 1132 1079
181.931 move 1107 1079
181.939 move 1083 1079
181.947 move 1040 1079
181.955 move 1024 1079
181.963 move 1013 1079
181.971 move 1004 1079
181.979 move 999 1079
182.011 move 999 1078
182.019 move 1003 1075
182.027 move 1019 1059
182.035 move 1033 1045
182.043 move 1053 1030
182.051 move 1062 1022
182.059 move 1090 1003
182.067 move 1123 979
182.075 move 1159 958
182.083 move 1220 921
182.091 move 1264 893
182.099 move 1309 866
182.107 move 1356 839
182.115 move 1403 812
182.123 move 1452 787
182.131 move 1501 764
182.139 move 1551 744
182.147 move 1601 727
182.155 move 1650 713
182.163 move 1699 702
182.171 move 1802 687
182.179 move 1849 685
182.187 move 1896 684
182.195 move 1919 685
182.203 move 1919 689
182.211 move 1919 696
182.219 move 1919 703
182.227 move 1919 710
182.235 move 1919 717
182.243 move 1919 722
182.251 move 1919 726
182.259 move 1919 728
182.267 move 1919 729
182.275 move 1907 729
182.283 move 1889 727
182.291 move 1864 721
182.299 move 1832 712
182.307 move 1795 699
182.315 move 1754 685
182.323 move 1711 669
182.331 move 1667 652
182.339 move 1622 634
182.348 move 1578 616
182.355 move 1534 597
182.363 move 1449 560
182.38 move 1375 527
182.388 move 1347 514
182.396 move 1322 502
182.404 move 1302 492
182.411 move 1286 484
182.419 move 1274 477
182.427 move 1266 473
182.435 move 1260 470
182.524 move 1260 469
182.54 move 1258 467
182.547 move 1255 464
182.555 move 1250 458
182.563 move 1241 448
182.571 move 1231 434
182.579 move 1219 418
182.587 move 1205 398
182.595 move 1190 377
182.603 move 1173 353
182.612 move 1166 344
182.62 move 1156 333
182.628 move 1126 296
182.636 move 1110 276
182.644 move 1093 254
182.652 move 1074 232
182.66 move 1055 211
182.667 move 1036 190
182.676 move 1018 170
182.683 move 1000 151
182.691 move 982 134
182.7 move 965 118
182.708 move 949 103
182.715 move 935 91
182.723 move 905 68
182.731 move 895 61
182.739 move 889 57
182.748 move 885 54
182.827 move 885 55
182.843 move 884 55
182.867 move 883 55
182.883 move 882 54
182.891 move 881 54
182.899 move 881 53
182.907 move 880 53
182.915 move 880 52
182.955 move 881 52
182.963 move 885 56
182.971 move 889 63
182.979 move 894 74
182.987 move 896 79
182.995 move 902 96
183.003 move 904 101
183.339 move 903 101
183.347 move 898 96
183.355 move 888 88
183.371 move 874 77
183.379 move 836 51
183.387 move 815 38
183.395 move 793 23
183.403 move 770 7
183.411 move 745 0
183.419 move 719 0
183.427 move 693 0
183.435 move 666 0
183.443 move 639 0
183.451 move 611 0
183.459 move 584 0
183.467 move 556 0
183.475 move 530 0
183.483 move 505 0
183.491 move 482 0
183.499 move 461 0
183.507 move 443 0
183.515 move 427 0
183.523 move 403 0
183.531 move 397 0
183.539 move 394 0
