0.001 session 1
0.002 phrase learn to walk before you run
1.41 start 4.0 1.0
1.413 move 868 851
1.427 move 867 849
1.434 move 867 846
1.442 move 866 842
1.45 move 865 839
1.458 move 864 837
1.466 move 863 836
1.474 move 863 835
1.482 move 863 834
1.49 move 862 834
1.498 move 862 833
1.514 move 861 833
1.53 move 860 832
1.538 move 858 832
1.546 move 856 832
1.554 move 854 832
1.562 move 853 832
1.57 move 851 832
1.578 move 850 832
1.586 move 849 832
1.602 move 848 832
1.618 move 847 832
1.634 move 846 832
1.642 move 845 832
1.65 move 844 833
1.658 move 843 834
1.666 move 841 835
1.674 move 839 836
1.682 move 838 837
1.691 move 837 837
1.698 move 836 838
1.706 move 835 838
1.714 move 833 838
1.722 move 832 839
1.73 move 830 840
1.738 move 828 840
1.746 move 825 841
1.754 move 822 842
1.762 move 819 843
1.77 move 816 844
1.778 move 813 845
1.786 move 810 845
1.794 move 808 846
1.802 move 805 846
1.81 move 802 847
1.818 move 799 847
1.826 move 797 847
1.833 move 794 848
1.842 move 791 848
1.849 move 788 849
1.858 move 785 850
1.866 move 781 850
1.874 move 778 851
1.882 move 775 852
1.889 move 772 853
1.898 move 769 853
1.905 move 765 854
1.914 move 762 854
1.922 move 758 855
1.93 move 753 856
1.938 move 749 857
1.945 move 745 857
1.954 move 740 859
1.961 move 735 860
1.969 move 730 861
1.977 move 726 862
1.985 move 722 862
1.993 move 718 863
2.001 move 714 863
2.009 move 711 863
2.017 move 708 863
2.025 move 705 863
2.033 move 703 863
2.041 move 700 864
2.049 move 698 864
2.057 move 696 864
2.065 move 693 864
2.073 move 691 864
2.081 move 689 864
2.089 move 687 864
2.098 move 686 864
2.105 move 684 865
2.113 move 683 865
2.121 move 682 865
2.129 move 680 865
2.137 move 679 865
2.145 move 678 865
2.161 move 677 865
2.169 move 676 865
2.185 move 675 865
2.193 move 674 865
2.201 move 673 865
2.217 move 672 865
2.225 move 671 865
2.233 move 670 865
2.249 move 669 865
2.265 move 668 865
2.289 move 667 865
2.313 move 666 865
2.337 move 665 865
2.353 move 665 864
2.45 move 665 863
2.474 move 665 862
2.49 move 666 862
2.498 move 667 861
2.514 move 668 861
2.522 move 669 860
2.53 move 670 860
2.538 move 671 860
2.546 move 672 860
2.554 move 673 860
2.57 move 674 860
2.578 move 676 860
2.586 move 677 860
2.594 move 678 859
2.602 move 680 859
2.61 move 682 859
2.618 move 684 859
2.626 move 686 859
2.634 move 688 859
2.642 move 689 859
2.65 move 691 859
2.658 move 693 859
2.666 move 694 859
2.674 move 696 858
2.682 move 698 858
2.69 move 700 858
2.698 move 702 858
2.706 move 704 858
2.714 move 706 858
2.722 move 707 858
2.73 move 709 858
2.738 move 710 858
2.746 move 712 858
2.754 move 713 858
2.762 move 715 858
2.77 move 716 858
2.778 move 718 858
2.786 move 719 858
2.794 move 720 858
2.802 move 721 858
2.81 move 722 858
2.818 move 724 858
2.834 move 725 858
2.842 move 726 858
2.85 move 726 859
2.858 move 727 859
2.866 move 728 859
2.874 move 729 859
2.882 move 729 860
2.89 move 730 860
2.898 move 731 860
2.906 move 732 860
2.914 move 733 860
2.922 move 734 860
2.93 move 735 860
2.938 move 736 860
2.946 move 738 860
2.954 move 739 860
2.962 move 740 860
2.97 move 741 860
2.978 move 742 860
2.986 move 743 860
2.994 move 744 860
3.002 move 745 861
3.009 move 747 861
3.018 move 748 861
3.026 move 749 861
3.034 move 751 861
3.042 move 752 861
3.05 move 753 862
3.058 move 755 862
3.066 move 756 862
3.074 move 757 862
3.082 move 758 862
3.09 move 759 863
3.098 move 760 863
3.106 move 761 863
3.114 move 762 863
3.122 move 764 864
3.13 move 765 864
3.138 move 767 864
3.146 move 769 864
3.153 move 771 865
3.162 move 772 865
3.169 move 774 865
3.177 move 776 865
3.186 move 777 865
3.194 move 779 865
3.202 move 781 865
3.209 move 783 866
3.218 move 784 866
3.226 move 786 866
3.234 move 788 866
3.242 move 790 866
3.249 move 792 867
3.257 move 794 867
3.265 move 796 867
3.273 move 798 867
3.281 move 800 867
3.289 move 802 867
3.297 move 804 867
3.305 move 807 868
3.313 move 809 868
3.321 move 812 868
3.329 move 814 868
3.337 move 816 868
3.345 move 819 869
3.353 move 821 869
3.361 move 824 869
3.369 move 827 869
3.377 move 829 869
3.385 move 832 869
3.393 move 834 870
3.401 move 837 870
3.409 move 839 870
3.417 move 842 870
3.425 move 844 870
3.433 move 847 870
3.441 move 851 870
3.449 move 854 870
3.457 move 857 870
3.465 move 860 870
3.473 move 863 871
3.481 move 865 871
3.489 move 868 871
3.497 move 871 871
3.506 move 874 871
3.513 move 877 871
3.521 move 880 871
3.529 move 883 871
3.537 move 886 871
3.545 move 889 871
3.553 move 892 871
3.561 move 895 871
3.569 move 898 870
3.577 move 901 870
3.585 move 903 870
3.593 move 906 870
3.601 move 909 870
3.609 move 912 870
3.617 move 915 870
3.625 move 918 870
3.633 move 921 870
3.641 move 923 870
3.649 move 926 870
3.657 move 928 870
3.665 move 931 870
3.673 move 933 869
3.681 move 936 869
3.689 move 938 869
3.697 move 940 869
3.705 move 943 869
3.713 move 945 869
3.721 move 948 869
3.729 move 951 869
3.737 move 953 868
3.745 move 956 868
3.754 move 959 868
3.762 move 962 868
3.77 move 964 868
3.778 move 967 867
3.786 move 969 867
3.794 move 972 866
3.802 move 974 865
3.81 move 977 865
3.818 move 980 864
3.826 move 983 863
3.834 move 985 863
3.842 move 988 862
3.85 move 990 862
3.858 move 992 862
3.866 move 994 862
3.874 move 996 862
3.882 move 997 862
3.89 move 998 862
3.898 move 999 862
3.914 move 1000 862
4.473 move 1001 862
4.497 move 1004 861
4.505 move 1007 860
4.513 move 1011 860
4.521 move 1015 859
4.529 move 1019 859
4.537 move 1022 859
4.545 move 1026 859
4.553 move 1029 859
4.561 move 1033 859
4.569 move 1037 860
4.578 move 1043 861
4.585 move 1049 862
4.593 move 1055 863
4.601 move 1061 865
4.609 move 1067 866
4.617 move 1072 867
4.625 move 1078 868
4.633 move 1084 869
4.641 move 1090 871
4.649 move 1096 871
4.658 move 1101 872
4.665 move 1106 873
4.673 move 1111 874
4.681 move 1117 874
4.689 move 1123 874
4.697 move 1130 875
4.705 move 1136 875
4.713 move 1143 875
4.721 move 1151 876
4.729 move 1158 876
4.737 move 1164 876
4.745 move 1170 876
4.753 move 1175 876
4.761 move 1181 875
4.769 move 1186 874
4.777 move 1190 874
4.785 move 1194 873
4.793 move 1199 873
4.801 move 1204 873
4.809 move 1209 873
4.817 move 1213 872
4.825 move 1217 872
4.833 move 1222 872
4.841 move 1226 872
4.849 move 1231 871
4.857 move 1237 870
4.865 move 1243 869
4.873 move 1252 867
4.881 move 1261 866
4.89 move 1269 865
4.897 move 1278 865
4.905 move 1287 864
4.913 move 1296 864
4.921 move 1304 864
4.929 move 1313 864
4.937 move 1322 863
4.945 move 1331 862
4.953 move 1338 862
4.961 move 1345 861
4.969 move 1351 861
4.977 move 1358 861
4.985 move 1365 860
4.993 move 1371 860
5.001 move 1377 860
5.009 move 1382 860
5.017 move 1388 860
5.026 move 1393 860
5.035 move 1397 860
5.042 move 1400 860
5.05 move 1404 860
5.058 move 1407 860
5.066 move 1410 860
5.074 move 1413 860
5.082 move 1415 860
5.09 move 1417 860
5.098 move 1419 860
5.106 move 1421 860
5.114 move 1422 860
5.122 move 1424 860
5.13 move 1425 860
5.146 move 1426 860
5.658 move 1427 862
5.666 move 1430 865
5.673 move 1433 871
5.682 move 1438 879
5.69 move 1442 887
5.698 move 1447 895
5.706 move 1451 901
5.714 move 1454 905
5.722 move 1457 908
5.73 move 1459 909
5.738 move 1461 910
5.746 move 1464 910
5.754 move 1466 910
5.761 move 1469 910
5.77 move 1473 910
5.777 move 1476 910
5.786 move 1480 910
5.793 move 1484 910
5.801 move 1488 909
5.809 move 1493 907
5.817 move 1498 905
5.825 move 1502 903
5.833 move 1506 901
5.841 move 1510 900
5.849 move 1515 898
5.857 move 1519 897
5.865 move 1522 896
5.874 move 1526 896
5.881 move 1530 895
5.889 move 1534 895
5.897 move 1537 895
5.905 move 1541 895
5.913 move 1545 895
5.921 move 1550 895
5.929 move 1556 894
5.937 move 1561 894
5.945 move 1566 893
5.955 move 1571 893
5.961 move 1576 892
5.969 move 1582 892
5.977 move 1588 891
5.985 move 1594 890
5.993 move 1599 890
6.001 move 1605 889
6.01 move 1610 888
6.017 move 1616 888
6.025 move 1621 888
6.034 move 1626 888
6.041 move 1632 887
6.049 move 1637 887
6.057 move 1640 887
6.065 move 1644 887
6.073 move 1648 887
6.081 move 1651 887
6.089 move 1654 887
6.097 move 1656 887
6.105 move 1659 887
6.113 move 1662 887
6.121 move 1665 887
6.129 move 1667 887
6.137 move 1670 887
6.145 move 1673 887
6.153 move 1676 887
6.161 move 1678 887
6.169 move 1681 887
6.177 move 1683 887
6.185 move 1685 887
6.193 move 1686 887
6.201 move 1688 887
6.209 move 1689 887
6.225 move 1690 887
6.426 move 1689 887
6.434 move 1688 887
6.442 move 1686 887
6.45 move 1685 887
6.458 move 1683 887
6.466 move 1682 887
6.474 move 1681 887
6.482 move 1680 887
6.61 move 1679 887
6.65 move 1678 887
7.673 click 8.194301 1.2225807
8.37 move 1678 886
8.378 move 1678 884
8.386 move 1678 882
8.393 move 1678 880
8.401 move 1678 879
8.457 move 1677 879
8.465 move 1675 879
8.474 move 1673 879
8.481 move 1670 879
8.49 move 1666 879
8.498 move 1663 879
8.506 move 1660 879
8.514 move 1656 879
8.522 move 1653 879
8.53 move 1651 880
8.538 move 1648 880
8.546 move 1644 880
8.554 move 1641 880
8.561 move 1638 881
8.57 move 1635 881
8.578 move 1631 881
8.586 move 1627 881
8.594 move 1622 882
8.602 move 1617 883
8.609 move 1610 884
8.617 move 1603 886
8.625 move 1595 889
8.633 move 1586 892
8.641 move 1576 896
8.649 move 1565 901
8.658 move 1554 905
8.665 move 1542 910
8.673 move 1530 915
8.681 move 1519 920
8.689 move 1505 926
8.697 move 1492 931
8.706 move 1478 936
8.713 move 1465 941
8.721 move 1449 946
8.729 move 1433 951
8.737 move 1418 955
8.745 move 1402 959
8.753 move 1386 962
8.761 move 1369 965
8.769 move 1352 968
8.777 move 1336 971
8.785 move 1322 973
8.793 move 1307 976
8.801 move 1293 978
8.809 move 1280 979
8.817 move 1268 981
8.825 move 1255 983
8.833 move 1243 984
8.841 move 1232 986
8.849 move 1221 987
8.857 move 1211 987
8.865 move 1201 988
8.873 move 1193 989
8.881 move 1184 990
8.889 move 1177 990
8.897 move 1171 990
8.905 move 1164 990
8.913 move 1158 990
8.921 move 1154 990
8.929 move 1149 990
8.937 move 1146 990
8.945 move 1142 990
8.953 move 1138 990
8.961 move 1135 990
8.969 move 1132 990
8.977 move 1130 990
8.986 move 1127 990
8.993 move 1125 990
9.001 move 1124 990
9.009 move 1122 990
9.017 move 1121 990
9.025 move 1120 990
9.033 move 1119 990
9.354 move 1120 990
9.37 move 1121 990
9.402 move 1120 990
9.41 move 1118 990
9.418 move 1114 990
9.426 move 1106 988
9.434 move 1095 985
9.442 move 1083 981
9.45 move 1070 977
9.458 move 1055 971
9.466 move 1041 966
9.474 move 1025 962
9.482 move 1009 957
9.49 move 990 952
9.498 move 972 949
9.506 move 952 946
9.514 move 931 943
9.522 move 910 940
9.53 move 889 938
9.538 move 868 936
9.546 move 848 935
9.554 move 827 934
9.562 move 808 933
9.57 move 789 932
9.578 move 770 931
9.586 move 753 931
9.594 move 736 930
9.602 move 720 929
9.61 move 704 928
9.618 move 688 928
9.626 move 672 927
9.634 move 659 927
9.642 move 645 926
9.65 move 631 926
9.658 move 618 926
9.666 move 606 926
9.674 move 594 926
9.681 move 583 926
9.69 move 571 926
9.698 move 561 926
9.706 move 551 926
9.713 move 541 926
9.722 move 531 926
9.73 move 522 926
9.738 move 514 926
9.746 move 506 926
9.754 move 499 926
9.761 move 491 926
9.769 move 485 926
9.777 move 479 926
9.785 move 473 926
9.793 move 469 926
9.802 move 464 926
9.809 move 460 926
9.817 move 455 926
9.825 move 452 926
9.833 move 448 926
9.841 move 445 926
9.849 move 442 926
9.858 move 439 926
9.866 move 436 926
9.874 move 434 926
9.881 move 431 926
9.889 move 429 926
9.897 move 427 926
9.906 move 426 926
9.913 move 424 926
9.921 move 423 926
9.929 move 422 926
9.937 move 421 926
9.945 move 420 926
9.969 move 419 926
10.866 click 1.6709845 1.4741936
11.617 move 417 926
11.625 move 414 926
11.633 move 411 926
11.641 move 407 926
11.649 move 402 926
11.657 move 398 926
11.665 move 395 926
11.673 move 391 926
11.681 move 388 926
11.689 move 386 926
11.697 move 383 925
11.705 move 379 924
11.713 move 374 922
11.721 move 367 920
11.729 move 359 918
11.737 move 351 917
11.745 move 343 916
11.753 move 335 915
11.761 move 328 915
11.769 move 322 915
11.777 move 316 915
11.785 move 310 916
11.793 move 305 917
11.801 move 300 918
11.809 move 294 920
11.817 move 289 921
11.825 move 283 923
11.833 move 278 925
11.841 move 274 926
11.849 move 270 927
11.858 move 266 927
11.865 move 263 927
11.873 move 261 927
11.881 move 258 927
11.889 move 257 927
11.897 move 256 927
11.905 move 255 927
11.913 move 254 927
12.626 click 0.8160622 1.4806452
13.241 move 257 926
13.249 move 262 923
13.257 move 271 921
13.265 move 281 919
13.273 move 292 919
13.281 move 304 918
13.289 move 318 918
13.297 move 332 918
13.305 move 349 919
13.313 move 367 921
13.321 move 387 922
13.329 move 408 925
13.337 move 430 928
13.345 move 451 931
13.353 move 470 934
13.362 move 486 937
13.369 move 501 940
13.378 move 512 942
13.386 move 522 945
13.394 move 530 946
13.402 move 537 947
13.41 move 545 948
13.418 move 552 949
13.426 move 558 950
13.434 move 564 951
13.442 move 569 951
13.45 move 574 951
13.458 move 578 952
13.466 move 582 952
13.474 move 585 952
13.482 move 588 952
13.49 move 591 952
13.498 move 594 952
13.506 move 596 952
13.515 move 598 952
13.522 move 600 952
13.53 move 602 952
13.538 move 604 952
13.546 move 605 952
13.555 move 606 952
13.57 move 607 952
14.289 click 2.6450777 1.6419356
14.938 move 608 952
14.97 move 610 952
14.978 move 613 951
14.986 move 616 950
14.994 move 620 948
15.002 move 624 947
15.01 move 627 946
15.018 move 630 946
15.026 move 633 946
15.034 move 636 946
15.042 move 639 946
15.05 move 643 946
15.058 move 647 946
15.066 move 653 946
15.074 move 659 946
15.082 move 667 947
15.09 move 674 948
15.098 move 682 948
15.106 move 689 949
15.114 move 696 950
15.122 move 703 950
15.13 move 710 950
15.138 move 715 950
15.146 move 721 950
15.154 move 727 950
15.162 move 734 950
15.17 move 742 950
15.178 move 749 950
15.186 move 757 950
15.194 move 765 950
15.202 move 773 950
15.21 move 781 950
15.218 move 789 950
15.226 move 796 950
15.234 move 803 949
15.242 move 809 949
15.25 move 815 949
15.258 move 822 948
15.266 move 828 948
15.274 move 832 948
15.282 move 837 948
15.29 move 842 948
15.298 move 845 948
15.306 move 849 948
15.314 move 852 948
15.322 move 855 948
15.33 move 858 948
15.338 move 861 948
15.346 move 863 948
15.354 move 865 948
15.361 move 867 948
15.37 move 869 948
15.378 move 870 948
15.386 move 871 948
15.394 move 872 948
15.401 move 873 948
15.722 move 870 948
15.729 move 864 947
15.737 move 856 947
15.745 move 846 946
15.753 move 837 946
15.761 move 828 944
15.769 move 820 943
15.777 move 816 942
15.785 move 814 942
15.793 move 813 942
15.833 move 814 942
15.841 move 815 942
15.849 move 819 941
15.858 move 823 941
15.865 move 830 939
15.873 move 838 939
15.881 move 847 937
15.89 move 857 936
15.897 move 867 936
15.905 move 877 936
15.913 move 887 936
15.921 move 897 935
15.929 move 908 935
15.938 move 918 934
15.945 move 929 933
15.953 move 940 932
15.961 move 951 931
15.969 move 963 930
15.978 move 975 929
15.985 move 986 928
15.993 move 997 927
16.001 move 1008 927
16.009 move 1019 926
16.017 move 1030 926
16.025 move 1042 925
16.033 move 1054 924
16.041 move 1066 924
16.049 move 1077 924
16.057 move 1089 924
16.065 move 1100 923
16.073 move 1111 923
16.081 move 1120 923
16.089 move 1130 923
16.097 move 1137 923
16.105 move 1144 923
16.113 move 1151 923
16.121 move 1157 924
16.13 move 1163 924
16.137 move 1168 924
16.146 move 1173 924
16.154 move 1177 925
16.163 move 1181 925
16.17 move 1184 925
16.178 move 1187 925
16.186 move 1190 925
16.194 move 1193 925
16.202 move 1196 925
16.21 move 1198 925
16.218 move 1200 925
16.226 move 1201 925
16.234 move 1203 925
16.242 move 1204 925
16.25 move 1205 925
16.258 move 1206 925
16.274 move 1207 925
17.137 click 5.753886 1.467742
18.154 move 1205 925
18.162 move 1203 923
18.169 move 1200 921
18.178 move 1198 918
18.186 move 1195 915
18.193 move 1193 911
18.202 move 1191 906
18.209 move 1189 902
18.218 move 1186 897
18.226 move 1184 892
18.234 move 1181 888
18.242 move 1178 882
18.25 move 1175 877
18.258 move 1171 873
18.266 move 1167 868
18.273 move 1164 863
18.281 move 1160 857
18.289 move 1156 851
18.297 move 1151 842
18.306 move 1147 832
18.314 move 1142 822
18.322 move 1137 810
18.329 move 1132 799
18.338 move 1128 790
18.345 move 1124 780
18.353 move 1120 773
18.361 move 1117 767
18.369 move 1115 763
18.377 move 1113 759
18.385 move 1112 756
18.393 move 1112 753
18.402 move 1111 750
18.409 move 1110 748
18.417 move 1110 746
18.425 move 1110 744
18.433 move 1109 743
18.441 move 1109 742
18.457 move 1109 741
19.01 move 1109 740
19.018 move 1109 736
19.026 move 1108 730
19.034 move 1108 722
19.042 move 1108 711
19.05 move 1108 701
19.058 move 1108 690
19.066 move 1108 680
19.074 move 1108 671
19.082 move 1108 664
19.09 move 1108 656
19.098 move 1108 651
19.106 move 1108 645
19.114 move 1108 640
19.122 move 1108 635
19.13 move 1108 631
19.138 move 1107 627
19.146 move 1107 624
19.154 move 1106 620
19.162 move 1106 616
19.17 move 1105 613
19.179 move 1105 610
19.186 move 1105 608
19.194 move 1105 605
19.202 move 1104 603
19.21 move 1104 602
19.218 move 1104 600
19.226 move 1104 599
19.849 move 1104 602
19.857 move 1104 607
19.865 move 1104 616
19.873 move 1104 627
19.881 move 1104 640
19.889 move 1104 653
19.897 move 1103 668
19.905 move 1103 683
19.915 move 1103 697
19.921 move 1103 710
19.929 move 1103 721
19.937 move 1104 731
19.945 move 1107 739
19.954 move 1109 744
19.961 move 1111 747
19.969 move 1112 748
19.977 move 1114 749
19.985 move 1116 750
19.993 move 1118 751
20.001 move 1120 751
20.009 move 1123 751
20.017 move 1126 752
20.025 move 1129 752
20.033 move 1134 752
20.041 move 1138 753
20.049 move 1143 754
20.057 move 1147 756
20.065 move 1152 759
20.073 move 1156 761
20.081 move 1160 764
20.089 move 1165 767
20.097 move 1169 770
20.105 move 1172 772
20.113 move 1175 775
20.121 move 1177 777
20.129 move 1179 779
20.137 move 1181 781
20.145 move 1183 782
20.153 move 1184 784
20.161 move 1185 785
20.17 move 1186 785
20.177 move 1186 786
21.009 enter
22.521 select learn 1
32.921 start 4.0 1.0
32.924 click 3.9974093 0.9967742
33.53 move 869 852
33.538 move 870 852
33.545 move 874 852
33.554 move 884 852
33.562 move 895 852
33.57 move 910 852
33.577 move 925 853
33.586 move 942 853
33.594 move 958 854
33.602 move 975 854
33.61 move 990 854
33.618 move 1004 854
33.626 move 1019 854
33.634 move 1032 854
33.642 move 1045 854
33.65 move 1058 854
33.658 move 1071 854
33.666 move 1084 855
33.674 move 1097 855
33.682 move 1111 855
33.689 move 1124 855
33.698 move 1137 855
33.705 move 1149 855
33.713 move 1161 855
33.721 move 1172 855
33.729 move 1184 855
33.737 move 1196 855
33.745 move 1207 855
33.753 move 1218 855
33.761 move 1229 855
33.769 move 1239 855
33.777 move 1249 855
33.786 move 1257 855
33.793 move 1265 855
33.801 move 1273 855
33.809 move 1279 855
33.817 move 1286 855
33.825 move 1292 855
33.833 move 1297 855
33.841 move 1303 855
33.849 move 1307 855
33.857 move 1311 855
33.865 move 1315 855
33.873 move 1318 855
33.881 move 1322 855
33.889 move 1325 855
33.897 move 1327 855
33.905 move 1330 855
33.913 move 1332 855
33.921 move 1334 855
33.929 move 1336 855
33.937 move 1338 855
33.945 move 1339 855
33.953 move 1340 855
33.961 move 1341 855
33.985 move 1342 855
34.362 move 1342 854
34.369 move 1343 854
34.378 move 1345 853
34.386 move 1351 851
34.394 move 1359 850
34.402 move 1369 849
34.41 move 1379 849
34.418 move 1389 849
34.426 move 1399 849
34.434 move 1408 851
34.442 move 1418 852
34.45 move 1430 854
34.458 move 1443 856
34.466 move 1457 858
34.474 move 1471 861
34.482 move 1487 863
34.49 move 1503 866
34.498 move 1518 869
34.506 move 1535 873
34.514 move 1549 876
34.522 move 1564 879
34.53 move 1577 881
34.538 move 1590 882
34.546 move 1602 883
34.554 move 1614 883
34.562 move 1625 883
34.57 move 1634 883
34.578 move 1642 883
34.586 move 1650 883
34.594 move 1657 882
34.602 move 1664 882
34.61 move 1668 881
34.618 move 1672 881
34.626 move 1675 881
34.634 move 1678 881
34.642 move 1681 881
34.65 move 1683 881
34.658 move 1685 881
34.666 move 1687 881
34.674 move 1689 881
34.682 move 1690 881
34.69 move 1691 881
34.698 move 1692 881
34.706 move 1693 881
34.714 move 1694 881
35.297 click 8.277202 1.1838709
36.713 enter
37.45 select to 1
39.289 start 4.0 1.0
39.293 move 868 851
39.297 move 868 850
39.305 move 870 848
39.313 move 871 845
39.321 move 873 843
39.329 move 876 842
39.337 move 879 840
39.345 move 885 839
39.353 move 891 838
39.361 move 899 838
39.369 move 907 837
39.378 move 913 836
39.385 move 920 836
39.393 move 925 836
39.401 move 931 836
39.409 move 936 835
39.417 move 940 835
39.425 move 944 835
39.433 move 948 835
39.441 move 951 835
39.449 move 954 835
39.457 move 957 835
39.465 move 960 835
39.473 move 962 835
39.481 move 964 835
39.489 move 966 835
39.497 move 968 835
39.505 move 969 835
39.514 move 971 835
39.529 move 972 835
39.882 move 971 835
39.891 move 965 835
39.898 move 955 834
39.906 move 942 834
39.914 move 930 833
39.922 move 916 832
39.93 move 903 830
39.938 move 889 829
39.946 move 877 827
39.954 move 864 826
39.962 move 852 824
39.97 move 839 822
39.978 move 825 821
39.986 move 810 819
39.994 move 795 818
40.002 move 778 816
40.01 move 760 815
40.018 move 740 815
40.026 move 719 815
40.034 move 697 815
40.042 move 676 815
40.05 move 653 817
40.058 move 632 818
40.067 move 611 820
40.074 move 589 821
40.082 move 569 823
40.09 move 551 824
40.098 move 532 825
40.106 move 513 826
40.114 move 496 828
40.122 move 479 829
40.13 move 463 830
40.138 move 446 831
40.146 move 431 833
40.154 move 416 834
40.162 move 402 835
40.17 move 388 836
40.178 move 375 837
40.186 move 363 838
40.194 move 351 838
40.202 move 340 839
40.21 move 328 839
40.218 move 317 840
40.226 move 306 840
40.234 move 296 841
40.242 move 286 841
40.25 move 276 842
40.258 move 267 843
40.266 move 259 843
40.274 move 251 843
40.282 move 245 843
40.29 move 239 843
40.297 move 234 843
40.306 move 229 843
40.314 move 224 844
40.322 move 219 844
40.331 move 215 844
40.338 move 212 844
40.346 move 208 844
40.354 move 205 844
40.362 move 203 844
40.37 move 200 844
40.378 move 198 844
40.386 move 197 844
40.394 move 195 844
40.402 move 194 844
40.41 move 193 844
40.418 move 192 844
40.442 move 191 844
40.874 click 0.48963732 0.94516134
41.506 click 0.48963732 0.94516134
42.185 move 194 844
42.193 move 197 844
42.201 move 202 844
42.209 move 208 844
42.217 move 215 845
42.225 move 222 846
42.233 move 230 847
42.241 move 238 849
42.249 move 249 852
42.257 move 261 855
42.265 move 275 858
42.273 move 289 861
42.281 move 307 864
42.289 move 325 866
42.297 move 345 870
42.305 move 367 874
42.313 move 391 877
42.321 move 416 880
42.329 move 442 882
42.337 move 469 885
42.345 move 496 887
42.353 move 524 888
42.361 move 551 889
42.369 move 578 889
42.377 move 605 889
42.385 move 629 889
42.393 move 655 889
42.401 move 679 889
42.409 move 704 889
42.417 move 728 889
42.425 move 752 889
42.433 move 774 889
42.441 move 796 888
42.45 move 818 888
42.457 move 839 888
42.465 move 859 888
42.473 move 879 888
42.481 move 899 888
42.489 move 918 888
42.497 move 936 888
42.505 move 953 887
42.513 move 971 887
42.521 move 988 887
42.529 move 1005 886
42.537 move 1021 886
42.545 move 1036 886
42.553 move 1051 886
42.561 move 1065 886
42.569 move 1078 886
42.577 move 1092 886
42.585 move 1105 886
42.594 move 1118 886
42.602 move 1130 886
42.61 move 1141 886
42.618 move 1153 886
42.626 move 1164 886
42.634 move 1175 886
42.642 move 1185 886
42.65 move 1196 886
42.658 move 1206 886
42.666 move 1215 886
42.674 move 1223 886
42.682 move 1231 886
42.69 move 1238 886
42.698 move 1244 886
42.706 move 1250 886
42.714 move 1255 886
42.722 move 1261 886
42.73 move 1266 886
42.738 move 1270 886
42.746 move 1274 886
42.754 move 1278 886
42.762 move 1281 886
42.77 move 1285 886
42.778 move 1288 886
42.786 move 1291 886
42.794 move 1294 886
42.802 move 1296 886
42.81 move 1299 886
42.818 move 1301 886
42.826 move 1303 886
42.834 move 1304 886
42.842 move 1306 886
42.85 move 1307 886
42.858 move 1308 886
42.866 move 1309 886
42.882 move 1310 886
43.066 move 1311 885
43.073 move 1313 884
43.082 move 1318 882
43.09 move 1325 879
43.098 move 1334 876
43.106 move 1344 874
43.114 move 1355 873
43.122 move 1364 873
43.13 move 1375 873
43.138 move 1386 873
43.145 move 1397 874
43.154 move 1409 875
43.162 move 1421 876
43.17 move 1435 877
43.178 move 1449 879
43.186 move 1466 881
43.194 move 1482 884
43.202 move 1499 888
43.21 move 1516 892
43.218 move 1532 897
43.226 move 1547 903
43.234 move 1561 908
43.242 move 1574 914
43.25 move 1585 918
43.258 move 1595 923
43.266 move 1604 926
43.273 move 1612 929
43.281 move 1618 932
43.29 move 1624 934
43.297 move 1629 936
43.305 move 1634 937
43.313 move 1638 939
43.321 move 1641 940
43.329 move 1646 941
43.337 move 1648 942
43.345 move 1651 942
43.353 move 1654 943
43.361 move 1656 944
43.369 move 1658 944
43.377 move 1660 944
43.385 move 1661 944
43.393 move 1662 944
43.401 move 1663 944
43.417 move 1664 944
44.905 click 8.121761 1.5903225
47.537 move 1662 944
47.545 move 1655 944
47.553 move 1644 945
47.561 move 1632 947
47.569 move 1619 951
47.577 move 1606 955
47.585 move 1594 959
47.593 move 1584 963
47.601 move 1575 967
47.61 move 1567 971
47.617 move 1559 975
47.625 move 1551 977
47.633 move 1541 980
47.641 move 1532 982
47.649 move 1523 984
47.657 move 1514 984
47.665 move 1504 985
47.673 move 1496 985
47.681 move 1489 985
47.689 move 1482 986
47.697 move 1475 986
47.705 move 1469 986
47.713 move 1463 986
47.721 move 1457 986
47.729 move 1452 986
47.737 move 1446 986
47.745 move 1441 986
47.753 move 1435 986
47.761 move 1430 986
47.769 move 1425 986
47.777 move 1419 986
47.785 move 1416 986
47.793 move 1412 986
47.801 move 1408 986
47.809 move 1405 986
47.817 move 1402 986
47.825 move 1400 986
47.833 move 1397 986
47.841 move 1395 986
47.849 move 1393 986
47.857 move 1391 986
47.865 move 1390 986
47.873 move 1388 986
47.881 move 1387 986
47.897 move 1386 986
50.249 click 6.6813474 1.8677418
51.721 enter
52.793 select walk 1
55.529 start 4.0 1.0
55.533 click 3.9974093 0.9967742
56.594 move 867 852
56.602 move 866 852
56.61 move 863 852
56.618 move 858 853
56.626 move 853 854
56.634 move 846 856
56.642 move 840 859
56.65 move 833 862
56.658 move 827 865
56.666 move 821 869
56.674 move 817 872
56.682 move 813 875
56.69 move 810 877
56.698 move 807 879
56.706 move 804 881
56.714 move 802 882
56.722 move 799 884
56.73 move 796 885
56.738 move 793 886
56.746 move 791 886
56.754 move 787 887
56.762 move 784 887
56.77 move 782 888
56.778 move 779 888
56.786 move 776 888
56.794 move 773 888
56.802 move 770 888
56.81 move 768 888
56.818 move 765 888
56.826 move 763 888
56.834 move 761 888
56.842 move 759 888
56.85 move 757 888
56.858 move 755 888
56.866 move 753 888
56.874 move 752 888
56.882 move 750 888
56.89 move 748 888
56.898 move 747 888
56.906 move 745 888
56.914 move 744 888
56.922 move 742 888
56.93 move 740 888
56.937 move 738 888
56.946 move 737 888
56.953 move 735 888
56.962 move 734 888
56.97 move 733 888
56.978 move 731 888
56.986 move 730 888
57.002 move 729 888
57.01 move 728 888
60.201 click 3.2720208 1.2290323
62.514 click 3.2720208 1.2290323
63.113 move 731 888
63.121 move 734 888
63.129 move 740 887
63.137 move 746 887
63.145 move 755 887
63.153 move 764 887
63.161 move 774 887
63.169 move 785 887
63.177 move 796 887
63.185 move 807 888
63.193 move 819 889
63.201 move 832 890
63.209 move 847 892
63.217 move 861 892
63.225 move 877 893
63.233 move 895 893
63.241 move 915 893
63.249 move 935 893
63.257 move 957 893
63.265 move 980 893
63.273 move 1004 893
63.281 move 1031 893
63.289 move 1059 893
63.297 move 1088 893
63.305 move 1119 893
63.314 move 1149 892
63.322 move 1178 891
63.331 move 1209 891
63.338 move 1236 891
63.346 move 1265 891
63.354 move 1292 890
63.362 move 1320 890
63.37 move 1346 890
63.378 move 1371 889
63.386 move 1396 889
63.394 move 1421 889
63.402 move 1446 889
63.41 move 1471 888
63.418 move 1495 888
63.426 move 1519 888
63.434 move 1542 887
63.442 move 1565 887
63.451 move 1587 887
63.458 move 1610 887
63.466 move 1632 886
63.475 move 1653 886
63.482 move 1673 885
63.49 move 1693 885
63.498 move 1711 885
63.506 move 1729 885
63.514 move 1746 885
63.522 move 1762 885
63.53 move 1778 885
63.538 move 1793 884
63.546 move 1808 884
63.554 move 1822 884
63.562 move 1836 884
63.57 move 1849 884
63.579 move 1861 884
63.586 move 1874 884
63.594 move 1885 884
63.602 move 1897 884
63.61 move 1908 884
63.618 move 1919 884
63.65 move 1919 883
66.65 move 1916 887
66.658 move 1914 887
66.665 move 1910 887
66.673 move 1905 888
66.682 move 1900 888
66.69 move 1894 890
66.698 move 1889 891
66.705 move 1886 893
66.713 move 1883 894
66.721 move 1882 895
66.73 move 1880 896
66.746 move 1879 897
66.778 move 1878 897
66.81 move 1877 897
66.817 move 1876 897
66.825 move 1875 897
66.833 move 1874 897
66.841 move 1873 897
66.857 move 1872 897
67.698 click 9.199482 1.2870967
69.793 move 1871 897
69.801 move 1870 897
69.809 move 1868 897
69.817 move 1866 897
69.825 move 1862 897
69.833 move 1859 897
69.841 move 1855 897
69.849 move 1851 897
69.857 move 1847 897
69.865 move 1844 897
69.873 move 1841 897
69.881 move 1837 897
69.889 move 1834 897
69.897 move 1832 897
69.905 move 1829 897
69.913 move 1827 897
69.922 move 1825 897
69.929 move 1824 897
69.937 move 1822 897
69.945 move 1821 897
69.953 move 1820 897
69.969 move 1819 897
70.41 move 1818 897
70.418 move 1817 897
70.426 move 1810 897
70.434 move 1798 897
70.442 move 1783 897
70.45 move 1764 897
70.458 move 1743 897
70.466 move 1719 897
70.474 move 1694 897
70.482 move 1668 896
70.49 move 1641 896
70.498 move 1613 895
70.506 move 1585 895
70.514 move 1556 894
70.522 move 1527 894
70.53 move 1497 894
70.538 move 1469 894
70.546 move 1442 894
70.554 move 1413 894
70.562 move 1388 894
70.57 move 1363 894
70.578 move 1337 894
70.586 move 1312 894
70.594 move 1287 894
70.602 move 1264 894
70.61 move 1241 894
70.618 move 1218 894
70.626 move 1195 894
70.634 move 1173 894
70.642 move 1151 894
70.651 move 1128 894
70.658 move 1107 894
70.666 move 1086 895
70.674 move 1066 895
70.682 move 1046 895
70.69 move 1029 895
70.698 move 1011 895
70.706 move 994 895
70.714 move 977 895
70.722 move 961 895
70.73 move 946 895
70.738 move 931 895
70.746 move 916 895
70.754 move 903 896
70.762 move 890 896
70.77 move 878 896
70.778 move 866 896
70.786 move 854 896
70.794 move 843 896
70.801 move 832 896
70.81 move 822 896
70.818 move 810 896
70.826 move 800 896
70.833 move 791 896
70.842 move 782 896
70.849 move 774 896
70.858 move 767 896
70.866 move 760 896
70.874 move 754 896
70.882 move 749 896
70.89 move 743 896
70.898 move 739 896
70.906 move 734 896
70.914 move 731 897
70.922 move 728 897
70.93 move 724 897
70.938 move 721 897
70.946 move 719 897
70.953 move 716 897
70.962 move 714 897
70.97 move 712 897
70.977 move 710 897
70.986 move 708 897
70.993 move 707 897
71.001 move 706 897
71.01 move 705 897
71.017 move 704 897
72.042 click 3.1476684 1.2870967
73.161 click 3.1476684 1.2870967
74.537 enter
75.377 select before 1
77.137 start 4.0 1.0
77.141 click 3.9974093 0.9967742
77.818 move 870 852
77.826 move 873 852
77.834 move 877 852
77.842 move 883 852
77.85 move 889 852
77.858 move 894 852
77.866 move 898 852
77.874 move 903 852
77.882 move 906 853
77.89 move 909 853
77.898 move 913 854
77.906 move 917 854
77.914 move 922 855
77.922 move 928 855
77.93 move 935 855
77.938 move 942 855
77.946 move 949 855
77.954 move 956 855
77.962 move 963 855
77.969 move 969 855
77.977 move 974 855
77.985 move 980 855
77.993 move 985 855
78.001 move 989 855
78.009 move 993 855
78.017 move 998 855
78.025 move 1002 855
78.033 move 1006 855
78.041 move 1011 855
78.049 move 1016 855
78.057 move 1021 855
78.065 move 1026 855
78.073 move 1031 855
78.081 move 1035 855
78.089 move 1039 855
78.097 move 1043 855
78.105 move 1046 855
78.113 move 1049 855
78.121 move 1052 855
78.129 move 1056 855
78.137 move 1059 855
78.145 move 1063 855
78.153 move 1068 855
78.161 move 1074 855
78.169 move 1080 855
78.178 move 1086 855
78.185 move 1091 855
78.193 move 1097 855
78.201 move 1102 855
78.209 move 1106 855
78.217 move 1110 855
78.226 move 1114 855
78.233 move 1118 855
78.241 move 1122 855
78.249 move 1127 854
78.257 move 1131 854
78.265 move 1135 854
78.273 move 1140 854
78.281 move 1144 854
78.289 move 1150 854
78.297 move 1156 854
78.305 move 1161 854
78.314 move 1166 854
78.323 move 1171 854
78.329 move 1175 854
78.337 move 1178 854
78.345 move 1181 854
78.353 move 1184 854
78.361 move 1186 854
78.369 move 1189 854
78.377 move 1191 854
78.385 move 1193 854
78.393 move 1194 854
78.401 move 1195 854
78.409 move 1196 854
78.425 move 1197 854
79.154 move 1196 854
79.162 move 1195 853
79.17 move 1193 852
79.178 move 1191 851
79.186 move 1190 850
79.193 move 1189 850
79.202 move 1189 849
79.241 move 1190 849
79.25 move 1192 848
79.258 move 1196 847
79.266 move 1201 847
79.274 move 1206 846
79.282 move 1213 845
79.289 move 1219 845
79.298 move 1227 844
79.306 move 1236 844
79.314 move 1245 843
79.322 move 1256 843
79.329 move 1268 842
79.338 move 1281 842
79.346 move 1295 842
79.354 move 1310 842
79.362 move 1325 842
79.369 move 1339 842
79.378 move 1352 842
79.386 move 1367 842
79.394 move 1380 842
79.401 move 1393 842
79.41 move 1407 841
79.417 move 1422 841
79.425 move 1436 841
79.433 move 1449 841
79.441 move 1462 841
79.449 move 1476 841
79.457 move 1489 841
79.465 move 1501 841
79.474 move 1514 840
79.481 move 1526 839
79.489 move 1537 837
79.497 move 1547 836
79.506 move 1556 835
79.514 move 1566 833
79.521 move 1575 831
79.529 move 1584 829
79.537 move 1592 828
79.545 move 1601 826
79.553 move 1608 825
79.578 move 1626 824
79.601 move 1637 824
79.627 move 1644 824
79.651 move 1648 824
79.674 move 1650 824
80.618 click 8.049223 0.8161291
81.497 move 1649 824
81.522 move 1635 830
81.546 move 1623 836
81.57 move 1613 840
81.594 move 1596 844
81.617 move 1586 845
81.64 move 1572 846
81.663 move 1554 846
81.687 move 1527 846
81.694 move 1517 846
81.701 move 1507 846
81.706 move 1495 846
81.714 move 1483 846
81.722 move 1472 846
81.73 move 1458 846
81.738 move 1445 846
81.746 move 1432 846
81.754 move 1418 846
81.762 move 1406 846
81.77 move 1393 846
81.778 move 1382 846
81.786 move 1370 846
81.794 move 1358 846
81.802 move 1347 846
81.81 move 1336 846
81.818 move 1324 846
81.826 move 1314 846
81.834 move 1305 846
81.842 move 1297 846
81.85 move 1291 846
81.858 move 1287 846
81.866 move 1283 846
81.874 move 1281 846
81.882 move 1280 846
81.89 move 1279 846
81.898 move 1278 846
83.035 click 6.121762 0.95806456
83.857 enter
84.618 select you 1
86.17 start 4.0 1.0
86.174 move 867 852
86.178 move 865 852
86.186 move 861 852
86.193 move 857 852
86.202 move 850 852
86.21 move 844 852
86.218 move 835 853
86.226 move 828 853
86.234 move 820 853
86.242 move 813 853
86.25 move 806 853
86.258 move 801 853
86.266 move 794 853
86.273 move 789 853
86.281 move 784 853
86.306 move 771 853
86.33 move 757 854
86.357 move 742 857
86.386 move 726 860
86.41 move 719 860
86.434 move 715 861
86.459 move 713 861
86.505 move 712 861
86.537 move 711 861
87.09 click 3.1839378 1.0548387
87.737 move 713 861
87.745 move 715 861
87.753 move 717 861
87.762 move 718 861
87.769 move 720 861
87.777 move 721 861
87.785 move 722 861
87.793 move 723 861
87.842 move 724 861
87.857 move 725 861
87.865 move 727 861
87.873 move 728 861
87.881 move 730 861
87.889 move 731 861
87.897 move 732 861
87.905 move 733 861
87.913 move 734 861
87.921 move 735 861
87.929 move 736 861
87.937 move 737 861
87.945 move 738 861
87.954 move 740 861
87.961 move 742 862
87.969 move 745 862
87.977 move 747 862
87.985 move 750 862
87.993 move 753 862
88.001 move 755 862
88.009 move 758 862
88.017 move 760 862
88.025 move 763 862
88.033 move 766 862
88.041 move 769 862
88.049 move 772 862
88.057 move 775 862
88.065 move 779 862
88.073 move 783 862
88.081 move 787 862
88.089 move 792 862
88.097 move 796 862
88.105 move 803 862
88.113 move 808 862
88.121 move 815 862
88.129 move 821 863
88.137 move 828 863
88.145 move 836 863
88.153 move 843 863
88.161 move 853 863
88.169 move 863 863
88.177 move 874 863
88.185 move 885 863
88.193 move 897 863
88.201 move 910 863
88.209 move 923 863
88.217 move 936 863
88.225 move 948 863
88.234 move 961 863
88.241 move 973 863
88.249 move 985 863
88.257 move 996 863
88.265 move 1007 863
88.273 move 1019 863
88.281 move 1030 863
88.289 move 1041 862
88.297 move 1053 861
88.305 move 1063 859
88.313 move 1074 857
88.321 move 1085 854
88.329 move 1096 853
88.337 move 1106 852
88.345 move 1116 851
88.353 move 1127 851
88.361 move 1137 850
88.369 move 1146 850
88.377 move 1154 850
88.385 move 1162 850
88.394 move 1169 850
88.402 move 1176 850
88.41 move 1183 850
88.418 move 1189 850
88.426 move 1195 850
88.434 move 1200 850
88.442 move 1205 850
88.45 move 1211 850
88.458 move 1215 850
88.466 move 1219 850
88.474 move 1223 850
88.482 move 1226 850
88.49 move 1229 850
88.498 move 1232 850
88.506 move 1235 850
88.514 move 1238 850
88.522 move 1240 850
88.53 move 1242 850
88.538 move 1244 850
88.546 move 1246 850
88.554 move 1247 850
88.562 move 1249 850
88.57 move 1250 850
88.578 move 1251 850
88.594 move 1252 850
89.553 click 5.9870467 0.983871
91.761 click 5.992228 0.9903226
93.321 enter
94.242 select run 1
96.217 phrase rapidly running short on words
97.977 start 4.0 1.0
97.981 move 865 852
97.985 move 862 852
97.993 move 860 852
98.001 move 858 852
98.009 move 856 852
98.025 move 854 852
98.033 move 853 852
98.041 move 850 853
98.05 move 846 853
98.058 move 842 853
98.066 move 836 854
98.074 move 831 855
98.082 move 826 856
98.09 move 820 857
98.098 move 814 858
98.106 move 809 859
98.114 move 801 860
98.122 move 795 860
98.13 move 789 861
98.138 move 783 861
98.146 move 777 861
98.154 move 771 861
98.162 move 765 862
98.17 move 759 862
98.178 move 753 862
98.186 move 748 862
98.194 move 742 862
98.202 move 737 862
98.21 move 731 862
98.218 move 725 862
98.226 move 718 862
98.234 move 711 862
98.242 move 704 862
98.25 move 698 862
98.258 move 693 862
98.266 move 689 862
98.274 move 685 862
98.282 move 682 862
98.29 move 680 862
98.298 move 679 862
98.306 move 678 862
98.314 move 677 862
98.322 move 676 862
98.402 move 675 862
98.881 click 2.9974093 1.0612903
99.385 move 673 863
99.393 move 670 865
99.401 move 664 867
99.409 move 656 871
99.417 move 646 875
99.425 move 635 879
99.433 move 625 883
99.441 move 614 886
99.449 move 602 888
99.458 move 591 890
99.466 move 577 891
99.474 move 562 893
99.482 move 544 894
99.49 move 525 896
99.498 move 506 898
99.506 move 486 902
99.514 move 467 906
99.522 move 448 910
99.53 move 431 913
99.538 move 416 917
99.546 move 403 918
99.554 move 392 919
99.562 move 384 919
99.57 move 377 919
99.578 move 372 919
99.586 move 369 919
99.594 move 366 918
99.602 move 364 918
99.61 move 362 917
99.618 move 361 917
99.626 move 359 917
99.643 move 358 917
99.65 move 357 917
99.666 move 356 917
100.177 click 1.3445596 1.416129
100.577 move 357 917
100.585 move 358 917
100.593 move 363 917
100.601 move 370 917
100.609 move 378 918
100.617 move 385 919
100.625 move 392 920
100.634 move 399 921
100.642 move 405 923
100.649 move 413 924
100.657 move 422 926
100.665 move 432 927
100.673 move 442 928
100.681 move 453 928
100.689 move 465 929
100.697 move 476 929
100.705 move 488 929
100.713 move 500 929
100.722 move 513 929
100.729 move 526 929
100.737 move 538 929
100.745 move 550 929
100.753 move 561 929
100.761 move 572 929
100.769 move 583 929
100.777 move 595 929
100.785 move 607 929
100.793 move 619 929
100.801 move 630 929
100.809 move 643 929
100.817 move 654 929
100.825 move 665 929
100.833 move 676 928
100.841 move 686 927
100.849 move 695 927
100.857 move 704 925
100.866 move 713 924
100.874 move 723 923
100.882 move 732 922
100.89 move 739 921
100.898 move 748 920
100.906 move 756 919
100.914 move 763 918
100.922 move 769 917
100.93 move 776 917
100.938 move 783 915
100.946 move 790 915
100.954 move 797 913
100.962 move 804 913
100.97 move 810 912
100.978 move 817 910
100.986 move 823 910
100.994 move 830 909
101.002 move 836 908
101.01 move 842 907
101.018 move 848 907
101.026 move 853 906
101.034 move 858 906
101.042 move 863 906
101.05 move 868 905
101.058 move 872 905
101.067 move 876 905
101.074 move 880 905
101.082 move 883 905
101.09 move 886 905
101.098 move 889 905
101.106 move 891 905
101.114 move 894 905
101.122 move 896 905
101.13 move 897 905
101.138 move 899 905
101.146 move 901 905
101.154 move 902 905
101.162 move 903 905
101.178 move 904 905
101.593 move 902 905
101.601 move 900 905
101.609 move 899 905
101.665 move 900 905
101.673 move 904 905
101.681 move 910 905
101.689 move 917 905
101.697 move 927 905
101.705 move 938 905
101.713 move 949 905
101.721 move 961 906
101.729 move 975 907
101.737 move 990 908
101.745 move 1007 909
101.753 move 1024 909
101.761 move 1044 909
101.769 move 1065 909
101.777 move 1088 909
101.785 move 1111 909
101.793 move 1135 909
101.801 move 1159 909
101.809 move 1185 909
101.817 move 1212 909
101.825 move 1275 908
101.833 move 1304 907
101.841 move 1336 906
101.849 move 1367 906
101.857 move 1397 906
101.865 move 1426 907
101.873 move 1453 909
101.881 move 1479 911
101.889 move 1504 913
101.897 move 1529 915
101.905 move 1553 916
101.913 move 1576 917
101.921 move 1601 918
101.929 move 1624 920
101.937 move 1647 921
101.945 move 1669 923
101.953 move 1690 923
101.961 move 1709 924
101.969 move 1728 925
101.977 move 1746 926
101.985 move 1762 927
101.993 move 1779 927
102.001 move 1794 928
102.009 move 1809 928
102.017 move 1824 929
102.025 move 1838 930
102.033 move 1850 930
102.041 move 1863 930
102.049 move 1875 930
102.057 move 1886 930
102.065 move 1897 930
102.073 move 1907 930
102.081 move 1917 930
102.089 move 1919 930
102.161 move 1919 931
102.217 move 1919 932
102.233 move 1919 933
102.306 move 1918 933
102.314 move 1915 933
102.322 move 1912 933
102.33 move 1909 933
102.338 move 1906 933
102.346 move 1902 933
102.354 move 1898 933
102.362 move 1895 933
102.37 move 1892 933
102.378 move 1889 933
102.386 move 1886 933
102.394 move 1884 933
102.402 move 1881 933
102.41 move 1879 933
102.418 move 1877 933
102.426 move 1876 933
102.434 move 1874 933
102.442 move 1873 933
102.45 move 1872 933
102.458 move 1871 933
103.633 click 9.194301 1.5193548
104.113 move 1870 934
104.121 move 1868 934
104.13 move 1863 936
104.138 move 1856 938
104.146 move 1848 940
104.154 move 1839 942
104.162 move 1831 944
104.169 move 1823 945
104.178 move 1816 946
104.186 move 1809 947
104.194 move 1800 949
104.202 move 1791 951
104.209 move 1781 953
104.217 move 1769 955
104.225 move 1758 957
104.233 move 1747 958
104.241 move 1736 960
104.249 move 1726 960
104.257 move 1717 960
104.265 move 1708 960
104.273 move 1701 960
104.281 move 1694 960
104.289 move 1687 960
104.297 move 1683 960
104.305 move 1678 960
104.313 move 1673 961
104.321 move 1669 961
104.329 move 1665 961
104.337 move 1662 961
104.345 move 1659 961
104.353 move 1656 961
104.361 move 1653 961
104.369 move 1651 961
104.377 move 1649 961
104.385 move 1647 961
104.393 move 1645 961
104.401 move 1644 961
104.409 move 1643 961
104.417 move 1642 961
104.425 move 1641 961
104.441 move 1640 961
104.449 move 1639 961
104.457 move 1638 961
104.465 move 1636 961
104.474 move 1634 961
104.481 move 1633 961
104.489 move 1631 961
104.497 move 1629 961
104.505 move 1627 961
104.514 move 1625 961
104.521 move 1622 961
104.529 move 1620 961
104.537 move 1617 961
104.546 move 1615 961
104.553 move 1613 961
104.561 move 1610 961
104.569 move 1607 961
104.578 move 1605 961
104.585 move 1602 960
104.593 move 1599 960
104.601 move 1596 960
104.609 move 1593 960
104.617 move 1590 960
104.625 move 1587 960
104.633 move 1584 960
104.641 move 1580 960
104.649 move 1577 960
104.657 move 1574 960
104.665 move 1571 960
104.673 move 1569 960
104.681 move 1566 960
104.689 move 1564 960
104.697 move 1563 960
104.706 move 1562 960
104.713 move 1561 960
104.722 move 1560 960
104.737 move 1559 960
105.386 move 1558 960
105.394 move 1555 960
105.402 move 1552 960
105.41 move 1548 959
105.418 move 1543 957
105.426 move 1537 955
105.434 move 1531 953
105.442 move 1525 951
105.45 move 1519 949
105.458 move 1513 948
105.466 move 1506 948
105.474 move 1497 947
105.482 move 1487 947
105.49 move 1476 947
105.498 move 1465 947
105.506 move 1455 947
105.514 move 1444 948
105.522 move 1434 948
105.53 move 1425 949
105.538 move 1418 950
105.546 move 1413 950
105.553 move 1407 950
105.561 move 1402 950
105.569 move 1398 951
105.578 move 1394 951
105.585 move 1391 951
105.593 move 1388 951
105.601 move 1384 951
105.609 move 1381 951
105.617 move 1378 951
105.625 move 1374 951
105.634 move 1371 951
105.641 move 1367 951
105.649 move 1364 951
105.657 move 1361 951
105.665 move 1358 952
105.673 move 1354 953
105.681 move 1351 953
105.689 move 1348 955
105.697 move 1345 956
105.705 move 1342 958
105.713 move 1339 959
105.721 move 1337 960
105.729 move 1335 962
105.737 move 1334 963
105.745 move 1333 964
105.753 move 1332 965
105.769 move 1332 966
106.362 click 6.4015546 1.7322581
106.85 move 1331 966
106.858 move 1330 967
106.866 move 1327 967
106.874 move 1323 969
106.882 move 1315 971
106.89 move 1308 972
106.898 move 1301 973
106.906 move 1293 975
106.913 move 1287 975
106.921 move 1278 976
106.93 move 1269 978
106.937 move 1257 979
106.946 move 1244 980
106.954 move 1229 981
106.961 move 1215 982
106.969 move 1201 982
106.977 move 1187 982
106.985 move 1173 982
106.993 move 1161 982
107.001 move 1149 982
107.009 move 1136 982
107.017 move 1125 982
107.025 move 1113 982
107.033 move 1101 982
107.041 move 1090 982
107.049 move 1078 983
107.057 move 1066 984
107.065 move 1056 984
107.073 move 1046 984
107.081 move 1038 984
107.089 move 1030 984
107.097 move 1024 984
107.105 move 1018 984
107.113 move 1013 984
107.121 move 1008 984
107.129 move 1003 984
107.137 move 999 984
107.145 move 994 984
107.153 move 990 984
107.161 move 984 984
107.169 move 979 984
107.177 move 974 984
107.185 move 969 984
107.193 move 964 984
107.201 move 958 984
107.209 move 953 984
107.217 move 949 984
107.225 move 944 985
107.233 move 939 985
107.241 move 935 985
107.249 move 932 985
107.257 move 928 985
107.265 move 925 985
107.273 move 921 985
107.282 move 918 985
107.289 move 915 985
107.297 move 912 985
107.305 move 909 985
107.313 move 906 985
107.322 move 904 985
107.329 move 902 985
107.337 move 900 985
107.345 move 899 985
107.353 move 897 985
107.361 move 896 985
107.369 move 895 985
107.378 move 894 985
107.385 move 893 985
107.818 move 892 986
107.827 move 890 987
107.834 move 886 990
107.842 move 880 994
107.85 move 873 997
107.858 move 867 1000
107.866 move 862 1001
107.874 move 856 1002
107.882 move 851 1002
107.89 move 847 1002
107.898 move 841 1002
107.906 move 835 1002
107.914 move 828 1002
107.922 move 819 1002
107.93 move 810 1002
107.938 move 799 1002
107.946 move 788 1003
107.954 move 777 1003
107.962 move 767 1003
107.97 move 758 1003
107.978 move 749 1003
107.986 move 742 1003
107.994 move 734 1002
108.002 move 728 1001
108.01 move 721 1000
108.018 move 714 999
108.026 move 707 999
108.034 move 700 998
108.042 move 693 998
108.05 move 685 998
108.058 move 678 997
108.066 move 672 997
108.074 move 665 996
108.082 move 659 996
108.089 move 653 995
108.097 move 649 994
108.105 move 645 994
108.114 move 641 993
108.121 move 638 992
108.129 move 636 992
108.137 move 633 991
108.145 move 631 991
108.153 move 629 990
108.161 move 627 990
108.169 move 624 989
108.178 move 622 989
108.185 move 620 988
108.194 move 618 988
108.201 move 617 988
108.209 move 616 988
108.217 move 615 987
108.649 move 614 987
108.658 move 614 988
109.865 click 2.6658032 1.8806453
110.61 move 613 989
110.618 move 617 989
110.626 move 623 989
110.634 move 633 989
110.642 move 645 989
110.65 move 660 988
110.658 move 674 986
110.666 move 691 983
110.674 move 707 981
110.682 move 723 979
110.69 move 738 977
110.698 move 753 976
110.706 move 766 974
110.714 move 778 973
110.722 move 791 972
110.73 move 803 971
110.738 move 814 969
110.746 move 828 967
110.754 move 840 964
110.762 move 855 961
110.77 move 869 958
110.778 move 884 954
110.786 move 900 951
110.794 move 915 948
110.802 move 931 945
110.81 move 947 942
110.818 move 963 939
110.826 move 979 937
110.834 move 994 935
110.842 move 1008 932
110.85 move 1022 930
110.858 move 1036 928
110.867 move 1049 927
110.874 move 1061 926
110.882 move 1072 925
110.89 move 1084 925
110.898 move 1094 925
110.907 move 1105 925
110.913 move 1115 925
110.922 move 1126 924
110.93 move 1136 924
110.938 move 1145 924
110.946 move 1154 924
110.954 move 1162 924
110.964 move 1170 924
110.973 move 1177 924
110.979 move 1184 924
110.988 move 1190 924
110.994 move 1197 924
111.002 move 1202 924
111.01 move 1207 924
111.017 move 1212 924
111.026 move 1217 924
111.033 move 1221 924
111.042 move 1225 924
111.049 move 1228 924
111.057 move 1231 924
111.065 move 1234 924
111.073 move 1237 924
111.081 move 1240 924
111.089 move 1242 924
111.097 move 1244 924
111.105 move 1246 924
111.113 move 1248 924
111.121 move 1249 924
111.129 move 1250 924
111.137 move 1251 924
111.145 move 1252 924
111.161 move 1253 924
111.369 move 1252 924
111.377 move 1251 924
111.385 move 1249 924
111.393 move 1247 924
111.401 move 1246 924
111.449 move 1247 924
111.457 move 1250 924
111.465 move 1254 924
111.473 move 1262 924
111.481 move 1272 924
111.489 move 1283 924
111.497 move 1295 924
111.505 move 1307 924
111.513 move 1320 924
111.521 move 1333 924
111.529 move 1346 924
111.537 move 1359 923
111.545 move 1372 922
111.553 move 1387 920
111.561 move 1401 917
111.569 move 1416 914
111.577 move 1430 910
111.585 move 1442 908
111.593 move 1455 906
111.601 move 1467 903
111.609 move 1478 902
111.617 move 1488 900
111.625 move 1497 899
111.633 move 1504 898
111.641 move 1511 897
111.649 move 1517 896
111.657 move 1523 894
111.665 move 1529 892
111.673 move 1534 891
111.681 move 1541 889
111.689 move 1548 886
111.697 move 1554 884
111.705 move 1561 882
111.713 move 1567 879
111.721 move 1573 877
111.73 move 1580 874
111.738 move 1587 872
111.746 move 1593 870
111.754 move 1599 868
111.762 move 1605 866
111.77 move 1609 865
111.778 move 1613 864
111.786 move 1617 864
111.794 move 1620 864
111.802 move 1623 864
111.81 move 1626 864
111.818 move 1628 864
111.826 move 1630 864
111.834 move 1632 864
111.842 move 1633 864
111.85 move 1634 864
111.858 move 1635 864
111.867 move 1636 864
111.882 move 1637 864
112.769 click 7.981865 1.0741936
113.482 move 1636 864
113.49 move 1634 864
113.498 move 1630 864
113.506 move 1624 864
113.514 move 1619 864
113.522 move 1612 864
113.53 move 1607 864
113.537 move 1602 864
113.546 move 1596 866
113.554 move 1588 868
113.562 move 1579 871
113.57 move 1570 873
113.577 move 1560 876
113.585 move 1552 877
113.593 move 1544 878
113.601 move 1536 879
113.61 move 1528 880
113.618 move 1518 881
113.626 move 1507 882
113.634 move 1497 884
113.642 move 1485 885
113.649 move 1473 886
113.657 move 1459 888
113.666 move 1444 890
113.674 move 1429 892
113.682 move 1413 893
113.69 move 1397 894
113.697 move 1382 895
113.706 move 1366 896
113.713 move 1351 896
113.722 move 1336 897
113.73 move 1322 897
113.737 move 1308 898
113.745 move 1294 898
113.753 move 1282 899
113.761 move 1270 900
113.769 move 1258 901
113.778 move 1247 902
113.785 move 1236 903
113.794 move 1227 904
113.801 move 1218 904
113.809 move 1211 904
113.817 move 1206 904
113.825 move 1201 904
113.833 move 1198 904
113.841 move 1195 905
113.849 move 1192 905
113.857 move 1190 905
113.865 move 1188 905
113.873 move 1187 905
113.881 move 1186 905
113.889 move 1185 905
113.897 move 1184 905
113.929 move 1183 905
114.401 move 1184 905
114.409 move 1187 905
114.417 move 1191 905
114.425 move 1201 905
114.433 move 1213 903
114.441 move 1226 902
114.449 move 1238 901
114.457 move 1251 900
114.465 move 1260 900
114.473 move 1266 900
114.481 move 1268 900
114.489 move 1269 900
114.505 move 1268 900
114.513 move 1266 900
114.521 move 1263 900
114.529 move 1260 900
114.538 move 1256 900
114.545 move 1254 900
114.554 move 1251 900
114.562 move 1247 900
114.57 move 1243 900
114.578 move 1237 901
114.586 move 1229 902
114.594 move 1219 905
114.602 move 1209 907
114.61 move 1198 910
114.618 move 1187 912
114.626 move 1174 914
114.634 move 1162 915
114.642 move 1151 915
114.65 move 1140 915
114.658 move 1130 915
114.666 move 1118 915
114.674 move 1107 915
114.682 move 1096 915
114.69 move 1084 915
114.698 move 1071 915
114.706 move 1058 916
114.714 move 1045 916
114.722 move 1033 917
114.73 move 1020 918
114.739 move 1009 919
114.746 move 997 920
114.754 move 987 921
114.762 move 979 921
114.77 move 973 921
114.778 move 967 922
114.786 move 963 922
114.794 move 960 922
114.802 move 957 922
114.81 move 955 922
114.818 move 953 922
114.826 move 952 922
114.842 move 951 922
114.858 move 950 922
115.49 click 4.42228 1.4483871
116.17 move 950 923
116.178 move 951 924
117.466 enter
118.938 select rapidly 1
120.689 start 4.0 1.0
120.694 move 866 852
120.698 move 861 852
120.705 move 851 852
120.713 move 838 852
120.721 move 826 852
120.729 move 814 852
120.737 move 803 852
120.745 move 793 852
120.753 move 785 853
120.761 move 780 853
120.769 move 776 853
120.777 move 772 853
120.785 move 768 853
120.793 move 765 853
120.801 move 761 853
120.809 move 758 853
120.817 move 754 853
120.825 move 750 853
120.833 move 744 853
120.841 move 739 853
120.849 move 734 853
120.857 move 729 853
120.865 move 725 853
120.873 move 721 853
120.881 move 718 853
120.89 move 716 853
120.897 move 713 853
120.905 move 711 853
120.913 move 709 853
120.921 move 706 853
120.929 move 704 853
120.937 move 702 853
120.945 move 699 853
120.953 move 697 853
120.961 move 695 853
120.969 move 693 853
120.977 move 691 853
120.985 move 690 853
120.993 move 689 853
121.658 click 3.0699482 1.0032258
122.369 move 691 853
122.377 move 695 853
122.385 move 703 853
122.393 move 714 853
122.401 move 727 852
122.409 move 739 850
122.417 move 751 847
122.425 move 761 845
122.433 move 772 844
122.441 move 783 843
122.449 move 794 843
122.457 move 807 843
122.465 move 821 843
122.473 move 835 843
122.481 move 850 843
122.489 move 866 842
122.497 move 881 842
122.505 move 895 842
122.513 move 911 842
122.521 move 926 842
122.529 move 942 842
122.537 move 959 842
122.545 move 975 842
122.553 move 991 842
122.561 move 1007 842
122.569 move 1022 841
122.577 move 1037 841
122.585 move 1050 841
122.594 move 1062 841
122.601 move 1072 841
122.609 move 1083 841
122.617 move 1093 840
122.625 move 1103 839
122.633 move 1112 837
122.641 move 1120 834
122.649 move 1129 832
122.657 move 1137 830
122.665 move 1144 827
122.673 move 1151 826
122.681 move 1157 824
122.689 move 1162 823
122.697 move 1166 823
122.705 move 1171 823
122.713 move 1174 823
122.721 move 1177 823
122.729 move 1180 823
122.737 move 1182 823
122.745 move 1184 823
122.753 move 1186 823
122.761 move 1187 823
122.769 move 1188 823
122.777 move 1189 823
122.785 move 1190 823
123.913 click 5.665803 0.80967736
124.402 click 5.665803 0.80967736
125.225 click 5.665803 0.80967736
125.834 click 5.665803 0.80967736
127.017 move 1187 825
127.025 move 1187 824
127.801 click 5.650259 0.8161291
128.69 move 1186 824
128.698 move 1184 824
128.706 move 1180 824
128.714 move 1175 824
128.722 move 1169 823
128.73 move 1164 822
128.738 move 1159 821
128.746 move 1156 820
128.754 move 1153 819
128.762 move 1150 819
128.77 move 1148 819
128.778 move 1144 819
128.786 move 1141 819
128.793 move 1135 819
128.802 move 1129 819
128.81 move 1121 820
128.818 move 1113 821
128.826 move 1106 823
128.834 move 1097 825
128.842 move 1090 827
128.849 move 1084 827
128.858 move 1078 829
128.866 move 1073 829
128.874 move 1069 830
128.882 move 1065 830
128.89 move 1060 831
128.897 move 1055 831
128.906 move 1050 832
128.914 move 1045 833
128.922 move 1039 834
128.93 move 1033 835
128.938 move 1028 837
128.946 move 1023 839
128.954 move 1019 841
128.962 move 1016 842
128.97 move 1013 843
128.978 move 1010 845
128.986 move 1008 846
128.994 move 1007 846
129.002 move 1006 847
129.665 click 4.7124352 0.96451616
130.873 enter
131.857 select running 1
134.546 start 4.0 1.0
134.549 move 867 852
134.553 move 865 852
134.562 move 861 852
134.57 move 858 852
134.578 move 853 852
134.586 move 849 852
134.594 move 846 852
134.602 move 842 852
134.61 move 840 852
134.618 move 837 852
134.626 move 835 852
134.634 move 832 852
134.641 move 829 852
134.65 move 825 852
134.658 move 822 852
134.666 move 817 852
134.673 move 811 852
134.681 move 806 852
134.689 move 799 852
134.697 move 792 852
134.705 move 785 852
134.713 move 777 852
134.721 move 769 852
134.729 move 760 852
134.737 move 750 852
134.745 move 740 852
134.753 move 731 852
134.761 move 721 852
134.769 move 712 852
134.777 move 704 852
134.785 move 695 852
134.793 move 688 852
134.801 move 680 852
134.809 move 674 852
134.817 move 668 852
134.825 move 662 852
134.833 move 655 852
134.841 move 647 851
134.849 move 639 849
134.857 move 630 848
134.865 move 620 846
134.873 move 610 844
134.881 move 601 841
134.889 move 591 839
134.897 move 583 836
134.906 move 574 834
134.913 move 567 832
134.921 move 560 830
134.929 move 552 829
134.937 move 545 828
134.945 move 538 827
134.953 move 531 826
134.961 move 523 826
134.969 move 517 826
134.977 move 510 826
134.985 move 503 826
134.993 move 497 826
135.001 move 492 826
135.009 move 486 826
135.017 move 481 826
135.025 move 478 826
135.033 move 474 826
135.041 move 471 826
135.05 move 469 826
135.057 move 467 826
135.065 move 465 826
135.073 move 464 826
135.089 move 463 826
135.097 move 462 826
135.754 move 460 826
135.762 move 457 826
135.77 move 454 826
135.778 move 449 826
135.786 move 444 826
135.794 move 439 826
135.802 move 435 826
135.81 move 431 826
135.818 move 427 826
135.826 move 424 826
135.834 move 420 826
135.842 move 414 826
135.85 move 407 827
135.858 move 401 827
135.866 move 395 827
135.874 move 389 827
135.882 move 384 827
135.89 move 379 827
135.898 move 374 827
135.906 move 369 826
135.914 move 363 826
135.922 move 355 826
135.93 move 346 826
135.938 move 337 826
135.946 move 327 826
135.953 move 318 826
135.962 move 309 826
135.97 move 301 826
135.977 move 295 826
135.985 move 289 826
135.993 move 284 826
136.001 move 278 826
136.009 move 273 826
136.017 move 267 826
136.025 move 262 826
136.033 move 256 826
136.041 move 251 826
136.049 move 246 826
136.058 move 242 826
136.065 move 238 827
136.073 move 234 828
136.081 move 231 828
136.089 move 228 829
136.098 move 225 830
136.105 move 223 830
136.113 move 222 831
136.121 move 220 831
136.129 move 219 831
136.137 move 218 831
136.145 move 217 831
136.169 move 216 831
136.793 click 0.619171 0.86129034
137.465 move 217 831
137.473 move 221 831
137.481 move 227 830
137.489 move 236 827
137.497 move 246 824
137.525 move 274 817
137.529 move 283 816
137.537 move 292 815
137.545 move 302 815
137.553 move 311 815
137.561 move 321 814
137.569 move 332 814
137.577 move 343 814
137.585 move 354 814
137.594 move 366 814
137.601 move 378 814
137.609 move 390 814
137.617 move 402 814
137.626 move 414 814
137.633 move 426 814
137.641 move 438 814
137.649 move 450 814
137.657 move 461 813
137.665 move 473 813
137.673 move 484 813
137.681 move 494 813
137.689 move 505 813
137.697 move 516 813
137.705 move 526 813
137.713 move 535 812
137.721 move 545 812
137.729 move 552 812
137.737 move 560 812
137.745 move 568 812
137.753 move 576 812
137.761 move 582 812
137.769 move 589 812
137.777 move 596 811
137.785 move 602 811
137.793 move 608 811
137.801 move 615 811
137.809 move 622 811
137.817 move 629 811
137.825 move 638 811
137.833 move 646 811
137.842 move 654 811
137.849 move 662 810
137.857 move 669 809
137.865 move 676 809
137.874 move 682 809
137.881 move 686 809
137.889 move 690 809
137.897 move 693 809
137.905 move 696 809
137.913 move 698 809
137.921 move 701 809
137.929 move 702 809
137.937 move 704 809
137.945 move 706 809
137.953 move 708 809
137.961 move 710 809
137.969 move 712 809
137.977 move 715 809
137.985 move 718 808
137.993 move 721 808
138.001 move 725 808
138.009 move 729 808
138.017 move 733 808
138.025 move 737 808
138.033 move 741 808
138.041 move 745 808
138.049 move 749 808
138.057 move 752 808
138.065 move 755 808
138.073 move 757 808
138.081 move 760 808
138.089 move 761 808
138.097 move 763 808
138.105 move 764 808
138.121 move 765 808
138.665 move 767 808
138.673 move 770 808
138.681 move 774 808
138.69 move 780 808
138.698 move 789 808
138.705 move 797 807
138.713 move 806 807
138.721 move 816 806
138.729 move 824 806
138.737 move 831 806
138.745 move 836 806
138.753 move 843 806
138.761 move 849 806
138.769 move 857 806
138.777 move 864 806
138.785 move 873 806
138.793 move 881 806
138.801 move 890 806
138.809 move 899 806
138.817 move 908 806
138.825 move 917 806
138.833 move 925 806
138.841 move 932 806
138.849 move 937 806
138.857 move 944 807
138.865 move 949 807
138.873 move 952 807
138.881 move 956 808
138.889 move 959 808
138.897 move 961 808
138.906 move 963 808
138.913 move 965 808
138.921 move 967 808
138.929 move 968 808
138.937 move 968 809
138.945 move 969 809
139.762 click 4.5207253 0.71935487
140.209 move 970 809
140.217 move 970 810
140.225 move 973 811
140.233 move 975 813
140.241 move 976 815
140.249 move 978 816
140.257 move 980 818
140.265 move 982 819
140.273 move 985 821
140.281 move 987 822
140.289 move 991 824
140.297 move 995 825
140.305 move 1000 827
140.313 move 1006 828
140.321 move 1011 829
140.329 move 1018 831
140.337 move 1024 831
140.345 move 1031 831
140.353 move 1038 831
140.361 move 1045 831
140.369 move 1052 831
140.377 move 1060 831
140.385 move 1069 831
140.393 move 1079 831
140.401 move 1088 831
140.409 move 1098 831
140.417 move 1109 831
140.426 move 1120 831
140.433 move 1131 831
140.441 move 1142 831
140.449 move 1153 831
140.457 move 1164 831
140.465 move 1174 831
140.473 move 1185 831
140.481 move 1195 831
140.489 move 1206 831
140.497 move 1218 830
140.505 move 1231 829
140.513 move 1243 826
140.521 move 1255 824
140.53 move 1266 822
140.537 move 1277 820
140.545 move 1288 818
140.553 move 1299 817
140.561 move 1308 816
140.569 move 1316 815
140.577 move 1323 814
140.585 move 1330 812
140.593 move 1336 810
140.601 move 1342 808
140.609 move 1348 806
140.617 move 1354 804
140.625 move 1360 802
140.633 move 1366 800
140.641 move 1372 799
140.649 move 1377 798
140.657 move 1383 797
140.665 move 1388 797
140.673 move 1394 797
140.681 move 1398 797
140.689 move 1404 797
140.697 move 1409 797
140.705 move 1414 797
140.713 move 1418 797
140.721 move 1423 797
140.729 move 1428 797
140.737 move 1433 796
140.745 move 1439 796
140.753 move 1444 794
140.761 move 1450 794
140.769 move 1455 793
140.777 move 1461 791
140.785 move 1467 789
140.793 move 1472 788
140.801 move 1477 787
140.809 move 1482 787
140.817 move 1485 787
140.825 move 1489 787
140.833 move 1492 787
140.842 move 1495 787
140.85 move 1498 787
140.858 move 1501 786
140.866 move 1504 786
140.874 move 1506 786
140.882 move 1508 786
140.89 move 1509 786
140.898 move 1511 786
140.906 move 1512 786
140.914 move 1513 786
140.93 move 1514 786
141.489 move 1513 786
141.497 move 1512 786
141.505 move 1511 786
141.513 move 1510 786
141.601 move 1511 786
141.609 move 1513 786
141.617 move 1516 786
141.625 move 1519 786
141.633 move 1522 786
141.641 move 1525 786
141.649 move 1528 786
141.657 move 1531 786
141.665 move 1535 786
141.673 move 1540 786
141.681 move 1546 786
141.689 move 1553 786
141.697 move 1561 786
141.705 move 1569 786
141.713 move 1577 786
141.721 move 1584 785
141.729 move 1589 785
141.737 move 1595 785
141.745 move 1601 784
141.753 move 1606 784
141.761 move 1612 782
141.769 move 1618 782
141.777 move 1625 781
141.785 move 1632 780
141.793 move 1639 779
141.801 move 1646 779
141.809 move 1651 778
141.817 move 1657 777
141.825 move 1661 777
141.833 move 1665 777
141.841 move 1668 776
141.849 move 1671 776
141.857 move 1674 775
141.865 move 1676 775
141.873 move 1679 775
141.881 move 1680 775
141.89 move 1682 775
141.897 move 1683 775
141.905 move 1684 775
141.913 move 1685 775
142.626 click 8.23057 0.5
143.289 move 1684 775
143.297 move 1680 774
143.305 move 1674 774
143.314 move 1665 774
143.321 move 1656 774
143.329 move 1647 774
143.337 move 1640 774
143.345 move 1634 774
143.353 move 1627 774
143.362 move 1620 774
143.369 move 1610 774
143.377 move 1598 775
143.385 move 1587 775
143.393 move 1574 776
143.401 move 1561 778
143.409 move 1547 779
143.417 move 1535 780
143.425 move 1523 780
143.433 move 1512 780
143.441 move 1502 780
143.449 move 1492 778
143.457 move 1482 776
143.465 move 1472 774
143.473 move 1460 773
143.481 move 1447 772
143.489 move 1434 771
143.497 move 1418 771
143.505 move 1403 770
143.513 move 1386 770
143.521 move 1369 770
143.529 move 1351 770
143.537 move 1334 770
143.545 move 1317 770
143.553 move 1300 770
143.561 move 1284 770
143.569 move 1268 770
143.577 move 1252 771
143.585 move 1238 772
143.593 move 1223 774
143.601 move 1210 775
143.609 move 1197 777
143.617 move 1184 778
143.625 move 1172 778
143.633 move 1161 779
143.641 move 1150 780
143.649 move 1139 780
143.657 move 1128 780
143.665 move 1117 780
143.673 move 1108 780
143.682 move 1098 781
143.69 move 1089 781
143.698 move 1081 781
143.706 move 1074 781
143.714 move 1067 781
143.722 move 1060 781
143.73 move 1054 781
143.738 move 1048 781
143.746 move 1043 781
143.754 move 1037 781
143.762 move 1032 781
143.77 move 1028 781
143.778 move 1025 781
143.786 move 1021 781
143.794 move 1018 781
143.802 move 1014 781
143.81 move 1011 781
143.819 move 1009 781
143.826 move 1006 781
143.834 move 1004 781
143.843 move 1002 781
143.85 move 1001 781
143.858 move 999 781
143.866 move 998 781
143.874 move 997 781
143.89 move 996 781
144.289 move 995 781
144.297 move 994 781
144.305 move 992 781
144.313 move 988 781
144.321 move 984 781
144.329 move 979 781
144.337 move 975 781
144.345 move 971 781
144.353 move 967 781
144.361 move 964 781
144.369 move 961 781
144.377 move 958 781
144.385 move 954 781
144.393 move 949 781
144.401 move 941 781
144.409 move 934 782
144.417 move 924 782
144.425 move 915 782
144.433 move 906 782
144.441 move 897 782
144.449 move 888 782
144.457 move 878 782
144.465 move 867 782
144.473 move 855 783
144.481 move 843 783
144.489 move 830 783
144.497 move 817 783
144.505 move 805 783
144.513 move 792 783
144.521 move 778 783
144.53 move 765 783
144.537 move 752 783
144.545 move 740 783
144.553 move 729 783
144.561 move 719 783
144.569 move 709 783
144.577 move 702 783
144.585 move 696 783
144.593 move 691 783
144.601 move 687 783
144.609 move 684 783
144.617 move 681 783
144.625 move 678 783
144.633 move 676 783
144.641 move 673 783
144.649 move 671 783
144.657 move 669 783
144.665 move 668 783
144.673 move 666 783
144.681 move 665 783
144.689 move 664 783
144.705 move 663 783
145.314 click 2.935233 0.55161285
145.729 move 666 783
145.737 move 671 783
145.745 move 682 783
145.753 move 691 783
145.761 move 701 783
145.769 move 708 783
145.777 move 716 783
145.785 move 721 783
145.793 move 728 784
145.801 move 734 785
145.809 move 741 786
145.817 move 749 787
145.825 move 757 789
145.833 move 766 790
145.841 move 775 790
145.849 move 782 791
145.857 move 791 791
145.865 move 798 791
145.873 move 804 791
145.881 move 810 791
145.889 move 816 791
145.897 move 821 791
145.906 move 827 791
145.913 move 833 791
145.921 move 837 791
145.929 move 842 791
145.937 move 847 791
145.945 move 850 791
145.954 move 854 791
145.961 move 857 791
145.969 move 859 791
145.977 move 862 791
145.985 move 865 790
145.993 move 868 790
146.001 move 871 790
146.009 move 875 790
146.017 move 880 790
146.025 move 885 790
146.033 move 890 789
146.041 move 895 789
146.049 move 899 789
146.057 move 902 789
146.065 move 905 789
146.073 move 907 789
146.081 move 908 789
146.089 move 909 789
146.114 move 910 789
146.706 click 4.215026 0.5903226
147.914 enter
149.946 left
150.945 select short 2
152.777 start 4.0 1.0
152.781 move 871 852
152.785 move 876 852
152.793 move 884 852
152.801 move 895 852
152.809 move 905 852
152.817 move 916 852
152.825 move 924 852
152.833 move 932 852
152.843 move 938 853
152.849 move 946 855
152.857 move 955 857
152.865 move 965 859
152.873 move 976 862
152.881 move 988 865
152.889 move 1000 867
152.897 move 1013 870
152.906 move 1026 874
152.913 move 1039 877
152.921 move 1050 880
152.929 move 1063 881
152.937 move 1074 882
152.945 move 1087 883
152.954 move 1100 883
152.961 move 1113 883
152.969 move 1127 883
152.977 move 1142 883
152.986 move 1157 883
152.993 move 1172 883
153.001 move 1186 882
153.009 move 1199 882
153.017 move 1210 881
153.025 move 1222 880
153.033 move 1234 879
153.041 move 1243 878
153.049 move 1253 877
153.057 move 1261 876
153.065 move 1269 876
153.073 move 1276 875
153.081 move 1283 875
153.089 move 1290 874
153.097 move 1296 874
153.105 move 1302 874
153.114 move 1308 874
153.121 move 1312 874
153.129 move 1317 874
153.137 move 1321 874
153.145 move 1325 874
153.153 move 1328 874
153.161 move 1332 874
153.169 move 1335 874
153.177 move 1338 874
153.185 move 1340 874
153.193 move 1342 874
153.201 move 1344 874
153.209 move 1346 874
153.218 move 1347 874
153.225 move 1348 874
153.233 move 1349 874
153.241 move 1350 874
153.265 move 1351 874
153.746 move 1353 874
153.754 move 1356 874
153.762 move 1359 874
153.77 move 1364 874
153.778 move 1367 874
153.786 move 1371 873
153.794 move 1375 873
153.802 move 1378 873
153.81 move 1383 873
153.818 move 1388 873
153.826 move 1395 873
153.833 move 1405 873
153.841 move 1416 873
153.849 move 1427 873
153.858 move 1439 873
153.865 move 1450 873
153.874 move 1463 873
153.881 move 1473 874
153.889 move 1484 875
153.897 move 1494 876
153.905 move 1504 877
153.913 move 1514 877
153.921 move 1524 878
153.929 move 1535 878
153.937 move 1546 878
153.945 move 1557 878
153.953 move 1568 878
153.961 move 1580 878
153.969 move 1591 878
153.977 move 1604 877
153.986 move 1615 877
153.993 move 1628 876
154.001 move 1639 876
154.009 move 1650 875
154.017 move 1661 874
154.025 move 1671 874
154.033 move 1681 874
154.041 move 1692 874
154.049 move 1703 874
154.057 move 1715 874
154.065 move 1727 874
154.073 move 1738 874
154.081 move 1749 874
154.089 move 1760 874
154.097 move 1768 875
154.105 move 1775 876
154.113 move 1781 876
154.121 move 1784 876
154.129 move 1787 877
154.137 move 1789 878
154.145 move 1791 879
154.153 move 1792 879
154.169 move 1793 879
154.914 click 8.790155 1.1709677
155.601 move 1791 880
155.609 move 1787 881
155.617 move 1779 883
155.625 move 1770 887
155.633 move 1759 890
155.641 move 1750 894
155.649 move 1741 897
155.657 move 1734 900
155.665 move 1727 902
155.673 move 1720 905
155.681 move 1712 909
155.689 move 1702 912
155.697 move 1692 916
155.705 move 1682 920
155.713 move 1671 924
155.721 move 1663 927
155.729 move 1655 929
155.737 move 1647 930
155.745 move 1641 930
155.754 move 1633 930
155.761 move 1626 930
155.769 move 1618 930
155.777 move 1608 930
155.785 move 1597 930
155.793 move 1586 930
155.802 move 1575 931
155.809 move 1564 931
155.817 move 1553 931
155.825 move 1543 931
155.833 move 1532 931
155.842 move 1523 931
155.849 move 1515 931
155.857 move 1507 931
155.865 move 1499 930
155.873 move 1491 929
155.881 move 1485 928
155.889 move 1478 926
155.897 move 1472 924
155.905 move 1466 923
155.913 move 1460 922
155.921 move 1455 921
155.929 move 1450 920
155.937 move 1447 920
155.946 move 1443 920
155.953 move 1439 920
155.961 move 1436 920
155.969 move 1433 920
155.977 move 1430 920
155.985 move 1427 920
155.993 move 1424 920
156.001 move 1422 920
156.009 move 1420 920
156.017 move 1418 920
156.025 move 1417 920
156.033 move 1415 920
156.041 move 1414 920
156.049 move 1413 920
156.065 move 1412 920
156.578 click 6.816062 1.4354838
157.433 enter
158.273 select on 1
160.194 start 4.0 1.0
160.198 move 867 852
160.202 move 863 852
160.209 move 856 852
160.217 move 846 852
160.225 move 833 852
160.233 move 819 852
160.241 move 806 852
160.249 move 793 852
160.257 move 781 852
160.266 move 767 852
160.273 move 751 852
160.282 move 735 852
160.29 move 716 852
160.298 move 696 852
160.306 move 674 853
160.314 move 650 853
160.322 move 626 854
160.33 move 601 854
160.338 move 576 855
160.346 move 553 855
160.354 move 530 855
160.362 move 507 856
160.37 move 487 856
160.378 move 468 856
160.386 move 449 856
160.394 move 431 857
160.402 move 413 857
160.41 move 397 857
160.418 move 380 857
160.426 move 364 857
160.434 move 347 857
160.442 move 333 857
160.45 move 318 857
160.458 move 304 857
160.466 move 290 857
160.474 move 278 857
160.482 move 266 857
160.49 move 253 857
160.498 move 242 857
160.506 move 230 857
160.514 move 219 857
160.522 move 208 857
160.53 move 198 857
160.538 move 187 857
160.546 move 177 857
160.554 move 168 857
160.562 move 159 857
160.57 move 151 857
160.578 move 142 858
160.586 move 136 858
160.594 move 130 858
160.602 move 124 858
160.61 move 118 858
160.617 move 113 858
160.626 move 108 858
160.634 move 105 858
160.641 move 101 858
160.65 move 98 858
160.658 move 95 858
160.666 move 92 858
160.673 move 89 858
160.682 move 87 858
160.69 move 85 858
160.698 move 83 858
160.705 move 82 858
160.722 move 81 858
161.361 click -0.08031088 1.0354838
161.97 move 82 858
161.978 move 85 858
161.986 move 91 858
161.994 move 101 857
162.002 move 112 855
162.01 move 124 853
162.018 move 132 852
162.026 move 139 852
162.034 move 146 852
162.042 move 155 852
162.05 move 165 852
162.058 move 178 853
162.066 move 194 855
162.074 move 215 856
162.082 move 239 859
162.09 move 265 862
162.098 move 296 865
162.106 move 328 867
162.114 move 366 871
162.122 move 403 874
162.13 move 442 877
162.138 move 482 880
162.146 move 522 881
162.154 move 562 882
162.162 move 601 882
162.17 move 640 882
162.178 move 681 882
162.186 move 718 882
162.194 move 754 882
162.202 move 791 882
162.21 move 829 882
162.218 move 865 882
162.226 move 901 882
162.234 move 937 882
162.241 move 971 882
162.25 move 1005 882
162.258 move 1040 882
162.265 move 1071 882
162.273 move 1103 882
162.282 move 1135 882
162.289 move 1166 882
162.298 move 1197 882
162.305 move 1226 882
162.313 move 1256 882
162.321 move 1285 882
162.329 move 1314 882
162.337 move 1343 882
162.345 move 1372 882
162.353 move 1399 882
162.361 move 1426 882
162.369 move 1452 882
162.377 move 1478 882
162.385 move 1504 882
162.393 move 1529 882
162.401 move 1553 881
162.411 move 1577 881
162.418 move 1602 881
162.425 move 1626 881
162.433 move 1649 881
162.441 move 1673 881
162.449 move 1696 881
162.457 move 1718 880
162.465 move 1741 880
162.473 move 1762 880
162.481 move 1783 880
162.489 move 1804 879
162.497 move 1824 879
162.505 move 1843 879
162.513 move 1862 879
162.521 move 1880 879
162.529 move 1898 879
162.537 move 1914 879
162.545 move 1919 879
162.569 move 1919 878
162.681 move 1919 877
162.905 move 1918 877
162.913 move 1915 877
162.921 move 1910 877
162.929 move 1902 877
162.937 move 1893 878
162.945 move 1885 880
162.953 move 1876 882
162.961 move 1870 885
162.969 move 1866 887
162.977 move 1861 889
162.985 move 1858 890
162.993 move 1854 892
163.001 move 1849 894
163.009 move 1843 896
163.017 move 1838 897
163.025 move 1831 899
163.033 move 1826 900
163.041 move 1820 900
163.049 move 1815 901
163.057 move 1811 901
163.065 move 1808 901
163.073 move 1805 901
163.081 move 1802 901
163.09 move 1800 901
163.097 move 1798 901
163.106 move 1797 901
163.114 move 1796 901
163.122 move 1795 900
163.202 move 1795 899
163.218 move 1795 898
163.226 move 1795 896
163.234 move 1795 895
163.258 move 1795 894
164.481 click 8.800518 1.2677419
165.265 move 1793 894
165.273 move 1789 894
165.281 move 1780 894
165.289 move 1770 894
165.297 move 1758 894
165.305 move 1748 894
165.313 move 1739 894
165.321 move 1731 894
165.329 move 1721 894
165.337 move 1710 894
165.345 move 1698 894
165.353 move 1684 894
165.361 move 1667 894
165.369 move 1649 895
165.377 move 1629 897
165.385 move 1611 899
165.393 move 1592 901
165.401 move 1573 902
165.409 move 1555 904
165.417 move 1538 906
165.425 move 1521 907
165.433 move 1505 908
165.441 move 1488 909
165.449 move 1475 910
165.457 move 1463 910
165.465 move 1451 910
165.504 move 1413 910
165.508 move 1406 910
165.514 move 1398 910
165.521 move 1391 910
165.529 move 1385 910
165.537 move 1379 910
165.545 move 1374 910
165.553 move 1369 910
165.561 move 1365 910
165.569 move 1362 910
165.577 move 1359 910
165.586 move 1357 910
165.594 move 1355 910
165.601 move 1353 910
165.609 move 1352 910
165.617 move 1351 910
165.625 move 1350 910
166.066 move 1349 910
166.074 move 1347 910
166.082 move 1342 910
166.09 move 1333 911
166.098 move 1321 913
166.106 move 1308 915
166.114 move 1297 917
166.122 move 1285 920
166.13 move 1273 924
166.138 move 1261 927
166.146 move 1250 929
166.154 move 1236 932
166.162 move 1222 934
166.17 move 1206 935
166.178 move 1190 937
166.186 move 1173 937
166.194 move 1157 938
166.202 move 1140 938
166.21 move 1123 938
166.218 move 1108 936
166.225 move 1092 935
166.234 move 1076 934
166.242 move 1061 934
166.25 move 1047 933
166.258 move 1035 933
166.266 move 1024 933
166.274 move 1014 933
166.282 move 1005 932
166.29 move 997 931
166.298 move 990 931
166.306 move 984 931
166.314 move 978 931
166.322 move 973 931
166.33 move 968 931
166.337 move 964 931
166.346 move 960 931
166.353 move 957 931
166.361 move 953 931
166.37 move 950 931
166.377 move 947 931
166.385 move 944 931
166.393 move 942 931
166.401 move 939 931
166.409 move 937 931
166.417 move 935 931
166.425 move 934 931
166.433 move 932 931
166.441 move 931 931
166.449 move 930 931
166.457 move 929 931
166.465 move 928 931
166.697 move 927 931
167.073 move 925 930
167.081 move 920 928
167.089 move 910 924
167.097 move 898 921
167.105 move 887 917
167.113 move 877 915
167.121 move 871 915
167.129 move 866 915
167.137 move 862 915
167.145 move 859 915
167.153 move 854 916
167.161 move 847 917
167.169 move 837 919
167.177 move 825 922
167.185 move 814 924
167.193 move 802 926
167.201 move 790 927
167.209 move 778 928
167.217 move 768 928
167.225 move 758 928
167.233 move 750 928
167.241 move 741 928
167.249 move 733 928
167.258 move 725 928
167.267 move 716 928
167.274 move 708 928
167.282 move 700 928
167.29 move 692 928
167.298 move 685 928
167.306 move 679 928
167.314 move 673 928
167.322 move 669 927
167.33 move 664 925
167.338 move 661 923
167.346 move 659 922
167.354 move 657 919
167.362 move 656 917
167.37 move 654 915
167.378 move 653 913
167.386 move 652 911
167.394 move 651 910
167.402 move 651 909
167.41 move 650 908
168.393 click 2.8678756 1.3580645
168.842 click 2.8678756 1.3580645
169.465 move 648 908
169.473 move 645 908
169.481 move 640 909
169.489 move 633 911
169.497 move 625 913
169.505 move 616 915
169.513 move 607 917
169.521 move 599 918
169.529 move 592 919
169.537 move 586 919
169.545 move 579 919
169.553 move 574 920
169.562 move 567 920
169.569 move 561 921
169.577 move 554 921
169.585 move 546 921
169.594 move 538 921
169.601 move 529 922
169.609 move 520 922
169.617 move 510 922
169.625 move 500 922
169.633 move 489 922
169.641 move 477 922
169.649 move 467 922
169.657 move 456 922
169.665 move 447 923
169.673 move 438 923
169.681 move 432 923
169.689 move 427 923
169.697 move 422 923
169.705 move 418 923
169.713 move 415 923
169.721 move 412 923
169.729 move 409 923
169.737 move 407 922
169.745 move 405 921
169.753 move 403 920
169.761 move 401 919
169.769 move 399 918
169.777 move 397 918
169.785 move 395 917
169.793 move 394 917
169.801 move 392 916
169.809 move 391 916
169.817 move 389 916
169.825 move 388 916
169.833 move 386 916
169.841 move 385 916
169.849 move 384 916
169.857 move 383 916
169.873 move 382 916
170.641 click 1.4792746 1.4096774
171.649 enter
172.449 select words 1
174.668 phrase 
